8 8 8 1
#l1 l2 l3 k atom_id
0 0 0 0 1
1 0 0 0 2
2 0 0 0 3
3 0 0 0 4
4 0 0 0 5
5 0 0 0 6
6 0 0 0 7
7 0 0 0 8
0 1 0 0 9
1 1 0 0 10
2 1 0 0 11
3 1 0 0 12
4 1 0 0 13
5 1 0 0 14
6 1 0 0 15
7 1 0 0 16
0 2 0 0 17
1 2 0 0 18
2 2 0 0 19
3 2 0 0 20
4 2 0 0 21
5 2 0 0 22
6 2 0 0 23
7 2 0 0 24
0 3 0 0 25
1 3 0 0 26
2 3 0 0 27
3 3 0 0 28
4 3 0 0 29
5 3 0 0 30
6 3 0 0 31
7 3 0 0 32
0 4 0 0 33
1 4 0 0 34
2 4 0 0 35
3 4 0 0 36
4 4 0 0 37
5 4 0 0 38
6 4 0 0 39
7 4 0 0 40
0 5 0 0 41
1 5 0 0 42
2 5 0 0 43
3 5 0 0 44
4 5 0 0 45
5 5 0 0 46
6 5 0 0 47
7 5 0 0 48
0 6 0 0 49
1 6 0 0 50
2 6 0 0 51
3 6 0 0 52
4 6 0 0 53
5 6 0 0 54
6 6 0 0 55
7 6 0 0 56
0 7 0 0 57
1 7 0 0 58
2 7 0 0 59
3 7 0 0 60
4 7 0 0 61
5 7 0 0 62
6 7 0 0 63
7 7 0 0 64
0 0 1 0 65
1 0 1 0 66
2 0 1 0 67
3 0 1 0 68
4 0 1 0 69
5 0 1 0 70
6 0 1 0 71
7 0 1 0 72
0 1 1 0 73
1 1 1 0 74
2 1 1 0 75
3 1 1 0 76
4 1 1 0 77
5 1 1 0 78
6 1 1 0 79
7 1 1 0 80
0 2 1 0 81
1 2 1 0 82
2 2 1 0 83
3 2 1 0 84
4 2 1 0 85
5 2 1 0 86
6 2 1 0 87
7 2 1 0 88
0 3 1 0 89
1 3 1 0 90
2 3 1 0 91
3 3 1 0 92
4 3 1 0 93
5 3 1 0 94
6 3 1 0 95
7 3 1 0 96
0 4 1 0 97
1 4 1 0 98
2 4 1 0 99
3 4 1 0 100
4 4 1 0 101
5 4 1 0 102
6 4 1 0 103
7 4 1 0 104
0 5 1 0 105
1 5 1 0 106
2 5 1 0 107
3 5 1 0 108
4 5 1 0 109
5 5 1 0 110
6 5 1 0 111
7 5 1 0 112
0 6 1 0 113
1 6 1 0 114
2 6 1 0 115
3 6 1 0 116
4 6 1 0 117
5 6 1 0 118
6 6 1 0 119
7 6 1 0 120
0 7 1 0 121
1 7 1 0 122
2 7 1 0 123
3 7 1 0 124
4 7 1 0 125
5 7 1 0 126
6 7 1 0 127
7 7 1 0 128
0 0 2 0 129
1 0 2 0 130
2 0 2 0 131
3 0 2 0 132
4 0 2 0 133
5 0 2 0 134
6 0 2 0 135
7 0 2 0 136
0 1 2 0 137
1 1 2 0 138
2 1 2 0 139
3 1 2 0 140
4 1 2 0 141
5 1 2 0 142
6 1 2 0 143
7 1 2 0 144
0 2 2 0 145
1 2 2 0 146
2 2 2 0 147
3 2 2 0 148
4 2 2 0 149
5 2 2 0 150
6 2 2 0 151
7 2 2 0 152
0 3 2 0 153
1 3 2 0 154
2 3 2 0 155
3 3 2 0 156
4 3 2 0 157
5 3 2 0 158
6 3 2 0 159
7 3 2 0 160
0 4 2 0 161
1 4 2 0 162
2 4 2 0 163
3 4 2 0 164
4 4 2 0 165
5 4 2 0 166
6 4 2 0 167
7 4 2 0 168
0 5 2 0 169
1 5 2 0 170
2 5 2 0 171
3 5 2 0 172
4 5 2 0 173
5 5 2 0 174
6 5 2 0 175
7 5 2 0 176
0 6 2 0 177
1 6 2 0 178
2 6 2 0 179
3 6 2 0 180
4 6 2 0 181
5 6 2 0 182
6 6 2 0 183
7 6 2 0 184
0 7 2 0 185
1 7 2 0 186
2 7 2 0 187
3 7 2 0 188
4 7 2 0 189
5 7 2 0 190
6 7 2 0 191
7 7 2 0 192
0 0 3 0 193
1 0 3 0 194
2 0 3 0 195
3 0 3 0 196
4 0 3 0 197
5 0 3 0 198
6 0 3 0 199
7 0 3 0 200
0 1 3 0 201
1 1 3 0 202
2 1 3 0 203
3 1 3 0 204
4 1 3 0 205
5 1 3 0 206
6 1 3 0 207
7 1 3 0 208
0 2 3 0 209
1 2 3 0 210
2 2 3 0 211
3 2 3 0 212
4 2 3 0 213
5 2 3 0 214
6 2 3 0 215
7 2 3 0 216
0 3 3 0 217
1 3 3 0 218
2 3 3 0 219
3 3 3 0 220
4 3 3 0 221
5 3 3 0 222
6 3 3 0 223
7 3 3 0 224
0 4 3 0 225
1 4 3 0 226
2 4 3 0 227
3 4 3 0 228
4 4 3 0 229
5 4 3 0 230
6 4 3 0 231
7 4 3 0 232
0 5 3 0 233
1 5 3 0 234
2 5 3 0 235
3 5 3 0 236
4 5 3 0 237
5 5 3 0 238
6 5 3 0 239
7 5 3 0 240
0 6 3 0 241
1 6 3 0 242
2 6 3 0 243
3 6 3 0 244
4 6 3 0 245
5 6 3 0 246
6 6 3 0 247
7 6 3 0 248
0 7 3 0 249
1 7 3 0 250
2 7 3 0 251
3 7 3 0 252
4 7 3 0 253
5 7 3 0 254
6 7 3 0 255
7 7 3 0 256
0 0 4 0 257
1 0 4 0 258
2 0 4 0 259
3 0 4 0 260
4 0 4 0 261
5 0 4 0 262
6 0 4 0 263
7 0 4 0 264
0 1 4 0 265
1 1 4 0 266
2 1 4 0 267
3 1 4 0 268
4 1 4 0 269
5 1 4 0 270
6 1 4 0 271
7 1 4 0 272
0 2 4 0 273
1 2 4 0 274
2 2 4 0 275
3 2 4 0 276
4 2 4 0 277
5 2 4 0 278
6 2 4 0 279
7 2 4 0 280
0 3 4 0 281
1 3 4 0 282
2 3 4 0 283
3 3 4 0 284
4 3 4 0 285
5 3 4 0 286
6 3 4 0 287
7 3 4 0 288
0 4 4 0 289
1 4 4 0 290
2 4 4 0 291
3 4 4 0 292
4 4 4 0 293
5 4 4 0 294
6 4 4 0 295
7 4 4 0 296
0 5 4 0 297
1 5 4 0 298
2 5 4 0 299
3 5 4 0 300
4 5 4 0 301
5 5 4 0 302
6 5 4 0 303
7 5 4 0 304
0 6 4 0 305
1 6 4 0 306
2 6 4 0 307
3 6 4 0 308
4 6 4 0 309
5 6 4 0 310
6 6 4 0 311
7 6 4 0 312
0 7 4 0 313
1 7 4 0 314
2 7 4 0 315
3 7 4 0 316
4 7 4 0 317
5 7 4 0 318
6 7 4 0 319
7 7 4 0 320
0 0 5 0 321
1 0 5 0 322
2 0 5 0 323
3 0 5 0 324
4 0 5 0 325
5 0 5 0 326
6 0 5 0 327
7 0 5 0 328
0 1 5 0 329
1 1 5 0 330
2 1 5 0 331
3 1 5 0 332
4 1 5 0 333
5 1 5 0 334
6 1 5 0 335
7 1 5 0 336
0 2 5 0 337
1 2 5 0 338
2 2 5 0 339
3 2 5 0 340
4 2 5 0 341
5 2 5 0 342
6 2 5 0 343
7 2 5 0 344
0 3 5 0 345
1 3 5 0 346
2 3 5 0 347
3 3 5 0 348
4 3 5 0 349
5 3 5 0 350
6 3 5 0 351
7 3 5 0 352
0 4 5 0 353
1 4 5 0 354
2 4 5 0 355
3 4 5 0 356
4 4 5 0 357
5 4 5 0 358
6 4 5 0 359
7 4 5 0 360
0 5 5 0 361
1 5 5 0 362
2 5 5 0 363
3 5 5 0 364
4 5 5 0 365
5 5 5 0 366
6 5 5 0 367
7 5 5 0 368
0 6 5 0 369
1 6 5 0 370
2 6 5 0 371
3 6 5 0 372
4 6 5 0 373
5 6 5 0 374
6 6 5 0 375
7 6 5 0 376
0 7 5 0 377
1 7 5 0 378
2 7 5 0 379
3 7 5 0 380
4 7 5 0 381
5 7 5 0 382
6 7 5 0 383
7 7 5 0 384
0 0 6 0 385
1 0 6 0 386
2 0 6 0 387
3 0 6 0 388
4 0 6 0 389
5 0 6 0 390
6 0 6 0 391
7 0 6 0 392
0 1 6 0 393
1 1 6 0 394
2 1 6 0 395
3 1 6 0 396
4 1 6 0 397
5 1 6 0 398
6 1 6 0 399
7 1 6 0 400
0 2 6 0 401
1 2 6 0 402
2 2 6 0 403
3 2 6 0 404
4 2 6 0 405
5 2 6 0 406
6 2 6 0 407
7 2 6 0 408
0 3 6 0 409
1 3 6 0 410
2 3 6 0 411
3 3 6 0 412
4 3 6 0 413
5 3 6 0 414
6 3 6 0 415
7 3 6 0 416
0 4 6 0 417
1 4 6 0 418
2 4 6 0 419
3 4 6 0 420
4 4 6 0 421
5 4 6 0 422
6 4 6 0 423
7 4 6 0 424
0 5 6 0 425
1 5 6 0 426
2 5 6 0 427
3 5 6 0 428
4 5 6 0 429
5 5 6 0 430
6 5 6 0 431
7 5 6 0 432
0 6 6 0 433
1 6 6 0 434
2 6 6 0 435
3 6 6 0 436
4 6 6 0 437
5 6 6 0 438
6 6 6 0 439
7 6 6 0 440
0 7 6 0 441
1 7 6 0 442
2 7 6 0 443
3 7 6 0 444
4 7 6 0 445
5 7 6 0 446
6 7 6 0 447
7 7 6 0 448
0 0 7 0 449
1 0 7 0 450
2 0 7 0 451
3 0 7 0 452
4 0 7 0 453
5 0 7 0 454
6 0 7 0 455
7 0 7 0 456
0 1 7 0 457
1 1 7 0 458
2 1 7 0 459
3 1 7 0 460
4 1 7 0 461
5 1 7 0 462
6 1 7 0 463
7 1 7 0 464
0 2 7 0 465
1 2 7 0 466
2 2 7 0 467
3 2 7 0 468
4 2 7 0 469
5 2 7 0 470
6 2 7 0 471
7 2 7 0 472
0 3 7 0 473
1 3 7 0 474
2 3 7 0 475
3 3 7 0 476
4 3 7 0 477
5 3 7 0 478
6 3 7 0 479
7 3 7 0 480
0 4 7 0 481
1 4 7 0 482
2 4 7 0 483
3 4 7 0 484
4 4 7 0 485
5 4 7 0 486
6 4 7 0 487
7 4 7 0 488
0 5 7 0 489
1 5 7 0 490
2 5 7 0 491
3 5 7 0 492
4 5 7 0 493
5 5 7 0 494
6 5 7 0 495
7 5 7 0 496
0 6 7 0 497
1 6 7 0 498
2 6 7 0 499
3 6 7 0 500
4 6 7 0 501
5 6 7 0 502
6 6 7 0 503
7 6 7 0 504
0 7 7 0 505
1 7 7 0 506
2 7 7 0 507
3 7 7 0 508
4 7 7 0 509
5 7 7 0 510
6 7 7 0 511
7 7 7 0 512
