# Chunk-averaged data for fix fchT and group all
# Timestep Number-of-chunks Total-count
# Chunk Coord1 Ncount v_T
333330 60 3072
  1 -24.8417 51.1789 399.587
  2 -23.9996 51.3344 404.04
  3 -23.1575 50.9332 407.958
  4 -22.3154 50.6123 413.354
  5 -21.4733 50.1793 415.842
  6 -20.6312 50.0233 420.672
  7 -19.7892 50.1993 424.701
  8 -18.9471 49.9245 429.644
  9 -18.105 49.6798 432.804
  10 -17.2629 49.2232 437.029
  11 -16.4208 48.9359 442.501
  12 -15.5787 48.867 447.344
  13 -14.7366 48.6395 452.899
  14 -13.8945 48.0897 459.966
  15 -13.0524 48.2255 462.581
  16 -12.2103 48.2437 462.161
  17 -11.3682 48.2114 459.743
  18 -10.5261 48.4836 453.907
  19 -9.68405 48.8839 447.493
  20 -8.84196 48.9365 443.272
  21 -7.99987 49.2293 439.17
  22 -7.15778 49.676 434.747
  23 -6.31569 49.9824 429.981
  24 -5.4736 49.8396 426.136
  25 -4.6315 50.2061 421.495
  26 -3.78941 50.3845 417.377
  27 -2.94732 50.5774 413.029
  28 -2.10523 50.7688 409.147
  29 -1.26314 51.1003 405.638
  30 -0.421046 50.9692 400.513
  31 0.421046 51.3682 396.892
  32 1.26314 51.7177 393.407
  33 2.10523 51.884 388.909
  34 2.94732 51.9704 384.617
  35 3.78941 52.3543 380.911
  36 4.6315 52.4771 377.217
  37 5.4736 52.2991 372.769
  38 6.31569 52.7152 369.066
  39 7.15778 52.8089 364.107
  40 7.99987 52.9698 360.36
  41 8.84196 53.1409 356.529
  42 9.68405 53.3444 351.577
  43 10.5261 53.4758 346.309
  44 11.3682 53.9071 340.567
  45 12.2103 53.9105 339.045
  46 13.0524 54.024 339.392
  47 13.8945 53.987 341.271
  48 14.7366 53.5267 346.761
  49 15.5787 53.4169 351.082
  50 16.4208 53.1345 356.502
  51 17.2629 52.8734 359.928
  52 18.105 52.9656 363.932
  53 18.9471 52.6152 368.133
  54 19.7892 52.3686 372.142
  55 20.6312 52.2453 375.257
  56 21.4733 52.1108 379.516
  57 22.3154 52.0382 383.843
  58 23.1575 51.7649 387.614
  59 23.9996 51.702 391.539
  60 24.8417 51.3453 395.098
