# Time-averaged data for fix fE
# TimeStep v_E
10000 -8215.16
20000 -8215.15
30000 -8215.16
40000 -8215.16
50000 -8215.15
60000 -8215.17
70000 -8215.16
80000 -8215.17
90000 -8215.16
100000 -8215.16
110000 -8215.17
120000 -8215.16
130000 -8215.17
140000 -8215.17
150000 -8215.18
160000 -8215.17
170000 -8215.17
180000 -8215.18
190000 -8215.17
200000 -8215.18
210000 -8215.17
220000 -8215.18
230000 -8215.17
240000 -8215.18
250000 -8215.17
260000 -8215.19
270000 -8215.18
280000 -8215.18
290000 -8215.18
300000 -8215.19
310000 -8215.18
320000 -8215.18
330000 -8215.19
340000 -8215.19
350000 -8215.2
360000 -8215.19
370000 -8215.19
380000 -8215.18
390000 -8215.19
400000 -8215.19
410000 -8215.19
420000 -8215.19
430000 -8215.17
440000 -8215.19
450000 -8215.2
460000 -8215.2
470000 -8215.19
480000 -8215.18
490000 -8215.18
500000 -8215.19
510000 -8215.18
520000 -8215.18
530000 -8215.17
540000 -8215.18
550000 -8215.18
560000 -8215.19
570000 -8215.17
580000 -8215.18
590000 -8215.17
600000 -8215.18
610000 -8215.18
620000 -8215.17
630000 -8215.17
640000 -8215.18
650000 -8215.17
660000 -8215.19
670000 -8215.17
680000 -8215.17
690000 -8215.17
700000 -8215.18
710000 -8215.17
