# Chunk-averaged data for fix fchT and group all
# Timestep Number-of-chunks Total-count
# Chunk Coord1 Ncount v_T
714280 60 2000
  1 -10.4037 33.2651 0.720524
  2 -10.051 33.2326 0.728168
  3 -9.69833 33.1321 0.736032
  4 -9.34567 32.9605 0.745455
  5 -8.993 32.8571 0.752
  6 -8.64033 32.8126 0.759782
  7 -8.28767 32.5862 0.767108
  8 -7.935 32.5255 0.776452
  9 -7.58233 32.4923 0.783464
  10 -7.22967 32.2233 0.793245
  11 -6.877 32.1649 0.802152
  12 -6.52433 32.0597 0.809727
  13 -6.17167 31.894 0.825893
  14 -5.819 31.8201 0.834171
  15 -5.46633 31.7923 0.836544
  16 -5.11367 31.7582 0.83769
  17 -4.761 31.847 0.834145
  18 -4.40833 31.8665 0.826387
  19 -4.05567 32.0177 0.811472
  20 -3.703 32.2362 0.802039
  21 -3.35033 32.1863 0.794662
  22 -2.99767 32.4707 0.784306
  23 -2.645 32.5029 0.777432
  24 -2.29233 32.5492 0.769146
  25 -1.93967 32.8207 0.760055
  26 -1.587 32.8207 0.752244
  27 -1.23433 32.9672 0.744905
  28 -0.881667 33.0893 0.736732
  29 -0.529 33.1797 0.728727
  30 -0.176333 33.3123 0.722114
  31 0.176333 33.3939 0.714863
  32 0.529 33.529 0.706935
  33 0.881667 33.6331 0.697971
  34 1.23433 33.7068 0.691524
  35 1.587 33.9242 0.683565
  36 1.93967 33.8761 0.677874
  37 2.29233 34.0981 0.668683
  38 2.645 34.1325 0.66107
  39 2.99767 34.2494 0.653961
  40 3.35033 34.4148 0.646727
  41 3.703 34.4164 0.638381
  42 4.05567 34.5422 0.631481
  43 4.40833 34.7204 0.61733
  44 4.761 34.7482 0.610725
  45 5.11367 34.804 0.607364
  46 5.46633 34.8341 0.607692
  47 5.819 34.7501 0.610449
  48 6.17167 34.7132 0.616666
  49 6.52433 34.5599 0.630396
  50 6.877 34.5142 0.638963
  51 7.22967 34.2706 0.645295
  52 7.58233 34.3693 0.653337
  53 7.935 34.0976 0.660834
  54 8.28767 34.0633 0.669231
  55 8.64033 34.0347 0.677084
  56 8.993 33.6612 0.684168
  57 9.34567 33.9232 0.691087
  58 9.69833 33.5585 0.698545
  59 10.051 33.5071 0.70595
  60 10.4037 33.5109 0.712599
