# Chunk-averaged data for fix fchT and group all
# Timestep Number-of-chunks Total-count
# Chunk Coord1 Ncount v_T
714280 60 2000
  1 -10.4037 33.2882 0.725353
  2 -10.051 33.1938 0.730819
  3 -9.69833 33.1172 0.740017
  4 -9.34567 32.9538 0.746894
  5 -8.993 32.8862 0.754229
  6 -8.64033 32.7892 0.762471
  7 -8.28767 32.6527 0.771202
  8 -7.935 32.4129 0.780034
  9 -7.58233 32.5465 0.787824
  10 -7.22967 32.1852 0.795519
  11 -6.877 32.168 0.806027
  12 -6.52433 32.132 0.814674
  13 -6.17167 31.8215 0.829561
  14 -5.819 31.8406 0.836694
  15 -5.46633 31.8237 0.840473
  16 -5.11367 31.7517 0.841688
  17 -4.761 31.8169 0.837255
  18 -4.40833 31.9601 0.828371
  19 -4.05567 32.0554 0.814949
  20 -3.703 32.1904 0.805309
  21 -3.35033 32.3302 0.795665
  22 -2.99767 32.3517 0.788281
  23 -2.645 32.571 0.779732
  24 -2.29233 32.6989 0.772619
  25 -1.93967 32.7326 0.764307
  26 -1.587 32.8903 0.756355
  27 -1.23433 32.9503 0.748218
  28 -0.881667 33.1168 0.741328
  29 -0.529 33.1957 0.732696
  30 -0.176333 33.3382 0.723901
  31 0.176333 33.3665 0.717226
  32 0.529 33.5674 0.708957
  33 0.881667 33.5851 0.702687
  34 1.23433 33.7128 0.695348
  35 1.587 33.8104 0.687174
  36 1.93967 33.9639 0.680716
  37 2.29233 34.0115 0.672422
  38 2.645 34.1252 0.665054
  39 2.99767 34.3133 0.658834
  40 3.35033 34.3158 0.649396
  41 3.703 34.4385 0.642267
  42 4.05567 34.5813 0.635612
  43 4.40833 34.6516 0.621132
  44 4.761 34.7362 0.615598
  45 5.11367 34.8099 0.612928
  46 5.46633 34.6841 0.611491
  47 5.819 34.8337 0.615543
  48 6.17167 34.7095 0.620463
  49 6.52433 34.4237 0.635328
  50 6.877 34.5977 0.641225
  51 7.22967 34.2998 0.649247
  52 7.58233 34.2826 0.656613
  53 7.935 34.2375 0.664305
  54 8.28767 33.9696 0.671334
  55 8.64033 33.996 0.678592
  56 8.993 33.8433 0.68749
  57 9.34567 33.7378 0.695141
  58 9.69833 33.6676 0.702504
  59 10.051 33.4919 0.709855
  60 10.4037 33.474 0.716928
