# Time-averaged data for fix fE
# TimeStep v_E
10000 -8215.46
20000 -8216.01
30000 -8216.57
40000 -8217.11
50000 -8217.61
60000 -8218.12
70000 -8218.62
80000 -8219.11
90000 -8219.61
100000 -8220.14
110000 -8220.65
120000 -8221.12
130000 -8221.64
140000 -8222.17
150000 -8222.68
160000 -8223.22
170000 -8223.68
180000 -8224.18
190000 -8224.72
200000 -8225.22
210000 -8225.76
220000 -8226.27
230000 -8226.77
240000 -8227.23
250000 -8227.74
260000 -8228.28
270000 -8228.8
280000 -8229.35
290000 -8229.85
300000 -8230.37
310000 -8230.89
320000 -8231.39
330000 -8231.89
340000 -8232.41
350000 -8232.92
360000 -8233.52
370000 -8234.05
380000 -8234.58
390000 -8235.14
400000 -8235.69
410000 -8236.21
420000 -8236.78
430000 -8237.34
440000 -8237.88
450000 -8238.41
460000 -8238.85
470000 -8239.4
480000 -8239.95
490000 -8240.46
500000 -8241.01
510000 -8241.53
520000 -8242.07
530000 -8242.63
540000 -8243.21
550000 -8243.7
560000 -8244.23
570000 -8244.8
580000 -8245.27
590000 -8245.8
600000 -8246.34
610000 -8246.92
620000 -8247.45
630000 -8247.95
640000 -8248.45
650000 -8248.98
660000 -8249.5
670000 -8250.04
680000 -8250.56
690000 -8251.08
700000 -8251.64
710000 -8252.2
