72 -0.147483 -0.558693 -3.18934
9 -2.41157 -1.29774 -1.06982
80 -1.47859 -1.8335 -1.36336
65 -0.711941 -2.41131 -1.64334
64 -0.4797 -1.21197 -2.50408
20 -1.42529 -0.939487 -1.80822
40 -1.23958 0.407091 -1.66298
79 -2.15132 0.907402 -1.59593
66 -1.53942 -0.324634 -1.02788
0 -0.413499 0.327672 -2.81041
7 0.539113 0.879889 -1.70334
10 -0.531341 -0.241038 -1.12169
22 -0.697165 -0.321415 -2.10456
59 0.392636 -0.224244 -2.07623
67 0.763622 0.563918 -2.62516
36 -0.30969 0.754975 -1.08361
45 1.579 0.889521 -1.4745
47 1.4156 -0.647419 -1.48749
84 2.28022 0.210077 -1.69046
15 0.77776 1.81164 -1.68825
42 -0.18009 1.616 -1.8986
54 0.560998 2.64828 -1.1852
23 -1.87416 -2.33337 0.0595857
41 -1.44546 -1.42998 0.0496244
3 0.648987 -2.47874 -0.114855
5 -0.539766 -1.84268 0.146595
52 0.0605186 -2.7285 0.762346
87 0.506043 -1.30521 0.122018
56 0.125353 -1.8152 -0.649339
27 1.23838 -1.98443 0.524113
11 -1.7844 -0.395658 0.171453
13 -1.56182 0.417102 0.228077
53 -1.05622 0.840323 0.989743
21 -1.73028 0.613184 -0.737932
24 -2.70227 0.360208 -0.694108
43 -2.26163 0.0972097 0.905263
2 -0.846054 0.37304 -0.320826
8 0.881191 0.180836 -0.691522
83 0.220646 -0.586568 -0.560328
32 -0.929809 -0.630924 -0.2915
57 -0.740037 -0.0210996 0.59228
50 0.224453 -0.1255 0.328453
49 -0.337601 -0.932723 0.508691
74 2.15102 -0.586216 -0.812645
85 2.74671 0.216964 -0.805714
82 1.07437 0.400501 0.359586
55 -1.95062 2.07317 0.607831
86 -1.52454 1.40705 -0.00434567
69 -2.21193 1.06183 0.646364
89 -0.387785 2.20094 -0.16407
61 -0.849347 1.52048 -0.733213
68 -0.635487 1.68349 0.655008
70 0.495467 2.5636 0.133158
18 0.305068 1.94276 0.946142
76 0.987675 1.2686 -0.403397
14 1.59053 2.0932 0.386613
26 1.08147 2.78732 0.911973
44 1.96939 1.24919 -0.592929
46 2.94129 1.02209 0.994683
19 1.18461 2.24248 -0.516429
88 2.2082 1.30683 0.376432
39 -1.12068 -1.89589 2.01622
37 -1.35954 -1.23596 1.02763
17 -0.390062 -2.44346 1.60836
78 0.309306 -1.49032 2.25291
71 0.465111 -1.82342 1.13741
60 -2.51128 -0.741988 1.52195
62 -2.26236 0.132924 1.93737
77 -1.58329 0.16374 2.79988
16 -1.40954 -0.246268 1.30018
34 -1.34135 -0.920726 2.03534
28 0.465115 0.780311 1.96134
31 -0.530333 0.808298 2.08415
35 -0.443838 -0.132428 2.41211
51 0.76714 0.0380576 2.56075
63 0.424234 -0.520687 1.23131
73 -0.487922 -0.869208 1.49529
29 -0.0885648 0.57667 1.05946
1 1.53919 -0.840006 2.01191
12 1.61355 -0.981671 1.0564
75 1.46049 0.694938 1.91717
58 -1.67927 1.51233 1.39003
33 -1.05848 1.00787 2.90952
4 -0.110568 1.67679 1.82049
6 -0.822763 1.82494 1.80562
81 0.694696 2.26858 2.02688
25 0.235788 1.78411 2.77166
30 0.783889 1.06523 1.04789
38 2.09077 1.30555 1.4377
48 1.28628 1.88704 1.31663
