POD_coefficients: 32
-4.4439260834102629616
4.2507763567856020614
-2.317636342785090342
-3.9221278262192456054
0.83911954670339206075
-0.79841441570191451493
0.26378938970293897004
-21.611635277298233859
-15.666049364763575014
-39.299445406813141801
8.1344752166107472391
-42.618961366919663192
2.83896703294615671
3.7860864488519161419
5.3302526403343213346
0.068459467263306622575
2.9641410566557153672
0.09319910027211224246
-0.18687411753164512307
-0.24053992106031887865
-0.16710194082955912021
0.53880267803306791663
0.022340163868396822888
-0.0016838382503112482927
0.024818836492565846119
-0.0051259416351821613864
0.076934014636969999534
-0.058872357370635036711
-0.055300491475458644908
-0.12649098472524886172
0.11729160850571981878
0.0026962159226454835217
