# Displaced_A15.xyz
|  config  |  # atoms  |  energy  | DFT energy | energy error |  force  | DFT force | force error |
   1   64   -753.4390371853782   -754.220443   0.012209465853466384   7.735924630262842   8.398670476926332   0.114714864934009   
   2   64   -752.9893805923747   -753.865255   0.01368553761914626   8.849199829510292   9.134430544814492   0.12870920943656347   
   3   64   -753.3208522385504   -754.0221   0.010956996272650343   8.322448694328386   9.01726110188127   0.11543646599482565   
   4   64   -753.5955479883947   -754.279613   0.010688515806332788   7.708631391868176   8.381725091649153   0.1057752426431695   
   5   64   -753.0525448562033   -753.777209   0.011322877246822571   8.9021534668102   9.478314476700007   0.11903245171912928   
   6   64   -753.3492631130352   -754.048643   0.010927810733823762   7.810233098429243   8.465317937559755   0.11274191205855245   
   7   64   -753.6490826337418   -754.317603   0.01044563072278315   7.4448074310909815   8.127690490502268   0.10226834470575953   
   8   64   -753.3275351537199   -753.969161   0.010025403848127112   8.52920114642321   9.425464951766411   0.10637302981243228   
   9   64   -753.3951654822728   -754.141988   0.011669101839487439   8.169918016544585   8.821346913268911   0.11395803560443594   
# Displaced_BCC.xyz
|  config  |  # atoms  |  energy  | DFT energy | energy error |  force  | DFT force | force error |
   10   54   -631.7256314366151   -631.019667   0.013073415492872047   15.431379746873649   16.625876002911852   0.2644440986508814   
   11   54   -632.2717821084213   -631.719595   0.01022568719298744   14.520227628814482   15.58666626272206   0.2234291996811578   
   12   54   -631.9433982243354   -631.386255   0.010317467117322057   15.21474240716259   15.923788831679882   0.22596574542189893   
   13   54   -633.0715327294877   -632.575826   0.009179754249771577   13.387222606753506   14.55977161807516   0.20468605687713443   
   14   54   -630.8934957303858   -630.450212   0.008208957970107686   16.552089412692144   16.963407263806737   0.23634113052517508   
   15   54   -632.0720278384713   -631.669379   0.007456459971689566   15.243544753003158   16.057573148572235   0.2277553205333692   
   16   54   -632.8026455532762   -632.431277   0.006877195431040188   14.211466388966027   14.698107183802986   0.20251384029797093   
   17   54   -631.6802090341056   -630.960068   0.013335945076029795   14.71234152255393   15.9907314848333   0.22814956095518693   
   18   54   -625.0384776742666   -623.378198   0.030745919893825482   23.402147672243643   24.67640432462571   0.349868273751879   
# Displaced_FCC.xyz
|  config  |  # atoms  |  energy  | DFT energy | energy error |  force  | DFT force | force error |
   19   48   -555.9699048146151   -555.899463   0.0014675378044823144   6.076723551396931   6.084617062577644   0.07097225751821024   
   20   48   -555.9513725502509   -555.922478   0.0006019697968942713   6.276808086243127   6.297071211051453   0.09304007987632448   
   21   48   -555.8352575532658   -555.800269   0.0007289281930387878   6.149373502765756   6.021098635803518   0.08156835300590887   
   22   48   -556.264633538131   -556.196151   0.0014267195443954013   5.0619719190107535   5.127955094071613   0.08671676430621715   
   23   48   -555.6280533723403   -555.488929   0.0028984244237572434   6.842691117932344   7.050223458554702   0.08140862125949523   
   24   48   -556.109623275952   -556.027926   0.0017020265823338339   5.657586133933669   5.611881174158804   0.07972132769456881   
   25   48   -556.0586145413539   -555.968399   0.0018794904448734921   5.876517196385777   5.9792171885302   0.07481336691893505   
   26   48   -556.0087786431831   -556.047132   0.0007990282670202001   5.749737350364931   5.544452585448   0.08230729198148418   
   27   48   -555.8257619395353   -555.747848   0.0016232070736516373   6.360724133209548   6.478925680043952   0.09531890253811613   
# Elastic_BCC.xyz
|  config  |  # atoms  |  energy  | DFT energy | energy error |  force  | DFT force | force error |
   28   2   -23.683550425804203   -23.689367   0.0029082870978989206   0.0006476690575065489   0.0006222748588847215   7.473202473167542e-06   
   29   2   -23.682831250911686   -23.689888   0.003528374544156776   0.0006432761410203517   0.0006166052221640683   7.127119895610507e-06   
   30   2   -23.682952614031493   -23.689996   0.003521692984254088   0.0009101925662596378   0.0008810425642385276   1.137156952558426e-05   
   31   2   -23.681098785478728   -23.690957   0.004929107260636556   1.0425659332049322e-06   0   4.159514878802316e-07   
   32   2   -23.679217057079928   -23.690521   0.005651971460036265   0.0006251577875112793   0.0005982273815197694   7.343256195143567e-06   
   33   2   -23.677874583372457   -23.69038   0.006252708313772004   0.0006209549791271468   0.0005925723584508478   7.867519726167648e-06   
   34   2   -23.684170458839812   -23.689202   0.0025157705800946673   0.0006510533126869045   0.000627936302502093   6.902838700729079e-06   
   35   2   -23.681714227171522   -23.690482   0.004383886414238702   0.0009007678977943496   0.0008640138887772579   1.2830084429857715e-05   
   36   2   -23.683028429438   -23.689902   0.003436785280999999   0.0006422803111387042   0.0006152154094299004   8.366792468633249e-06   
   37   2   -23.680657088637687   -23.690563   0.004952955681156723   0.0006308861563534924   0.0006038725030997851   7.233699596626228e-06   
   38   2   -23.683393925923532   -23.690207   0.0034065370382343474   0.0011163849179563546   0.001073697350280795   1.7428867338686962e-05   
   39   2   -23.683710082512825   -23.689285   0.0027874587435885445   0.000920185484248747   0.0008900134830439369   1.0813703883401434e-05   
   40   2   -23.68346034107277   -23.689768   0.0031538294636153097   0.0011184689767447097   0.0010802490453594485   1.5612628915528297e-05   
   41   2   -23.68226028418668   -23.68968   0.003709857906660119   0.0009056805302001959   0.0008680034562143172   1.294225778570613e-05   
   42   2   -23.68261525330227   -23.690074   0.003729373348864584   0.0014343132299812712   0.001373818765339883   2.364310297078403e-05   
   43   2   -23.6847112033199   -23.688108   0.0016983983400500335   0.0006578004784884138   0.0006336134468270066   7.710524795113091e-06   
   44   2   -23.684069319420885   -23.689241   0.0025858402895568844   0.0009210090528071258   0.0008880101350772974   1.1437392287608268e-05   
   45   2   -23.683864034230748   -23.68952   0.002827982884626934   0.0009167488406458258   0.0008860011286674525   1.0705796976735371e-05   
   46   2   -23.6852633314181   -23.686278   0.000507334290951178   0.0006658872985863428   0.0006406777661195993   8.368566237432363e-06   
   47   2   -23.67631317225787   -23.690097   0.006891913871065469   0.0008723081517661347   0.0008410160521654744   1.0770082784073142e-05   
   48   2   -23.678370717610786   -23.690811   0.0062201411946070095   0.0008799687105942461   0.0008500070587942196   1.0563635670809324e-05   
   49   2   -23.679834898420143   -23.690266   0.005215550789928969   0.0010902204296133922   0.0010443227470470994   1.8746534883044184e-05   
   50   2   -23.68211557122554   -23.690597   0.004240714387229616   0.0011040891213385932   0.0010508330029076933   2.1742363259529332e-05   
   51   2   -23.680523087778788   -23.690673   0.005074956110606266   0.0006301839819306729   0.0006038907185907066   7.62983475552646e-06   
   52   2   -23.681873678429074   -23.690551   0.0043386607854625225   0.0009009015545046141   0.0008590064027700842   1.4407737462938155e-05   
   53   2   -23.681933670401143   -23.690693   0.004379664799428085   0.0008999859733843508   0.00085901105930017   1.4706469331227884e-05   
   54   2   -23.680990770735228   -23.69021   0.004609614632386183   0.0008986014358616709   0.0008730051546239576   9.195531395664147e-06   
   55   2   -23.68428236221443   -23.688943   0.0023303188927847884   0.0009218653993257257   0.0008800306812833288   1.5750860585307216e-05   
   56   2   -23.678442500559818   -23.690136   0.005846749720090472   0.0006229280872416283   0.0005939966329870902   8.165007267874088e-06   
   57   2   -23.684959166089666   -23.687444   0.001242416955166803   0.0009334481687145867   0.0009030592450110901   1.2459660821235188e-05   
   58   2   -23.68365008780623   -23.689801   0.003075456096883755   0.0009146886841575375   0.0008740011441640107   1.3790679311215322e-05   
   59   2   -23.681502954558955   -23.690408   0.004452522720523433   8.676767996648099e-07   0   3.2406803556087857e-07   
   60   2   -23.681176989529693   -23.690362   0.004592505235153865   0.0006335685040138777   0.0006067503605272931   9.151646973925174e-06   
   61   2   -23.672313219332906   -23.688881   0.00828389033354604   0.0008552029607219069   0.000825005454527423   1.0602957468085701e-05   
   62   2   -23.679154318248155   -23.690515   0.005680340875922951   0.0015324336832490625   0.0014757797938717012   2.0299660375733616e-05   
   63   2   -23.677886527456028   -23.690551   0.006332236271985536   0.0006218059524654116   0.000599659903612039   7.059369051376628e-06   
   64   2   -23.683181776552686   -23.689487   0.003152611723656662   0.0006460132810166537   0.0006194384553771262   7.3065374772001214e-06   
   65   2   -23.683424324961774   -23.68986   0.003217837519112976   0.0009128387001252496   0.0008860124152629014   1.0063319575702869e-05   
   66   2   -23.68379589916166   -23.689288   0.0027460504191711976   0.0014501415497956578   0.0013964791441335596   1.6345800341779e-05   
   67   2   -23.677026792864332   -23.690457   0.006715103567833225   0.0006177094652510231   0.000593983164744591   6.846257369981527e-06   
   68   2   -23.675547120573388   -23.689792   0.007122439713306505   0.0008684321320280028   0.0008340587509282545   1.3708587958684348e-05   
   69   2   -23.675858694056963   -23.690006   0.00707365297151874   0.0006135944907633817   0.0005897694464788762   7.837786629726392e-06   
   70   2   -23.67775880831498   -23.690571   0.006406095842509174   0.000619749878792394   0.0005939781140749213   7.168261982104565e-06   
   71   2   -23.68271900058587   -23.690213   0.0037469997070651573   0.0011105542692778426   0.0010843154522554772   1.0715205956904046e-05   
   72   2   -23.6787257525056   -23.690617   0.005945623747200202   0.0006240186385373357   0.000602468256425183   6.387200786688067e-06   
   73   2   -23.682334352284837   -23.689761   0.0037133238575819405   0.0009081453888846784   0.0008790688255193674   1.1766127676131143e-05   
   74   2   -23.676752401306917   -23.69027   0.006758799346542332   7.176913936673497e-07   0   2.1257441150130535e-07   
   75   2   -23.681665763437756   -23.690599   0.004466618281121271   0.0006366113361985625   0.0006137752031485143   6.341503451256041e-06   
   76   2   -23.67999715895088   -23.69061   0.005306420524560096   9.682976198961226e-07   0   3.952489764472821e-07   
   77   2   -23.680105354357543   -23.690603   0.005248822821227961   0.0008909316169494905   0.0008590331774733733   1.2098381651645955e-05   
   78   2   -23.684906304079416   -23.687908   0.001500847960292262   0.0009326791295484206   0.0009010105437784844   1.1591747998648958e-05   
   79   2   -23.67952847039537   -23.690688   0.005579764802316589   0.0008876851811390706   0.0008470064934816027   1.3731786261699482e-05   
   80   2   -23.683179410654887   -23.689988   0.0034042946725563183   0.0006441846338689927   0.0006194465271514563   7.196142220998866e-06   
   81   2   -23.6832376788029   -23.689613   0.003187660598550579   0.0009115392599695954   0.0008740732234773012   1.494789710965014e-05   
   82   2   -23.681832361585148   -23.690678   0.004422819207425377   0.0006364078256159706   0.000612375701673409   7.224857457062571e-06   
   83   2   -23.681980869059487   -23.69017   0.004094565470255773   0.0009027683580794159   0.0008750051428420292   9.384207597688872e-06   
   84   2   -23.684851886139725   -23.687892   0.001520056930138125   0.0011405066748338736   0.0011120701416727273   1.1609332340868555e-05   
   85   2   -23.682730047830812   -23.690132   0.0037009760845929662   0.0009071538250040195   0.0008680184329840007   1.4544154411866956e-05   
   86   2   -23.68019960460507   -23.690843   0.0053216976974663766   0.0006294962235818713   0.0006081134762525825   5.6732002003337725e-06   
   87   2   -23.679598831905007   -23.690598   0.005499584047496953   0.0012573990114262278   0.0012176748334428202   1.1962458208863267e-05   
   88   2   -23.678714550581322   -23.690656   0.005970724709339237   0.0006241805657005169   0.0006024765555604633   6.895065972118984e-06   
   89   2   -23.678868845495533   -23.690254   0.005692577252233377   0.0010830560533541763   0.0010434960469498675   1.6155317697311774e-05   
   90   2   -23.679636012438248   -23.690694   0.005528993780876235   0.0006263875526525521   0.0006010740387007244   7.903535203621485e-06   
   91   2   -23.682043199510158   -23.690097   0.004026900244921805   0.0009027574325805869   0.0008730234819293235   1.1234807370313128e-05   
   92   2   -23.6847790306553   -23.688402   0.001811484672350261   0.0006565952378748   0.0006321803540129985   7.524678063361639e-06   
   93   2   -23.684267663719595   -23.688669   0.0022006681402029216   0.0011318841014339204   0.0010924742559895863   1.60889638710412e-05   
   94   2   -23.680195826959494   -23.690538   0.005171086520252999   0.0008909214325167084   0.0008610145178799253   1.0067268182318363e-05   
   95   2   -23.682919676347353   -23.689722   0.003401161826323218   0.0006455663953425325   0.0006251287867311823   7.04646233750025e-06   
   96   2   -23.678972792210132   -23.690581   0.005804103894934798   7.440743943177466e-07   0   2.3516678419399986e-07   
   97   2   -23.684102154473024   -23.688755   0.0023264227634882673   0.0006510215377342718   0.0006251143895320279   8.030694667031313e-06   
   98   2   -23.673697689358615   -23.689312   0.007807155320692871   0.0008603704957619515   0.0008290597083443387   1.2755092471682056e-05   
   99   2   -23.68490808051427   -23.687388   0.0012399597428647269   0.0011442489152301695   0.0011202374748239769   9.804222250187522e-06   
   100   2   -23.68176512082096   -23.690664   0.004449439589521376   0.0006357549958893997   0.000610940258945177   6.039080706677652e-06   
   101   2   -23.674525358277364   -23.68941   0.007442320861317242   0.0006109707412617748   0.0005883553348105209   7.479342696974724e-06   
   102   2   -23.683232527574585   -23.690035   0.0034012362127082696   0.0009114851137381917   0.0008810062428836699   1.0600378445901494e-05   
   103   2   -23.67586856723518   -23.690015   0.007073216382408987   0.0008691580457881555   0.0008450195264016091   9.413573482951253e-06   
   104   2   -23.67858055953176   -23.690752   0.006085720234120018   0.0006235473984979932   0.0005996415596004001   6.797600751980953e-06   
   105   2   -23.68299431808294   -23.689825   0.003415340958529356   0.0009121092546039354   0.0008800215906442294   1.1017203877696302e-05   
   106   2   -23.678780424069025   -23.690562   0.005890787965487476   0.0008835102770580916   0.0008560011682235019   9.575573245607858e-06   
   107   2   -23.67876249868857   -23.690622   0.005929750655715438   0.0008821088548762503   0.000839001787840765   1.48415390040689e-05   
   108   2   -23.684361396191893   -23.688764   0.00220130190405321   0.0009237282452001256   0.0008910185183260783   1.2094602390409965e-05   
   109   2   -23.68342408843754   -23.690011   0.003293455781228971   0.0006455203490712366   0.000619428769109088   6.98902383147215e-06   
   110   2   -23.684779721177797   -23.687696   0.001458139411100845   0.0011417974154142442   0.0010875899962761704   2.2136531399503956e-05   
   111   2   -23.679797456149714   -23.691019   0.005610771925143254   0.0008874593615493891   0.0008540035128733372   1.1308578700211587e-05   
   112   2   -23.68441734129078   -23.689025   0.0023038293546111532   6.714174531216942e-07   0   2.644761310688533e-07   
   113   2   -23.682105456196926   -23.689952   0.003923271901538072   7.375812110707055e-07   0   2.87710102724236e-07   
   114   2   -23.679373421120896   -23.69061   0.00561828943955156   0.0008858347639410609   0.0008580011655003739   9.722681997406009e-06   
   115   2   -23.681010184443366   -23.690595   0.004792407778316132   0.0008941992386185987   0.0008680069124148724   9.370871074876448e-06   
   116   2   -23.677454858808662   -23.690231   0.006388070595669149   0.0006184384206544343   0.0005925892337867774   8.312416647876752e-06   
   117   2   -23.67811452104019   -23.690469   0.006177239479905339   0.0008788046635197923   0.0008500294112558695   1.13528920008142e-05   
   118   2   -23.682809722901496   -23.690482   0.0038361385492517996   0.000906455897974062   0.0008740102974221756   1.1795188169640625e-05   
   119   2   -23.674450464338605   -23.689613   0.007581267830698124   0.0008635816751912604   0.0008320192305469868   1.1873610616731941e-05   
   120   2   -23.685032339913484   -23.687426   0.0011968300432574352   0.0011440058777208626   0.0010957773496472721   1.9704964692617835e-05   
   121   2   -23.683041229800374   -23.689562   0.003260385099812524   0.0006464166252538065   0.0006265237425668717   6.301725108037472e-06   
   122   2   -23.681364260768596   -23.6904   0.004517869615701997   4.267895447970875e-07   0   1.7302665401436787e-07   
   123   2   -23.678449205355076   -23.690561   0.00605589732246159   0.0006225017987169788   0.0005982273815197696   6.582395388638133e-06   
   124   2   -23.67294009971627   -23.689107   0.00808345014186429   0.0008575379640315199   0.0008180073349304395   1.3916025721162247e-05   
   125   2   -23.68125436283542   -23.690145   0.004445318582289914   0.0008995456402424387   0.0008740766556772925   1.0851089358157553e-05   
   126   2   -23.677795566853113   -23.690482   0.006343216573442945   0.0006205800330956637   0.0005939983164959308   8.129410267559615e-06   
   127   2   -23.68320022571067   -23.689864   0.0033318871446645915   0.000912888743842689   0.0008860124152629013   9.977733316180838e-06   
# Elastic_FCC.xyz
|  config  |  # atoms  |  energy  | DFT energy | energy error |  force  | DFT force | force error |
   128   4   -46.44941937872056   -46.437936   0.0028708446801406495   0.0007059505093530588   0.0012659494460680492   0.00015753512156557912   
   129   4   -46.45314527726263   -46.438504   0.0036603193156565794   0.0007168985652315287   0.0014925494966666934   0.00020422649069531962   
   130   4   -46.446820762459716   -46.436378   0.0026106906149294673   0.00048609813081722865   0.0008105923759819111   0.00011091933002344791   
   131   4   -46.45355378635659   -46.441551   0.0030006965891491433   0.0008594099410629726   0.0012836751925623551   0.00012412472745202885   
   132   4   -46.42401968283622   -46.416957   0.0017656707090552004   0.0007451662152620864   0.0011861458594962088   0.0001212780566148709   
   133   4   -46.45075505310583   -46.440495   0.0025650132764578615   0.0007246800397292973   0.001212440514004708   0.00011294088275923271   
   134   4   -46.45010223114158   -46.437972   0.003032557785394019   0.0011124126163916995   0.0023582264522305743   0.00031785391799254694   
   135   4   -46.46241820874567   -46.44586   0.00413955218641604   0.0010738118233089818   0.0020339498518891753   0.0002714150933039665   
   136   4   -46.44739559025072   -46.435744   0.0029128975626804277   0.0008366669199105716   0.0016908494906407252   0.0002714270245985429   
   137   4   -46.45234519509076   -46.438209   0.0035340487726891467   0.0007011638099237342   0.0011600499989224602   0.00011030104443777334   
   138   4   -46.43639519905846   -46.42629   0.0025262997646144925   0.00048298895381732813   0.0005297018029042378   1.4969276570444793e-05   
   139   4   -46.45463652220363   -46.443301   0.002833880550907608   0.0008550496577040495   0.0018184215682838787   0.00024050388704258702   
   140   4   -46.45132385747273   -46.439002   0.003080464368181879   0.0009776437625326245   0.00141697353539154   0.00011509877838582977   
   141   4   -46.44219404559208   -46.432438   0.0024390113980210515   0.0008916562218139887   0.0010104691979471716   5.904351916533974e-05   
   142   4   -46.41838031959508   -46.412654   0.0014315798987691863   0.0010993862641523174   0.0018019597664764885   0.00019133118809438847   
   143   4   -46.455923399146016   -46.443231   0.0031730997865047073   0.0006931717438913285   0.0016915909671075926   0.00021075721251594183   
   144   4   -46.44135996992135   -46.431513   0.002461742480337037   0.001144597140613805   0.001680544852123858   0.00013452706590288683   
   145   4   -46.44453730602633   -46.435608   0.002232326506581117   0.0007081471825733695   0.0009593039143045338   5.897538290688792e-05   
   146   4   -46.45126272012919   -46.437689   0.003393430032298639   0.0007229338595568728   0.00121770850370686   0.00014247445190908453   
   147   4   -46.43749637352618   -46.428447   0.0022623433815454064   0.0008678647558151375   0.002060081551783812   0.0003087196344798042   
   148   4   -46.44290243871841   -46.432255   0.002661859679603751   0.0005285309457044271   0.0006274201144368897   5.6467895796602444e-05   
   149   4   -46.454799081733036   -46.442315   0.003121020433258792   0.0008613398187056977   0.002424436841825334   0.0004118852718696386   
   150   4   -46.44914733827529   -46.436613   0.0031335845688218456   0.00048299355521822266   0.0005321240456885968   3.906904256289469e-05   
   151   4   -46.440897049876256   -46.430825   0.002518012469064246   0.0007516389891516238   0.0013999871427981042   0.0001679984917488959   
   152   4   -46.44330901228092   -46.43312   0.002547253070229516   0.0004849740513635631   0.0007272771136231361   6.331929280052143e-05   
   153   4   -46.445140506357035   -46.434347   0.002698376589258089   0.000711985115374429   0.0012844516339668068   0.0001587305579570901   
   154   4   -46.43963781193858   -46.430573   0.0022662029846447496   0.000725789904182991   0.0013157461761297276   0.00014305890499312224   
   155   4   -46.46201463783547   -46.445665   0.004087409458868763   0.0008319923188354988   0.0018078915896701322   0.00027299948587142844   
   156   4   -46.447343662939616   -46.435898   0.0028614157349036162   0.0007089367247853923   0.0018693009388538807   0.00026559356856093765   
   157   4   -46.452762489666675   -46.442107   0.0026638724166687666   0.0005069910778648213   0.0006020930160697763   3.205203878962362e-05   
   158   4   -46.44683257332885   -46.434432   0.0031001433322117578   0.0008347024736394973   0.001092982159049268   9.517247907394224e-05   
   159   4   -46.45030335014523   -46.436308   0.0034988375363074198   0.0009913871288173381   0.0018391508910364043   0.00024912330107786784   
   160   4   -46.43241704398796   -46.423938   0.002119760996990294   0.0007728067964463734   0.001463463016273387   0.00019917724534757012   
   161   4   -46.436964246947866   -46.428115   0.0022123117369670098   0.0005387066298734451   0.0008584497655658133   9.33592334411236e-05   
   162   4   -46.43547574968941   -46.4269   0.0021439374223515273   0.0010053604469062818   0.001845719913746395   0.0002452373939272207   
   163   4   -46.431850118141206   -46.421142   0.00267702953530069   0.0009126886613010051   0.0013091501059847952   9.422144914248337e-05   
   164   4   -46.4410279310167   -46.432233   0.002198732754175481   0.0006930676508456445   0.0007253109677924358   2.4465462695652822e-05   
   165   4   -46.44092669807836   -46.429408   0.002879674519588704   0.0007160453821843352   0.0010683276650915673   9.398920653528773e-05   
   166   4   -46.45969531364527   -46.445145   0.0036375784113182874   0.0008295265329869923   0.0017760382878755743   0.00024241817410560344   
   167   4   -46.445788311883284   -46.435868   0.0024800779708211707   0.0010031418824373963   0.0023760747042128115   0.0003903232534230191   
   168   4   -46.45154490010854   -46.439663   0.0029704750271335456   0.00047549471524190175   0.0011194034125372317   0.00011583612325905114   
   169   4   -46.4360653270856   -46.428287   0.0019445817714007774   0.001032677541994946   0.001277000391542618   7.062829648568476e-05   
   170   4   -46.43233195768488   -46.424584   0.0019369894212193373   0.0005466185649061254   0.0008032957114288611   5.9045562803005854e-05   
   171   4   -46.41876087510773   -46.413045   0.0014289687769331039   0.0008981113380096822   0.001248322073825501   7.40204785350288e-05   
   172   4   -46.445926303210655   -46.436994   0.002233075802664075   0.0008463264367583727   0.0013319391878010044   0.0001692945067646593   
   173   4   -46.457346206488836   -46.443604   0.0034355516222088767   0.0007005851472252305   0.0011770463032523403   0.00012299374614181886   
   174   4   -46.453126827286084   -46.439718   0.003352206821521264   6.681200703637259e-07   0   1.773821412110402e-07   
   175   4   -46.44918479601608   -46.435527   0.0034144490040191044   0.0008657925407324405   0.0009338393866184911   5.6362022090418084e-05   
   176   4   -46.4451418758807   -46.434787   0.002588718970175208   0.0008849577310752714   0.0011732919500277842   7.007852087103599e-05   
   177   4   -46.44785120126871   -46.434929   0.003230550317178782   0.0010024999527424232   0.0013494917561808224   8.897716477628578e-05   
   178   4   -46.436680633514754   -46.426499   0.0025454083786886628   0.0009092113638604698   0.0012489379488189155   9.236935201506714e-05   
   179   4   -46.44928974408873   -46.437025   0.003066186022183004   0.0006791254304455454   0.0009384188830154686   7.462556066595409e-05   
   180   4   -46.438797914544615   -46.428937   0.002465228636154393   0.0008989419092330341   0.0012863529842154521   0.00010919795176540644   
   181   4   -46.45410745956173   -46.442516   0.0028978648904338655   0.0005036271274322671   0.0009485546900416443   0.00014198169500005762   
   182   4   -46.440549999745286   -46.428736   0.0029534999363214354   0.0007535697003514838   0.001424321592899581   0.0001692032840505507   
   183   4   -46.44425960577307   -46.433359   0.0027251514432666823   0.0008908886311092941   0.001276381604380132   0.00010374432055790412   
   184   4   -46.452570815063844   -46.438799   0.003442953765960155   0.0006854672591576055   0.0008186940820599596   3.6932766817061086e-05   
   185   4   -46.454766566033534   -46.441993   0.00319339150838438   0.0007001708812796562   0.001887735150914979   0.0002673183600127047   
   186   4   -46.44945544695282   -46.439033   0.002605611738204061   0.0006781466104053541   0.0008215680130092699   5.231575827668253e-05   
   187   4   -46.44853153734316   -46.436967   0.002891134335788692   0.0008575232944723087   0.0014823235139469384   0.00018091399536832693   
   188   4   -46.43754325083877   -46.427245   0.00257456270969314   0.0008765266292895093   0.0012938856209109056   0.00010153953127998901   
   189   4   -46.451301929062524   -46.438046   0.0033139822656309548   0.0009900586718377979   0.0016272885423304622   0.00017530798566963072   
   190   4   -46.428065668097005   -46.420083   0.0019956670242518015   0.0011576950573623792   0.002395244872659161   0.0003659906456449083   
   191   4   -46.460594986770694   -46.445247   0.0038369966926730115   0.0006869039162209649   0.0012193309640946546   0.0001280837572153043   
   192   4   -46.459025784879856   -46.446044   0.00324544621996381   0.0006819062204790695   0.0013053290772828128   0.00014055077370925674   
   193   4   -46.44720762646   -46.434472   0.0031839066149998985   0.000703325027496004   0.0008323340675474   6.714689628753624e-05   
   194   4   -46.4564774754424   -46.44458   0.002974368860598986   0.0004969728995072308   0.0009744208536356352   8.595927172089846e-05   
   195   4   -46.45401291564642   -46.441776   0.003059228911606482   0.000861251202867275   0.0013392318693937952   0.00013998143795157473   
   196   4   -46.449301852675696   -46.436389   0.0032282131689242988   0.0010034770587335766   0.0017867411676009484   0.00020411915732236767   
   197   4   -46.459861895466666   -46.446416   0.003361473866666742   0.0004885941605134905   0.0006588778338963909   6.598253791307262e-05   
   198   4   -46.46570340055164   -46.449806   0.003974350137909255   0.0009395124087401962   0.002135055034419488   0.0003147147501685208   
   199   4   -46.43461846524494   -46.427189   0.0018573663112348981   0.0007681988521843655   0.0010507882755341346   7.240029765911884e-05   
   200   4   -46.4361601245498   -46.427857   0.0020757811374494395   0.0007642483624766904   0.001487666629322578   0.00018340351336507753   
   201   4   -46.45574260502717   -46.44004   0.00392565125679134   0.0005000785442638731   0.0007572027469575109   5.818590206663372e-05   
   202   4   -46.44835282551594   -46.437214   0.0027847063789856463   0.0007072954126736031   0.001505586264549461   0.00018004417751867326   
   203   4   -46.43161552113925   -46.422628   0.002246880284811681   0.0007344705971391656   0.0016017134575197897   0.0002616141507451773   
   204   4   -46.45731094723828   -46.443535   0.003443986809569921   0.0009771773398579032   0.0015903043733826552   0.0001702045867479129   
   205   4   -46.45140865795848   -46.439922   0.0028716644896196186   0.0008658041834227779   0.0015304933845005665   0.00015364490131965702   
   206   4   -46.44956962768978   -46.437675   0.0029736569224461107   0.0011194423008820055   0.002440246094147064   0.00040760051092012477   
   207   4   -46.45838297647705   -46.445558   0.0032062441192621804   0.0006753640372224372   0.0011339241597214515   0.00012024341142679977   
   208   4   -46.45126804210308   -46.439106   0.003040510525769591   0.0009894135790162442   0.0018307310015400948   0.0002463350405111014   
   209   4   -46.458247107837565   -46.443073   0.0037935269593916132   0.0004749402892948086   0.0005766870901971016   2.881139758142653e-05   
   210   4   -46.45358101671955   -46.4397   0.0034702541798878883   0.0006954516181031132   0.0012041744059728225   0.00011613050999842721   
   211   4   -46.44815606066074   -46.436374   0.002945515165185597   0.0007321360069322231   0.0014616565944160756   0.0002287561869261484   
   212   4   -46.43662351945113   -46.426557   0.002516629862782338   0.0007296579856106855   0.0013596242127882248   0.00012567024638416606   
   213   4   -46.44481234115618   -46.434009   0.002700835289044079   0.0008676630870714368   0.0013911311943882213   0.00015482957169477352   
   214   4   -46.44728684776157   -46.436262   0.002756211940392106   0.0011124531960873772   0.002503347159304918   0.00032180781094066907   
   215   4   -46.444096072446236   -46.434505   0.0023977681115585625   0.0008656176950191716   0.0010416371729157902   5.025623071090395e-05   
   216   4   -46.450927455215435   -46.438768   0.0030398638038580117   0.00084535937011487   0.0010982850267576263   8.72290084650894e-05   
   217   4   -46.45107993492005   -46.440254   0.0027064837300123656   0.00048824858779961296   0.000606989291503565   5.8412979029187855e-05   
   218   4   -46.43457247575565   -46.42286   0.0029281189389127604   0.0004966701653431384   0.0007365242697969973   7.580604775668534e-05   
   219   4   -46.426038524125595   -46.418078   0.0019901310313983345   0.0010489724727230734   0.002028412186908765   0.00024818607625163853   
   220   4   -46.453423171338606   -46.440513   0.003227542834650876   0.0006995827537703903   0.0011581899671470135   0.0001378524605254365   
   221   4   -46.415754937581546   -46.409824   0.0014827343953864869   0.0007527977963207443   0.0017595738120351758   0.00023929190418171275   
   222   4   -46.454925837777694   -46.440329   0.0036492094444238177   0.0005005573408940814   0.0009534044262536227   0.00010692991305771847   
   223   4   -46.44997363401166   -46.43773   0.003060908502915183   0.0006817503143862983   0.0009261803280139349   7.40659430100787e-05   
   224   4   -46.42531398604783   -46.416525   0.002197246511958184   0.0005574123978254611   0.0007573664898845208   5.99908419770276e-05   
   225   4   -46.45383418813824   -46.440293   0.003385297034560253   0.0006952778549352195   0.0007725386721711737   1.896791164411011e-05   
   226   4   -46.45276775274774   -46.43839   0.003594438186935278   0.0005074067272337814   0.0005612022808221648   1.704850131207158e-05   
   227   4   -46.45371472589327   -46.438916   0.003699681473317895   0.0006927906684878858   0.0016508785539826967   0.0002160841247030314   
# GSF_110.xyz
|  config  |  # atoms  |  energy  | DFT energy | energy error |  force  | DFT force | force error |
   228   24   -278.73944827046444   -279.068761   0.013721363730648287   2.284609682235982   1.7563531607236627   0.04751025184689972   
   229   24   -279.9014792219848   -279.784296   0.004882634249367375   0.9481136411394577   0.9057668890923312   0.024091449679788365   
   230   24   -279.9930345891631   -279.901657   0.003807399548461395   0.2793975891445666   0.0015659463592345684   0.011278222232931323   
   231   24   -279.6325452301717   -279.584238   0.002012801257151864   1.573381643782834   1.0355722476061242   0.05514579597298249   
   232   24   -279.9014816689109   -279.784283   0.0048832778712863956   0.9481032714151151   0.905639618850677   0.0241204255955371   
   233   24   -279.18080125454406   -279.302158   0.0050565310606648   2.389118818214696   1.77196513720784   0.06278114739099598   
   234   24   -279.5890685971749   -279.55564   0.0013928582156215914   1.9510647792617624   1.4056265063522388   0.05372915542547226   
   235   24   -279.01008912645176   -279.246939   0.009868744731176568   1.5761033493950665   0.48139641510505654   0.08186316512738649   
   236   24   -279.18080522782225   -279.302157   0.0050563238407406175   2.389116645440878   1.7719533466996242   0.062781609099078   
   237   24   -279.01023755515604   -279.246935   0.009862393535165381   1.5752856658331975   0.4809484797522494   0.08192552351664523   
   238   24   -279.99300017106555   -279.896025   0.0040406321277307216   0.28072677923869865   0.010605498385271668   0.01126087014359526   
   239   24   -279.63280515402624   -279.584237   0.0020236730844279314   1.5722786840757697   1.035836120943849   0.05511223684629138   
   240   24   -278.86075008497517   -279.124427   0.01098653812603582   2.3852747024917913   1.8095458871694858   0.06238817039355429   
   241   24   -279.29190592145324   -279.379366   0.003644169939448716   1.7789672469233575   0.898269270570913   0.07654340660959771   
   242   24   -279.29184906902077   -279.37937   0.003646705457467666   1.7789303237829077   0.8980813549985325   0.07655044283557297   
   243   24   -278.8607478353279   -279.124427   0.010986631861338006   2.385274253324935   1.8095233743624317   0.062384033834580924   
   244   24   -279.9930345892   -279.901657   0.003807399550000904   0.27939758729747727   0.001570374477632644   0.011277603480650274   
   245   24   -279.9061139372087   -279.79264   0.00472808071702957   0.8363547143523153   0.8392614851641887   0.02424521243692586   
   246   24   -279.99300017102865   -279.896025   0.004040632126193581   0.28072678109787025   0.010602432928342438   0.01126132375362434   
   247   24   -278.89696994030174   -279.206496   0.012896919154094633   1.3891331744502853   0.005326518562813801   0.06646589314399114   
   248   24   -279.58907303449377   -279.55564   0.0013930431039076059   1.9510568931786239   1.4056318995939159   0.053728278837859904   
   249   24   -279.9061247417884   -279.79264   0.004728530907849897   0.8363685587295326   0.8392625707893806   0.02424752407627393   
# GSF_112.xyz
|  config  |  # atoms  |  energy  | DFT energy | energy error |  force  | DFT force | force error |
   250   30   -345.14502194853185   -345.175835   0.0010271017156052646   2.717319476824095   1.0573953217004513   0.1392038595292065   
   251   30   -346.822218546531   -346.361714   0.015350151551033756   1.6322373352286093   1.2202849393785045   0.1010630791145077   
   252   30   -346.3071027476847   -345.795524   0.017052624922824104   2.436246612033282   2.112860875265572   0.11715933836553331   
   253   30   -344.8860137194126   -345.164602   0.009286276019580934   3.3147787479714315   1.765832198707454   0.15759677382397888   
   254   30   -346.96761300498264   -346.593523   0.012469666832754456   1.3282251105023455   0.011488671289579136   0.08673364950695144   
   255   30   -346.7947214910319   -346.396186   0.013284516367730249   1.7437079167805496   0.9954683928312341   0.09785709674397366   
   256   30   -345.0963509031689   -345.319406   0.00743516989437012   3.755126497625999   1.7720408520962492   0.1804899146037528   
   257   30   -345.6488033700897   -345.594794   0.0018003123363238653   3.429960164643669   1.516014156909493   0.16692725103593453   
   258   30   -346.28571888467263   -345.98566   0.010001962822421244   2.7076655837107313   1.4062522652198646   0.135567347411748   
   259   30   -345.7073698327659   -345.383994   0.010779194425530629   2.4642377548424776   0.9635743079908264   0.13377912502470488   
   260   30   -346.9672413365564   -346.582564   0.01282257788521406   1.3289965988199346   0.012674058702720292   0.08673654678925857   
   261   30   -345.33208215304086   -345.452139   0.004001894898637678   4.516038333230862   2.7877194059915715   0.1519621192506978   
   262   30   -346.9676198312416   -346.593523   0.012469894374720524   1.3282094221544913   0.011488340001932391   0.08673288136345242   
   263   30   -345.59470132122846   -345.281949   0.010425077374281954   2.9241150003227485   1.8731426858085318   0.13002077587070518   
   264   30   -346.15834588758946   -345.928661   0.007656162919649508   3.427695963935868   2.1008744724980595   0.13299941632623033   
   265   30   -344.68524677184683   -345.111657   0.0142136742717715   4.880436572199185   3.3580683192526024   0.15177996911360728   
   266   30   -346.81494160488836   -346.367123   0.014927286829612285   1.700993863457331   1.3357971308825305   0.10138601813770554   
   267   30   -346.967191298621   -346.582565   0.012820876620700498   1.3289846718513174   0.012547437347920888   0.08673752845668745   
   268   30   -344.52988158862047   -344.91356   0.012789280379318294   4.310110648931034   3.4418344030629946   0.12938520008205442   
   269   30   -346.3482193239157   -345.836703   0.017050544130523804   2.178096000387873   1.6087691475914125   0.11778997887548294   
   270   30   -344.9148119312912   -344.984307   0.002316502290293935   3.5198661233618043   2.542628781803588   0.12205494113243673   
   271   30   -346.78546252572977   -346.393931   0.01305105085765869   1.9419773131778548   1.211680725041048   0.09899560024024241   
# Liquid.xyz
|  config  |  # atoms  |  energy  | DFT energy | energy error |  force  | DFT force | force error |
   272   100   -1104.7443800679725   -1105.601723   0.0085734293202745   31.159377199085785   31.398538862958276   0.5823254415310052   
   273   100   -1098.9963437808922   -1099.673012   0.006766682191077962   34.32632757627917   32.03167217885341   0.6352150957734753   
   274   100   -1123.749900840527   -1121.31506   0.024348408405271586   23.698932659723027   20.81076453205443   0.4839981398099895   
# Surface.xyz
|  config  |  # atoms  |  energy  | DFT energy | energy error |  force  | DFT force | force error |
   275   24   -279.9930004549928   -279.911828   0.0033821856246992374   0.280727049800968   0.00275309353273731   0.011629153160687338   
   276   48   -551.0944516252725   -555.359452   0.08885417447348942   6.53104866206033   0.003020630397781231   0.1946214802399864   
   277   40   -458.20934174017617   -459.216162   0.025170506495595647   5.60400197246361   5.046136400330455   0.10969248591387186   
   278   40   -459.85692744076886   -461.144076   0.032178713980778186   2.6878486009660265   0.005582740008275506   0.0816426044701213   
   279   24   -279.8962710178942   -279.635146   0.010880209078924471   1.236335026588155   1.2887998367287297   0.008642248441666337   
   280   30   -346.96761340657605   -346.592525   0.012502946885867535   1.3282243225935144   0.008446203407448815   0.0866775190124732   
   281   30   -345.887696849493   -345.744506   0.004773028316433662   3.991628190688732   3.1249613669778387   0.08608541879444793   
# Volume_A15.xyz
|  config  |  # atoms  |  energy  | DFT energy | energy error |  force  | DFT force | force error |
   282   8   -66.46730818501271   -66.990732   0.06542797687341029   6.801145608051566e-15   0   1.2206670859290132e-15   
   283   8   -72.67688677824441   -72.957807   0.03511502771944919   1.6042585960720658e-14   0   2.825575421786889e-15   
   284   8   -94.20689135210205   -94.145745   0.0076432940127553195   7.362970953408469e-15   0   1.249458104039423e-15   
   285   8   -94.43959930811621   -94.554682   0.014385336485473132   8.900848752588442e-15   0   1.3363431549369518e-15   
   286   8   -79.39843481019525   -79.438363   0.004991023725592569   1.2288075954247768e-14   0   1.8916436704078756e-15   
   287   8   -69.3888164915447   -69.627817   0.029875063556911385   5.122265750927228e-15   0   8.037913506083368e-16   
   288   8   -83.05446756035616   -82.604907   0.05619507004452018   5.7116191283369105e-15   0   8.813840860858827e-16   
   289   8   14.369139622181944   14.89048   0.06516754722725704   5.803513973423808e-14   0   9.85384372477934e-15   
   290   8   -94.13370638705163   -94.367599   0.02923657661854584   2.490648338594209e-14   0   3.326022934929472e-15   
   291   8   -89.38604869734255   -89.248227   0.017227712167818154   6.528058317677977e-15   0   1.0909965060997469e-15   
   292   8   -87.49613314608754   -87.211997   0.035517018260943445   7.903520474470849e-15   0   1.3340023530261647e-15   
   293   8   -93.42132542050786   -93.66897   0.030955572436518253   2.8402044483598306e-15   0   4.741888306939334e-16   
   294   8   -8.052202006771122   -7.989166   0.00787950084639022   9.163353038139132e-14   0   1.528037724202296e-14   
   295   8   -85.37693467025872   -84.982834   0.049262583782340386   2.4326068806812505e-15   0   3.823619661632212e-16   
   296   8   -92.37316599700875   -92.536373   0.020400875373905336   2.21579051057649e-14   0   3.1888554297143656e-15   
   297   8   -26.571488014888637   -26.77612   0.025578998138920284   6.003085774325312e-14   0   9.609366367245899e-15   
   298   8   -77.90862143904661   -77.544107   0.04556430488082697   3.70549491915855e-15   0   5.971424165325997e-16   
   299   8   -80.5555942148275   -80.114217   0.05517215185343716   5.7337583889238555e-15   0   9.986224810039819e-16   
   300   8   -41.834807379543456   -42.143041   0.0385292025570676   3.2009704768394405e-14   0   4.7385694196117464e-15   
   301   8   -91.02064652138257   -91.040671   0.0025030598271786886   8.475094113824442e-15   0   1.4233406120389702e-15   
   302   8   -84.76860696581004   -84.499231   0.03367199572625523   2.9018645064948354e-14   0   5.543959388787378e-15   
   303   8   -60.712306613625415   -61.825173   0.13910829829682303   1.2563600912318466e-14   0   2.270680749908808e-15   
   304   8   -91.58119533710227   -91.156873   0.053040292137783496   4.292741237734399e-15   0   7.367515162763164e-16   
   305   8   -54.28632784792794   -54.658744   0.04655201900900696   9.424055819159943e-14   0   1.6571237591975537e-14   
   306   8   -72.29250987769313   -72.277255   0.0019068597116422836   2.3160712496065966e-15   0   3.281337875027379e-16   
   307   8   -75.14362522608917   -74.923334   0.027536403261146702   2.91455536949754e-15   0   5.095750210681871e-16   
   308   8   -64.41770167117261   -64.798066   0.04754554110342468   1.1202090445418775e-14   0   1.7963061593739837e-15   
   309   8   -93.30049446964959   -93.048342   0.03151905870619842   9.593422029667015e-15   0   1.495139500985139e-15   
   310   8   -63.56337379599067   -64.38702   0.10295577550116697   4.429561707791699e-15   0   7.381609791005476e-16   
   311   8   -88.81213089771649   -88.352871   0.05740748721456157   8.940427579651205e-15   0   1.527893841538989e-15   
# Volume_BCC.xyz
|  config  |  # atoms  |  energy  | DFT energy | energy error |  force  | DFT force | force error |
   312   2   -16.38921524053194   -16.763625   0.18720487973403088   7.212445341068398e-16   0   2.613650037138389e-16   
   313   2   16.19624648471351   16.314145   0.058949257643245545   4.770220006833083e-14   0   1.654868371966008e-14   
   314   2   -21.24230444839375   -21.209071   0.01661672419687399   1.4088735007298773e-15   0   4.891930925945416e-16   
   315   2   -15.805603049634513   -15.780524   0.01253952481725662   1.6618012023852356e-14   0   6.47554203545934e-15   
   316   2   -19.055415658303342   -19.002205   0.026605329151671242   5.284937027863824e-15   0   1.633089827873816e-15   
   317   2   -22.674158243406517   -22.620568   0.02679512170325893   2.410743910120468e-15   0   9.3443771239284e-16   
   318   2   4.042473604021234   4.096885   0.027205697989383104   1.8788373460281422e-14   0   5.765064351829589e-15   
   319   2   56.21038668004959   56.26276   0.026186659975206084   6.69836993011997e-14   0   2.4584113442797782e-14   
   320   2   -22.558104169955715   -22.585113   0.013504415022142169   3.602041247104918e-15   0   1.4594806844551538e-15   
   321   2   -21.759976411849074   -21.795501   0.017762294075463814   1.6962721883337387e-15   0   6.152485928131076e-16   
   322   2   33.307627448681714   33.110078   0.09877472434085632   5.212015930496701e-14   0   1.6449226240370745e-14   
   323   2   -20.82156898289702   -20.885998   0.03221450855149044   1.1634189120498898e-15   0   3.191891195797325e-16   
   324   2   -23.55238606016479   -23.601336   0.02447496991760545   2.20945879691733e-15   0   6.805627386872551e-16   
   325   2   -23.17147421672979   -23.207313   0.01791939163510392   9.951889266188182e-16   0   3.681503340751665e-16   
   326   2   -19.78175681489584   -19.898089   0.05816609255207972   2.6731948050328094e-15   0   1.0269562977782698e-15   
   327   2   -23.450283635780032   -23.405474   0.02240481789001514   9.389406149330998e-16   0   2.772666355769597e-16   
   328   2   -4.653024677408736   -4.781324   0.06414966129563204   2.6712528201546363e-14   0   7.500944310123714e-15   
   329   2   -18.67535879293559   -18.864936   0.09478860353220497   4.933939044724272e-16   0   1.6653345369377348e-16   
   330   2   -17.53441810862293   -17.813086   0.1393339456885343   6.158048441266492e-16   0   2.2898349882893854e-16   
   331   2   -11.048380151575842   -11.197201   0.07441042421207911   4.5358680222185266e-15   0   1.4187146827696988e-15   
   332   2   -23.68490965592893   -23.696705   0.005897672035535706   1.743783263898602e-15   0   6.629534884024698e-16   
# Volume_FCC.xyz
|  config  |  # atoms  |  energy  | DFT energy | energy error |  force  | DFT force | force error |
   333   4   -19.133479217690248   -19.075994   0.014371304422561515   9.95221335055447e-15   0   2.3412984514100308e-15   
   334   4   -35.260706210794964   -34.873619   0.09677180269874164   1.2963113098873e-15   0   3.0576308267712033e-16   
   335   4   -43.93366452954367   -43.950003   0.004084617614083186   1.738277752645521e-15   0   3.7383290907300193e-16   
   336   4   -41.036904811842845   -40.991909   0.011248952960711378   1.7212348421445758e-15   0   3.944327503502265e-16   
   337   4   -43.42242782609832   -43.453929   0.007875293475420264   1.979565084396608e-14   0   5.672214294217467e-15   
   338   4   -42.673807811978314   -42.686077   0.003067297005420855   1.6048081483613754e-15   0   4.1908027973806366e-16   
   339   4   -33.588538118520795   -33.224653   0.0909712796301978   1.093954640858464e-15   0   2.6512357124512203e-16   
   340   4   -27.011636578797162   -26.862709   0.03723189469929089   7.069835562680266e-15   0   1.826728495520814e-15   
   341   4   -25.59009146795894   -25.519883   0.01755211698973458   3.425365138648961e-16   0   9.540979117872439e-17   
   342   4   3.4418817984645416   3.463071   0.005297300383864556   1.1628519930908533e-14   0   2.7097566540883883e-15   
   343   4   -31.90721821081224   -31.59595   0.07781705270306016   1.0276944620740425e-15   0   2.6309972718981573e-16   
   344   4   -45.06026255106556   -45.100466   0.010050862233608626   2.4243444360536317e-15   0   5.28287264933169e-16   
   345   4   -46.03951745104336   -46.052258   0.003185137239160696   1.3309840386330668e-15   0   3.024201259786234e-16   
   346   4   -30.242968448744048   -30.001189   0.06044486218601186   7.305637110056266e-16   0   1.457167719820518e-16   
   347   4   -22.95808405082632   -22.8504   0.02692101270657954   4.190901280725736e-16   0   1.1340754724198376e-16   
   348   4   -9.129806457330782   -9.164691   0.00872113566730448   1.47823377149104e-14   0   2.764281858969042e-15   
   349   4   -24.21762173785276   -24.150343   0.016819684463190043   7.7164977290533e-16   0   1.9804759684068548e-16   
   350   4   -46.44757243299141   -46.426795   0.005194358247852193   2.512109601266166e-15   0   6.325958275728757e-16   
   351   4   -28.620710200783464   -28.451145   0.04239130019586579   6.985264679456877e-15   0   1.9480944635219544e-15   
   352   4   40.31514224783324   40.341566   0.0066059380416891855   1.7476605400627842e-14   0   3.761108065436214e-15   
   353   4   19.512005119778248   19.617912   0.026476720055438108   3.631119845005672e-14   0   8.490875321787274e-15   
   354   4   -27.06317231127769   -26.954384   0.027197077819422155   4.495745987784742e-16   0   1.0278236595162582e-16   
   355   4   -46.36817163461783   -46.323696   0.011118908654458082   4.765540190914336e-15   0   1.33111114723287e-15   
   356   4   -45.87280132301935   -45.828947   0.010963580754838276   1.063373888155425e-14   0   3.0386572887527072e-15   
   357   4   -38.47137851223699   -38.16029   0.07777212805924627   8.220850709100437e-16   0   1.7419514904600439e-16   
   358   4   -33.06764734470233   -32.919741   0.03697658617558197   1.1992368100887017e-14   0   3.0375008064353892e-15   
   359   4   -41.34512954600701   -41.272675   0.01811363650175224   1.5120001484993486e-15   0   3.3731110714192253e-16   
   360   4   -39.95828655948544   -39.753322   0.05124113987135992   2.558182439426807e-15   0   6.103198360303029e-16   
   361   4   -37.66196898951318   -37.547435   0.028633497378294237   2.871596972601175e-15   0   7.258372144066291e-16   
   362   4   -36.897080707505175   -36.52595   0.09278267687629338   2.119650373959327e-15   0   4.871681761701533e-16   
   363   4   -45.03333642192736   -45.016087   0.004312355481840058   1.7264499318672548e-15   0   3.559074331545749e-16   
