# Table for the INT-INT interaction from
# Brannigan et al, Phys Rev E, 72, 011915 (2005)
# This table contains 
# i r_i  U(r_i)  -dU/dr|r_i
#   where U(r) = eps*(0.4*(sigma/r)^12 - 3.0*(sigma/r)^2)

INT
N 1130

1 0.02 2.0331818401e+30 1.21990910406e+33
2 0.04 4.9638228518e+26 1.48914685554e+29
3 0.06 3.82579033251e+24 7.65158066501e+26
4 0.08 1.21187081343e+23 1.81780622014e+25
5 0.1 8.32791281704e+21 9.99349538045e+23
6 0.12 9.34030842897e+20 9.34030842897e+22
7 0.14 1.46892540453e+20 1.25907891817e+22
8 0.16 2.95866897809e+19 2.21900173357e+21
9 0.18 7.19889946863e+18 4.79926631242e+20
10 0.2 2.0331818401e+18 1.21990910406e+20
11 0.22 6.47834392264e+17 3.53364213962e+19
12 0.24 2.28034873754e+17 1.14017436877e+19
13 0.26 8.72681951932e+16 4.02776285507e+18
14 0.28 3.58624366341e+16 1.53696157003e+18
15 0.3 1.56704372019e+16 6.26817488078e+17
16 0.32 7.2233129348e+15 2.70874235055e+17
17 0.34 3.48970861422e+15 1.23166186384e+17
18 0.36 1.75754381558e+15 5.85847938527e+16
19 0.38 9.18613895646e+14 2.90088598625e+16
20 0.4 4.96382285179e+14 1.48914685554e+16
21 0.42 2.76404230108e+14 7.89726371739e+15
22 0.44 1.58162693423e+14 4.31352800247e+15
23 0.46 9.27773983256e+13 2.42027995633e+15
24 0.48 5.56725765996e+13 1.391814415e+15
25 0.5 3.41111308981e+13 8.18667141564e+14
26 0.52 2.13057117167e+13 4.91670270393e+14
27 0.54 1.35459994024e+13 3.0102220895e+14
28 0.56 8.75547769351e+12 1.87617379153e+14
29 0.58 5.74645813711e+12 1.18892237325e+14
30 0.6 3.8257903322e+12 7.65158066491e+13
31 0.62 2.58128463312e+12 4.99603477424e+13
32 0.64 1.7635041342e+12 3.30657025205e+13
33 0.66 1.21901470178e+12 2.21639036726e+13
34 0.68 8.51979641904e+11 1.50349348607e+13
35 0.7 6.0167184547e+11 1.0314374497e+13
36 0.72 4.29087845387e+11 7.15146409276e+12
37 0.74 3.08855637556e+11 5.00846980094e+12
38 0.76 2.24270970425e+11 3.54112058818e+12
39 0.78 1.64210505205e+11 2.52631546702e+12
40 0.8 1.2118708117e+11 1.81780621971e+12
41 0.82 90109367359.1 1.31867367068e+12
42 0.84 67481501334.4 9.64021449503e+11
43 0.86 50880896383.4 7.09965997788e+11
44 0.88 38613938681.2 5.26553710913e+11
45 0.9 29486692086.8 3.93155896009e+11
46 0.92 22650731882.4 2.95444330322e+11
47 0.94 17498544395.3 2.23385674464e+11
48 0.96 13591937526.4 1.69899220331e+11
49 0.98 10612635712.6 1.29950642555e+11
50 1.0 8327912706.34 99934953582.6
51 1.02 6566502316.69 77252969474.2
52 1.04 5201589672.36 60018343356.8
53 1.06 4138717434.11 46853405843.3
54 1.08 3307128665.58 36745874940.0
55 1.1 2653529579.27 28947596241.1
56 1.12 2137567708.15 22902511945.9
57 1.14 1728534024.3 18195095739.0
58 1.16 1402943799.0 14513212422.1
59 1.18 1142752163.37 11621209113.9
60 1.2 934030766.093 9340308300.6
61 1.22 765981286.774 7534242773.65
62 1.24 630196371.787 6098675145.29
63 1.26 520103253.414 4953364870.6
64 1.28 430542934.103 4036340534.04
65 1.3 357450462.101 3299543229.91
66 1.32 297610947.802 2705554551.18
67 1.34 248472587.186 2225128105.44
68 1.36 208002782.573 1835319108.76
69 1.38 174576985.011 1518061159.35
70 1.4 146892484.084 1259078837.33
71 1.42 123901294.937 1047053582.16
72 1.44 104757721.536 872981382.419
73 1.46 88777241.639 729676313.267
74 1.48 75404158.02 611385405.387
75 1.5 64186061.7033 513488820.507
76 1.52 54753607.1486 432265633.695
77 1.54 46804443.7318 364710253.134
78 1.56 40090410.0598 308388060.159
79 1.58 34407297.9713 261321529.95
80 1.6 29586646.6744 221900119.2
81 1.62 25489145.661 188808745.634
82 1.64 21999316.2868 160970856.824
83 1.66 19021212.5921 137502982.517
84 1.68 16474936.8715 117678352.86
85 1.7 14293808.3245 100897694.735
86 1.72 12422056.6082 86665727.6626
87 1.74 10812938.3788 74572197.8496
88 1.76 9427195.57103 64276535.39
89 1.78 8231790.46096 55495411.7777
90 1.8 7198865.45512 47992625.088
91 1.82 6304885.77339 41570857.9644
92 1.84 5529931.32911 36064946.1544
93 1.86 4857110.59557 31336368.341
94 1.88 4272074.43377 27268725.7382
95 1.9 3762612.01167 23764025.6584
96 1.92 3318314.28383 20739619.609
97 1.94 2930293.18879 18125675.4316
98 1.96 2590946.89128 15863086.114
99 1.98 2293763.15199 13901736.4186
100 2.0 2033154.33079 12199063.3122
101 2.02 1804318.68586 10718858.1296
102 2.04 1603123.57305 9430268.02169
103 2.06 1426006.91783 8306962.01537
104 2.08 1269893.96121 7326433.30293
105 2.1 1132126.79514 6469414.48445
106 2.12 1010404.62602 5719386.63441
107 2.14 902733.052344 5062166.44376
108 2.16 807380.928986 4485558.44681
109 2.18 722843.627253 3979061.59742
110 2.2 647811.695319 3533621.30686
111 2.22 581144.085827 3141419.57242
112 2.24 521845.251959 2795697.07302
113 2.26 469045.525153 2490602.13576
114 2.28 421984.280794 2221062.32522
115 2.3 379995.475978 1982675.10836
116 2.32 342495.208369 1771614.62868
117 2.34 308970.999537 1584552.10475
118 2.36 278972.551763 1418587.76828
119 2.38 252103.765513 1271192.59046
120 2.4 228015.837009 1140158.32224
121 2.42 206401.282366 1023554.60663
122 2.44 186988.75765 919692.114521
123 2.46 169538.563484 827090.818108
124 2.48 153838.739168 744452.651831
125 2.5 139701.665073 670637.92543
126 2.52 126961.103835 604644.949624
127 2.54 115469.620781 545592.416037
128 2.56 105096.332511 492704.141327
129 2.58 95724.9397832 445295.843157
130 2.6 87252.0069441 402763.664479
131 2.62 79585.4554502 364574.203947
132 2.64 72643.2434671 330255.845328
133 2.66 66352.2073932 299391.208536
134 2.68 60647.0444312 271610.570248
135 2.7 55469.4181565 246586.123584
136 2.72 50767.1714483 224026.964698
137 2.74 46493.633237 203674.709811
138 2.76 42607.0073083 185299.659567
139 2.78 39069.8329526 168697.439095
140 2.8 35848.5085794 153686.051901
141 2.82 32912.8705664 140103.294183
142 2.84 30235.8206098 127804.483324
143 2.86 27792.9956998 116660.460548
144 2.88 25562.4755962 106555.833042
145 2.9 23524.5233195 97387.4254387
146 2.92 21661.3547409 89062.9145204
147 2.94 19956.9338374 81499.6244039
148 2.96 18396.7906059 74623.4624292
149 2.98 16967.8589974 68367.9785194
150 3.0 15658.3325568 62673.5329856
151 3.02 14457.5357325 57486.5596649
152 3.04 13355.809067 52758.912937
153 3.06 12344.4066925 48447.2886046
154 3.08 11415.4047444 44512.7098736
155 3.1 10561.6194689 40920.0707567
156 3.12 9776.5339459 37637.7301715
157 3.14 9054.23247117 34637.1508274
158 3.16 8389.34175838 31892.5777179
159 3.18 7776.97821258 29380.7516608
160 3.2 7212.7006167 27080.6538766
161 3.22 6692.4676457 24973.2780793
162 3.24 6212.59969004 23041.4269669
163 3.26 5769.74452856 21269.5303734
164 3.28 5360.84644195 19643.4826615
165 3.3 4983.1184041 18150.4972204
166 3.32 4634.01702836 16778.97618
167 3.34 4311.21998136 15518.393672
168 3.36 4012.60560869 14359.191159
169 3.38 3736.23454428 13292.6835236
170 3.4 3480.33310029 12310.9747549
171 3.42 3243.27825585 11406.8822043
172 3.44 3023.58408279 10573.8684961
173 3.46 2819.88946345 9805.98028003
174 3.48 2630.94697101 9097.79310596
175 3.5 2455.61279669 8444.36177626
176 3.52 2292.83761972 7841.17560602
177 3.54 2141.65832756 7284.11808108
178 3.56 2001.19050257 6769.43046025
179 3.58 1870.62160083 6293.67891689
180 3.6 1749.20475558 5853.72485855
181 3.62 1636.25314534 5446.69810179
182 3.64 1531.13487237 5069.97261409
183 3.66 1433.26830277 4721.1445646
184 3.68 1342.11782445 4398.01245332
185 3.7 1257.18998347 4098.55911171
186 3.72 1178.02996319 3820.93539003
187 3.74 1104.21837425 3563.44536511
188 3.76 1035.36832639 3324.53291993
189 3.78 971.122756088 3102.76956138
190 3.8 911.151986554 2896.84335615
191 3.82 855.151498616 2705.54887715
192 3.84 802.83989347 2527.77806329
193 3.86 753.957029799 2362.51190574
194 3.88 708.262319576 2208.81288195
195 3.9 665.533168297 2065.81806693
196 3.92 625.563546756 1932.73285812
197 3.94 588.162682667 1808.82525631
198 3.96 553.153861545 1693.42065104
199 3.98 520.373327227 1585.89706361
200 4.0 489.669273313 1485.68080556
201 4.02 460.900917596 1392.24251449
202 4.04 433.937652306 1305.09353282
203 4.06 408.6582636 1223.78259822
204 4.08 384.950214367 1147.89281764
205 4.1 362.708984933 1077.03889938
206 4.12 341.837466738 1010.86461999
207 4.14 322.245404503 949.040505266
208 4.16 303.848882793 891.261706073
209 4.18 286.569853265 837.246052066
210 4.2 270.33569919 786.732267446
211 4.22 255.078834164 739.47833469
212 4.24 240.736332164 695.259993326
213 4.26 227.249586386 653.869362042
214 4.28 214.563994495 615.113673492
215 4.3 202.628668126 578.814112106
216 4.32 191.396164684 544.804746089
217 4.34 180.822239621 512.931545605
218 4.36 170.865617553 483.051479815
219 4.38 161.487780703 455.031686127
220 4.4 152.652773286 428.748705595
221 4.42 144.327020575 404.087778912
222 4.44 136.479161479 380.942197972
223 4.46 129.07989358 359.212708377
224 4.48 122.101829632 338.806958688
225 4.5 115.519364658 319.638992577
226 4.52 109.308552789 301.628780369
227 4.54 103.446993117 284.701786758
228 4.56 97.9137238447 268.788571763
229 4.58 92.6891241175 253.824422244
230 4.6 87.7548229339 239.749011508
231 4.62 83.0936146036 226.506084761
232 4.64 78.6893802546 214.043168343
233 4.66 74.5270149351 202.31130085
234 4.68 70.5923598871 191.264784422
235 4.7 66.8721396072 180.860954593
236 4.72 63.353903336 171.05996726
237 4.74 60.0259706488 161.824601429
238 4.76 56.8773808439 153.120076496
239 4.78 53.8978458491 144.913882966
240 4.8 51.0777063884 137.175625538
241 4.82 48.4078911713 129.876877635
242 4.84 45.8798788842 122.991046476
243 4.86 43.485662782 116.493247913
244 4.88 41.2177176913 110.360190267
245 4.9 39.0689692529 104.570066494
246 4.92 37.0327652428 99.1024540566
247 4.94 35.102848823 93.9382219092
248 4.96 33.2733335874 89.05944408
249 4.98 31.5386802724 84.4493193479
250 5.0 29.8936750183 80.0920965658
251 5.02 28.3334090704 75.9730052143
252 5.04 26.8532598202 72.0781907976
253 5.06 25.4488730938 68.3946547294
254 5.08 24.116146599 64.9101983786
255 5.1 22.8512144543 61.6133709734
256 5.12 21.650432722 58.4934210835
257 5.14 20.5103658787 55.5402514226
258 5.16 19.4277741591 52.7443767307
259 5.18 18.3996017121 50.0968845179
260 5.2 17.4229655155 47.5893984632
261 5.22 16.4951449988 45.2140442802
262 5.24 15.6135723236 42.9634178757
263 5.26 14.775823281 40.8305556374
264 5.28 13.979608762 38.808906703
265 5.3 13.2227667648 36.8923070701
266 5.32 12.5032549016 35.0749554196
267 5.34 11.8191433738 33.3513905323
268 5.36 11.1686083831 31.7164701895
269 5.38 10.5499259512 30.1653514539
270 5.4 9.96146612005 28.693472236
271 5.42 9.40168750976 27.2965340593
272 5.44 8.86913220892 25.9704859397
273 5.46 8.36242097742 24.7115093061
274 5.48 7.88024874079 23.5160038893
275 5.5 7.4213803577 22.3805745153
276 5.52 6.98464664308 21.3020187412
277 5.54 6.56894063048 20.2773152771
278 5.56 6.1732140587 19.3036131423
279 5.58 5.79647406826 18.3782215059
280 5.6 5.43778009463 17.4986001669
281 5.62 5.09624094585 16.6623506308
282 5.64 4.77101205293 15.867207745
283 5.66 4.46129288233 15.1110318537
284 5.68 4.16632450031 14.3918014404
285 5.7 3.88538727999 13.7076062261
286 5.72 3.61779874199 13.0566406912
287 5.74 3.36291152072 12.4371979973
288 5.76 3.12011144838 11.8476642796
289 5.78 2.8888157497 11.2865132882
290 5.8 2.66847134042 10.7523013555
291 5.82 2.45855322349 10.2436626676
292 5.84 2.25856297681 9.7593048226
293 5.86 2.06802732724 9.2980046552
294 5.88 1.88649680546 8.85860431242
295 5.9 1.71354447704 8.44000756375
296 5.92 1.548764745 8.04117633127
297 5.94 1.39177221978 7.66112742597
298 5.96 1.24220065245 7.29892947717
299 5.98 1.09970192753 6.9537000433
300 6.0 0.963945111861 6.62460289254
301 6.02 0.83461555631 6.31084544295
302 6.04 0.711414047074 6.01167635216
303 6.06 0.594056003831 5.72638324756
304 6.08 0.482270721937 5.45429058822
305 6.1 0.375800656137 5.19475765055
306 6.12 0.274400743381 4.94717663025
307 6.14 0.177837762511 4.71097085338
308 6.16 0.0858897286772 4.48559308998
309 6.18 -0.00165467948361 4.27052396409
310 6.2 -0.0849966617872 4.06527045435
311 6.22 -0.164327809314 3.8693644797
312 6.24 -0.239830589745 3.68236156522
313 6.26 -0.311678806773 3.50383958321
314 6.28 -0.380038035049 3.33339756513
315 6.3 -0.445066032049 3.17065458013
316 6.32 -0.506913128135 3.0152486763
317 6.34 -0.56572259604 2.866835881
318 6.36 -0.621631000928 2.72508925658
319 6.38 -0.674768532081 2.58969800863
320 6.4 -0.725259317268 2.46036664323
321 6.42 -0.773221720709 2.33681417085
322 6.44 -0.818768625574 2.21877335375
323 6.46 -0.862007701832 2.10598999469
324 6.48 -0.90304166028 1.99822226439
325 6.5 -0.941968493479 1.8952400656
326 6.52 -0.978881704324 1.79682443166
327 6.54 -1.01387052292 1.70276695755
328 6.56 -1.04702011237 1.61286926168
329 6.58 -1.07841176412 1.52694247655
330 6.6 -1.10812308336 1.44480676668
331 6.62 -1.13622816508 1.36629087245
332 6.64 -1.1627977612 1.29123167801
333 6.66 -1.18789943936 1.21947380239
334 6.68 -1.21159773365 1.15086921208
335 6.7 -1.23395428792 1.08527685416
336 6.72 -1.25502799183 1.02256230873
337 6.74 -1.27487511024 0.962597459596
338 6.76 -1.2935494061 0.90526018218
339 6.78 -1.31110225728 0.850434047748
340 6.8 -1.32758276773 0.798008043011
341 6.82 -1.34303787302 0.747876304295
342 6.84 -1.35751244086 0.699937865467
343 6.86 -1.3710493666 0.654096418865
344 6.88 -1.38368966412 0.610260088543
345 6.9 -1.3954725523 0.568341215144
346 6.92 -1.40643553728 0.528256151786
347 6.94 -1.41661449078 0.489925070364
348 6.96 -1.42604372459 0.453271777711
349 6.98 -1.43475606153 0.418223541087
350 7.0 -1.44278290299 0.384710922497
351 7.02 -1.45015429321 0.352667621378
352 7.04 -1.45689898057 0.322030325194
353 7.06 -1.46304447588 0.292738567537
354 7.08 -1.46861710792 0.264734593325
355 7.1 -1.47364207647 0.237963230734
356 7.12 -1.47814350264 0.2123717695
357 7.14 -1.482144477 0.187909845266
358 7.16 -1.48566710537 0.16452932965
359 7.18 -1.48873255248 0.142184225751
360 7.2 -1.49136108362 0.120830568787
361 7.22 -1.49357210429 0.100426331626
362 7.24 -1.49538419809 0.0809313349308
363 7.26 -1.4968151628 0.0623071617066
364 7.28 -1.49788204479 0.044517076001
365 7.3 -1.49860117187 0.0275259455594
366 7.32 -1.49898818464 0.0113001682279
367 7.34 -1.49905806636 -0.00419239808778
368 7.36 -1.4988251715 -0.0189825020854
369 7.38 -1.49830325295 -0.0330995625254
370 7.4 -1.49750548803 -0.0465717286462
371 7.42 -1.49644450327 -0.0594259376903
372 7.44 -1.49513239812 -0.0716879696855
373 7.46 -1.49358076759 -0.0833824996199
374 7.48 -1.4918007238 -0.0945331471409
375 7.5 -1.48980291663 -0.105162523901
376 7.52 -1.48759755345 -0.115292278666
377 7.54 -1.48519441791 -0.124943140307
378 7.56 -1.48260288794 -0.13413495876
379 7.58 -1.47983195293 -0.142886744076
380 7.6 -1.47689023018 -0.151216703644
381 7.62 -1.47378598053 -0.159142277674
382 7.64 -1.47052712344 -0.166680173038
383 7.66 -1.46712125128 -0.173846395532
384 7.68 -1.46357564306 -0.180656280652
385 7.7 -1.45989727753 -0.187124522948
386 7.72 -1.45609284575 -0.193265204023
387 7.74 -1.45216876302 -0.199091819249
388 7.76 -1.4481311804 -0.204617303261
389 7.78 -1.44398599566 -0.20985405428
390 7.8 -1.43973886378 -0.214813957332
391 7.82 -1.43539520696 -0.21950840641
392 7.84 -1.43096022428 -0.223948325627
393 7.86 -1.42643890087 -0.228144189416
394 7.88 -1.42183601669 -0.232106041819
395 7.9 -1.41715615498 -0.235843514899
396 7.92 -1.41240371029 -0.239365846333
397 7.94 -1.40758289625 -0.242681896213
398 7.96 -1.40269775292 -0.245800163096
399 7.98 -1.39775215386 -0.248728799339
400 8.0 -1.39274981294 -0.251475625745
401 8.02 -1.38769429081 -0.254048145572
402 8.04 -1.3825890011 -0.256453557906
403 8.06 -1.37743721643 -0.258698770453
404 8.08 -1.37224207403 -0.260790411767
405 8.1 -1.3670065813 -0.262734842931
406 8.12 -1.36173362096 -0.264538168734
407 8.14 -1.35642595614 -0.26620624836
408 8.16 -1.35108623513 -0.267744705599
409 8.18 -1.34571699603 -0.269158938625
410 8.2 -1.34032067115 -0.270454129338
411 8.22 -1.33489959126 -0.271635252315
412 8.24 -1.32945598963 -0.272707083354
413 8.26 -1.32399200593 -0.273674207668
414 8.28 -1.31850968998 -0.274541027712
415 8.3 -1.3130110053 -0.275311770682
416 8.32 -1.30749783257 -0.275990495686
417 8.34 -1.30197197291 -0.276581100614
418 8.36 -1.29643515102 -0.277087328708
419 8.38 -1.29088901827 -0.277512774857
420 8.4 -1.28533515553 -0.277860891625
421 8.42 -1.279775076 -0.278134995017
422 8.44 -1.27421022789 -0.278338270004
423 8.46 -1.26864199697 -0.27847377582
424 8.48 -1.26307170904 -0.278544451025
425 8.5 -1.25750063229 -0.278553118366
426 8.52 -1.25192997959 -0.278502489422
427 8.54 -1.24636091063 -0.27839516907
428 8.56 -1.24079453406 -0.278233659745
429 8.58 -1.23523190945 -0.27802036554
430 8.6 -1.22967404925 -0.277757596126
431 8.62 -1.22412192063 -0.277447570509
432 8.64 -1.21857644724 -0.277092420635
433 8.66 -1.21303851096 -0.276694194842
434 8.68 -1.20750895348 -0.276254861174
435 8.7 -1.20198857794 -0.275776310556
436 8.72 -1.19647815038 -0.275260359835
437 8.74 -1.19097840123 -0.274708754702
438 8.76 -1.18549002669 -0.274123172492
439 8.78 -1.18001369009 -0.273505224869
440 8.8 -1.17455002313 -0.272856460401
441 8.82 -1.16909962718 -0.272178367032
442 8.84 -1.16366307443 -0.271472374453
443 8.86 -1.15824090903 -0.270739856375
444 8.88 -1.1528336482 -0.269982132713
445 8.9 -1.14744178329 -0.269200471678
446 8.92 -1.14206578078 -0.26839609179
447 8.94 -1.13670608326 -0.267570163805
448 8.96 -1.13136311038 -0.266723812565
449 8.98 -1.1260372597 -0.26585811878
450 9.0 -1.12072890764 -0.264974120729
451 9.02 -1.11543841024 -0.2640728159
452 9.04 -1.11016610399 -0.263155162565
453 9.06 -1.10491230659 -0.262222081284
454 9.08 -1.09967731769 -0.261274456364
455 9.1 -1.09446141962 -0.260313137244
456 9.12 -1.08926487805 -0.259338939836
457 9.14 -1.08408794265 -0.258352647809
458 9.16 -1.07893084774 -0.257355013824
459 9.18 -1.07379381288 -0.256346760718
460 9.2 -1.06867704347 -0.255328582644
461 9.22 -1.06358073129 -0.254301146164
462 9.24 -1.05850505508 -0.253265091305
463 9.26 -1.053450181 -0.252221032561
464 9.28 -1.04841626319 -0.251169559871
465 9.3 -1.04340344425 -0.25011123955
466 9.32 -1.03841185563 -0.249046615186
467 9.34 -1.03344161818 -0.2479762085
468 9.36 -1.0284928425 -0.246900520178
469 9.38 -1.02356562938 -0.245820030663
470 9.4 -1.0186600702 -0.244735200927
471 9.42 -1.01377624733 -0.243646473201
472 9.44 -1.00891423443 -0.242554271687
473 9.46 -1.0040740969 -0.241459003238
474 9.48 -0.999255892143 -0.240361058009
475 9.5 -0.994459669928 -0.239260810093
476 9.52 -0.989685472697 -0.238158618121
477 9.54 -0.984933335869 -0.237054825845
478 9.56 -0.980203288132 -0.235949762702
479 9.58 -0.975495351726 -0.234843744346
480 9.6 -0.970809542708 -0.233737073173
481 9.62 -0.966145871217 -0.232630038816
482 9.64 -0.961504341725 -0.231522918625
483 9.66 -0.956884953272 -0.230415978128
484 9.68 -0.952287699705 -0.229309471477
485 9.7 -0.947712569897 -0.228203641873
486 9.72 -0.943159547963 -0.22709872198
487 9.74 -0.938628613467 -0.225994934317
488 9.76 -0.934119741622 -0.224892491642
489 9.78 -0.929632903477 -0.223791597316
490 9.8 -0.925168066109 -0.222692445658
491 9.82 -0.920725192794 -0.221595222284
492 9.84 -0.916304243179 -0.220500104432
493 9.86 -0.91190517345 -0.219407261278
494 9.88 -0.907527936486 -0.218316854241
495 9.9 -0.903172482012 -0.217229037271
496 9.92 -0.898838756748 -0.216143957132
497 9.94 -0.894526704547 -0.215061753669
498 9.96 -0.890236266534 -0.213982560076
499 9.98 -0.885967381232 -0.212906503136
500 10.0 -0.881719984692 -0.211833703472
501 10.02 -0.877494010612 -0.210764275774
502 10.04 -0.873289390453 -0.209698329022
503 10.06 -0.869106053554 -0.208635966708
504 10.08 -0.864943927233 -0.207577287034
505 10.1 -0.860802936899 -0.206522383122
506 10.12 -0.856683006147 -0.205471343199
507 10.14 -0.852584056854 -0.204424250786
508 10.16 -0.848506009271 -0.203381184875
509 10.18 -0.844448782117 -0.202342220105
510 10.2 -0.840412292656 -0.201307426921
511 10.22 -0.836396456786 -0.20027687174
512 10.24 -0.832401189115 -0.199250617102
513 10.26 -0.828426403039 -0.19822872182
514 10.28 -0.824472010811 -0.197211241119
515 10.3 -0.820537923617 -0.196198226777
516 10.32 -0.81662405164 -0.195189727259
517 10.34 -0.812730304126 -0.19418578784
518 10.36 -0.808856589444 -0.193186450732
519 10.38 -0.805002815152 -0.1921917552
520 10.4 -0.801168888049 -0.191201737679
521 10.42 -0.797354714233 -0.190216431881
522 10.44 -0.793560199154 -0.189235868906
523 10.46 -0.789785247667 -0.188260077336
524 10.48 -0.786029764076 -0.187289083343
525 10.5 -0.782293652189 -0.186322910778
526 10.52 -0.778576815358 -0.185361581264
527 10.54 -0.774879156522 -0.184405114284
528 10.56 -0.771200578253 -0.183453527268
529 10.58 -0.767540982794 -0.182506835671
530 10.6 -0.763900272099 -0.181565053055
531 10.62 -0.760278347867 -0.180628191165
532 10.64 -0.75667511158 -0.179696260001
533 10.66 -0.753090464539 -0.17876926789
534 10.68 -0.749524307893 -0.177847221551
535 10.7 -0.745976542671 -0.176930126167
536 10.72 -0.742447069815 -0.176017985441
537 10.74 -0.738935790206 -0.175110801662
538 10.76 -0.735442604695 -0.174208575761
539 10.78 -0.731967414126 -0.173311307369
540 10.8 -0.728510119361 -0.172418994873
541 10.82 -0.72507062131 -0.171531635464
542 10.84 -0.721648820948 -0.170649225192
543 10.86 -0.718244619341 -0.169771759015
544 10.88 -0.714857917667 -0.168899230842
545 10.9 -0.711488617235 -0.168031633581
546 10.92 -0.708136619505 -0.167168959186
547 10.94 -0.704801826108 -0.166311198692
548 10.96 -0.701484138863 -0.165458342262
549 10.98 -0.698183459794 -0.164610379221
550 11.0 -0.694899691148 -0.1637672981
551 11.02 -0.691632735406 -0.162929086665
552 11.04 -0.688382495303 -0.162095731957
553 11.06 -0.68514887384 -0.161267220326
554 11.08 -0.681931774298 -0.160443537459
555 11.1 -0.678731100249 -0.159624668416
556 11.12 -0.675546755573 -0.15881059766
557 11.14 -0.672378644462 -0.15800130908
558 11.16 -0.669226671439 -0.157196786028
559 11.18 -0.666090741365 -0.156397011339
560 11.2 -0.662970759447 -0.155601967361
561 11.22 -0.659866631253 -0.154811635976
562 11.24 -0.656778262715 -0.154025998629
563 11.26 -0.653705560141 -0.153245036348
564 11.28 -0.650648430223 -0.152468729768
565 11.3 -0.647606780043 -0.15169705915
566 11.32 -0.644580517084 -0.150930004405
567 11.34 -0.641569549231 -0.150167545112
568 11.36 -0.638573784781 -0.149409660536
569 11.38 -0.635593132451 -0.148656329652
570 11.4 -0.632627501379 -0.147907531156
571 11.42 -0.629676801133 -0.147163243484
572 11.44 -0.626740941713 -0.146423444834
573 11.46 -0.62381983356 -0.145688113174
574 11.48 -0.620913387554 -0.144957226261
575 11.5 -0.618021515027 -0.144230761656
576 11.52 -0.615144127757 -0.143508696739
577 11.54 -0.612281137978 -0.14279100872
578 11.56 -0.609432458382 -0.142077674653
579 11.58 -0.606598002119 -0.141368671449
580 11.6 -0.603777682806 -0.140663975889
581 11.62 -0.600971414522 -0.139963564633
582 11.64 -0.598179111815 -0.139267414235
583 11.66 -0.595400689704 -0.138575501149
584 11.68 -0.592636063678 -0.137887801745
585 11.7 -0.589885149701 -0.137204292313
586 11.72 -0.587147864211 -0.136524949077
587 11.74 -0.584424124122 -0.135849748201
588 11.76 -0.581713846826 -0.135178665802
589 11.78 -0.579016950193 -0.134511677954
590 11.8 -0.576333352571 -0.133848760697
591 11.82 -0.573662972788 -0.133189890048
592 11.84 -0.571005730151 -0.132535042004
593 11.86 -0.56836154445 -0.131884192552
594 11.88 -0.565730335952 -0.131237317677
595 11.9 -0.563112025406 -0.130594393364
596 11.92 -0.560506534041 -0.129955395608
597 11.94 -0.557913783565 -0.129320300421
598 11.96 -0.555333696166 -0.128689083832
599 11.98 -0.552766194514 -0.1280617219
600 12.0 -0.550211201752 -0.127438190715
601 12.02 -0.547668641506 -0.126818466403
602 12.04 -0.545138437876 -0.126202525133
603 12.06 -0.542620515439 -0.125590343118
604 12.08 -0.540114799247 -0.124981896625
605 12.1 -0.537621214828 -0.124377161973
606 12.12 -0.53513968818 -0.123776115544
607 12.14 -0.532670145775 -0.123178733779
608 12.16 -0.530212514555 -0.122584993188
609 12.18 -0.52776672193 -0.121994870352
610 12.2 -0.525332695778 -0.121408341923
611 12.22 -0.522910364445 -0.120825384632
612 12.24 -0.52049965674 -0.120245975289
613 12.26 -0.518100501935 -0.119670090788
614 12.28 -0.515712829763 -0.119097708107
615 12.3 -0.513336570418 -0.118528804313
616 12.32 -0.51097165455 -0.117963356563
617 12.34 -0.508618013267 -0.11740134211
618 12.36 -0.506275578128 -0.116842738298
619 12.38 -0.503944281147 -0.116287522571
620 12.4 -0.501624054788 -0.115735672472
621 12.42 -0.49931483196 -0.115187165645
622 12.44 -0.497016546022 -0.114641979838
623 12.46 -0.494729130774 -0.114100092904
624 12.48 -0.49245252046 -0.1135614828
625 12.5 -0.490186649763 -0.113026127594
626 12.52 -0.487931453803 -0.112494005462
627 12.54 -0.485686868135 -0.11196509469
628 12.56 -0.48345282875 -0.111439373678
629 12.58 -0.481229272066 -0.110916820936
630 12.6 -0.479016134933 -0.110397415091
631 12.62 -0.476813354625 -0.109881134884
632 12.64 -0.474620868841 -0.109367959171
633 12.66 -0.472438615702 -0.108857866928
634 12.68 -0.470266533747 -0.108350837244
635 12.7 -0.468104561934 -0.107846849332
636 12.72 -0.465952639633 -0.107345882519
637 12.74 -0.463810706629 -0.106847916255
638 12.76 -0.461678703116 -0.106352930108
639 12.78 -0.459556569693 -0.105860903769
640 12.8 -0.457444247367 -0.105371817049
641 12.82 -0.455341677547 -0.10488564988
642 12.84 -0.453248802042 -0.104402382317
643 12.86 -0.451165563056 -0.103921994536
644 12.88 -0.449091903193 -0.103444466836
645 12.9 -0.447027765446 -0.102969779639
646 12.92 -0.4449730932 -0.102497913489
647 12.94 -0.442927830229 -0.102028849053
648 12.96 -0.440891920688 -0.101562567122
649 12.98 -0.438865309121 -0.101099048608
650 13.0 -0.436847940448 -0.100638274548
651 13.02 -0.434839759968 -0.100180226101
652 13.04 -0.432840713358 -0.0997248845489
653 13.06 -0.430850746664 -0.0992722312959
654 13.08 -0.428869806307 -0.0988222478696
655 13.1 -0.426897839073 -0.0983749159199
656 13.12 -0.424934792115 -0.0979302172191
657 13.14 -0.42298061295 -0.0974881336614
658 13.16 -0.421035249454 -0.097048647263
659 13.18 -0.419098649864 -0.0966117401617
660 13.2 -0.417170762771 -0.0961773946166
661 13.22 -0.41525153712 -0.0957455930079
662 13.24 -0.413340922208 -0.0953163178365
663 13.26 -0.411438867679 -0.0948895517235
664 13.28 -0.409545323527 -0.0944652774101
665 13.3 -0.407660240085 -0.0940434777572
666 13.32 -0.405783568032 -0.0936241357448
667 13.34 -0.403915258384 -0.0932072344716
668 13.36 -0.402055262494 -0.0927927571548
669 13.38 -0.400203532049 -0.0923806871294
670 13.4 -0.39836001907 -0.091971007848
671 13.42 -0.396524675907 -0.0915637028799
672 13.44 -0.394697455235 -0.0911587559112
673 13.46 -0.392878310058 -0.0907561507435
674 13.48 -0.391067193701 -0.0903558712944
675 13.5 -0.389264059808 -0.0899579015961
676 13.52 -0.387468862344 -0.0895622257951
677 13.54 -0.385681555589 -0.089168828152
678 13.56 -0.383902094135 -0.0887776930406
679 13.58 -0.382130432887 -0.0883888049474
680 13.6 -0.380366527059 -0.088002148471
681 13.62 -0.378610332173 -0.0876177083216
682 13.64 -0.376861804052 -0.0872354693205
683 13.66 -0.375120898826 -0.0868554163993
684 13.68 -0.373387572922 -0.0864775345994
685 13.7 -0.371661783067 -0.0861018090713
686 13.72 -0.369943486282 -0.0857282250742
687 13.74 -0.368232639885 -0.0853567679751
688 13.76 -0.366529201481 -0.0849874232486
689 13.78 -0.364833128968 -0.0846201764757
690 13.8 -0.363144380531 -0.0842550133436
691 13.82 -0.361462914638 -0.083891919645
692 13.84 -0.359788690043 -0.0835308812773
693 13.86 -0.358121665778 -0.0831718842421
694 13.88 -0.356461801157 -0.0828149146446
695 13.9 -0.354809055768 -0.0824599586927
696 13.92 -0.353163389476 -0.0821070026966
697 13.94 -0.351524762418 -0.0817560330682
698 13.96 -0.349893135001 -0.0814070363201
699 13.98 -0.348268467902 -0.0810599990654
700 14.0 -0.346650722064 -0.0807149080166
701 14.02 -0.345039858694 -0.0803717499853
702 14.04 -0.343435839265 -0.0800305118814
703 14.06 -0.341838625506 -0.0796911807123
704 14.08 -0.340248179409 -0.0793537435825
705 14.1 -0.338664463221 -0.079018187693
706 14.12 -0.337087439445 -0.0786845003402
707 14.14 -0.335517070835 -0.0783526689157
708 14.16 -0.333953320399 -0.0780226809053
709 14.18 -0.332396151392 -0.0776945238888
710 14.2 -0.330845527319 -0.0773681855387
711 14.22 -0.329301411928 -0.0770436536203
712 14.24 -0.327763769212 -0.0767209159903
713 14.26 -0.326232563407 -0.0763999605967
714 14.28 -0.324707758986 -0.076080775478
715 14.3 -0.323189320665 -0.0757633487623
716 14.32 -0.321677213392 -0.075447668667
717 14.34 -0.320171402352 -0.0751337234981
718 14.36 -0.318671852963 -0.0748215016493
719 14.38 -0.317178530874 -0.0745109916017
720 14.4 -0.315691401963 -0.0742021819228
721 14.42 -0.314210432337 -0.0738950612663
722 14.44 -0.312735588328 -0.073589618371
723 14.46 -0.311266836492 -0.0732858420606
724 14.48 -0.309804143609 -0.0729837212427
725 14.5 -0.308347476679 -0.0726832449085
726 14.52 -0.306896802922 -0.0723844021319
727 14.54 -0.305452089775 -0.072087182069
728 14.56 -0.304013304893 -0.0717915739575
729 14.58 -0.302580416142 -0.0714975671162
730 14.6 -0.301153391604 -0.071205150944
731 14.62 -0.29973219957 -0.0709143149198
732 14.64 -0.298316808542 -0.0706250486013
733 14.66 -0.29690718723 -0.0703373416252
734 14.68 -0.29550330455 -0.0700511837056
735 14.7 -0.294105129623 -0.0697665646344
736 14.72 -0.292712631773 -0.06948347428
737 14.74 -0.291325780527 -0.069201902587
738 14.76 -0.289944545612 -0.0689218395755
739 14.78 -0.288568896953 -0.0686432753407
740 14.8 -0.287198804672 -0.068366200052
741 14.82 -0.285834239089 -0.0680906039529
742 14.84 -0.284475170717 -0.0678164773599
743 14.86 -0.283121570262 -0.0675438106623
744 14.88 -0.281773408622 -0.0672725943215
745 14.9 -0.280430656883 -0.0670028188703
746 14.92 -0.279093286324 -0.0667344749127
747 14.94 -0.277761268406 -0.066467553123
748 14.96 -0.276434574779 -0.0662020442454
749 14.98 -0.275113177278 -0.0659379390934
750 15.0 -0.273797047918 -0.0656752285492
751 15.02 -0.272486158899 -0.0654139035635
752 15.04 -0.271180482599 -0.0651539551544
753 15.06 -0.269879991575 -0.0648953744073
754 15.08 -0.268584658563 -0.0646381524742
755 15.1 -0.267294456476 -0.0643822805732
756 15.12 -0.266009358398 -0.064127749988
757 15.14 -0.264729337592 -0.0638745520673
758 15.16 -0.263454367489 -0.0636226782243
759 15.18 -0.262184421693 -0.0633721199364
760 15.2 -0.260919473977 -0.0631228687444
761 15.22 -0.259659498285 -0.062874916252
762 15.24 -0.258404468725 -0.0626282541256
763 15.26 -0.257154359572 -0.0623828740934
764 15.28 -0.255909145268 -0.0621387679452
765 15.3 -0.254668800416 -0.061895927532
766 15.32 -0.253433299783 -0.061654344765
767 15.34 -0.252202618295 -0.0614140116156
768 15.36 -0.250976731041 -0.0611749201148
769 15.38 -0.249755613266 -0.0609370623526
770 15.4 -0.248539240374 -0.0607004304776
771 15.42 -0.247327587926 -0.0604650166966
772 15.44 -0.246120631637 -0.0602308132741
773 15.46 -0.244918347377 -0.0599978125317
774 15.48 -0.243720711169 -0.0597660068478
775 15.5 -0.242527699187 -0.0595353886571
776 15.52 -0.241339287756 -0.05930595045
777 15.54 -0.240155453352 -0.0590776847726
778 15.56 -0.238976172597 -0.0588505842256
779 15.58 -0.237801422264 -0.0586246414643
780 15.6 -0.236631179269 -0.0583998491983
781 15.62 -0.235465420674 -0.0581762001905
782 15.64 -0.234304123687 -0.057953687257
783 15.66 -0.233147265658 -0.057732303267
784 15.68 -0.231994824078 -0.0575120411416
785 15.7 -0.23084677658 -0.0572928938542
786 15.72 -0.229703100938 -0.0570748544293
787 15.74 -0.228563775063 -0.0568579159429
788 15.76 -0.227428777006 -0.0566420715213
789 15.78 -0.226298084954 -0.0564273143414
790 15.8 -0.22517167723 -0.0562136376296
791 15.82 -0.224049532291 -0.0560010346619
792 15.84 -0.222931628729 -0.0557894987635
793 15.86 -0.22181794527 -0.0555790233081
794 15.88 -0.220708460771 -0.0553696017175
795 15.9 -0.21960315422 -0.0551612274618
796 15.92 -0.218502004734 -0.0549538940582
797 15.94 -0.217404991561 -0.0547475950712
798 15.96 -0.216312094077 -0.0545423241119
799 15.98 -0.215223291785 -0.0543380748379
800 16.0 -0.214138564315 -0.0541348409526
801 16.02 -0.21305789142 -0.0539326162051
802 16.04 -0.21198125298 -0.0537313943897
803 16.06 -0.210908628999 -0.0535311693457
804 16.08 -0.209839999602 -0.0533319349567
805 16.1 -0.208775345037 -0.0531336851505
806 16.12 -0.207714645672 -0.0529364138987
807 16.14 -0.206657881997 -0.0527401152166
808 16.16 -0.205605034619 -0.0525447831621
809 16.18 -0.204556084266 -0.0523504118362
810 16.2 -0.20351101178 -0.0521569953823
811 16.22 -0.202469798123 -0.0519645279856
812 16.24 -0.201432424372 -0.0517730038733
813 16.26 -0.200398871718 -0.0515824173138
814 16.28 -0.199369121467 -0.0513927626166
815 16.3 -0.198343155039 -0.051204034132
816 16.32 -0.197320953965 -0.0510162262506
817 16.34 -0.196302499889 -0.050829333403
818 16.36 -0.195287774565 -0.0506433500599
819 16.38 -0.194276759859 -0.0504582707309
820 16.4 -0.193269437746 -0.0502740899651
821 16.42 -0.192265790306 -0.0500908023503
822 16.44 -0.191265799733 -0.0499084025129
823 16.46 -0.190269448323 -0.0497268851171
824 16.48 -0.189276718481 -0.0495462448654
825 16.5 -0.188287592716 -0.0493664764977
826 16.52 -0.187302053643 -0.0491875747911
827 16.54 -0.186320083981 -0.0490095345599
828 16.56 -0.185341666552 -0.0488323506547
829 16.58 -0.18436678428 -0.0486560179629
830 16.6 -0.183395420192 -0.0484805314077
831 16.62 -0.182427557417 -0.0483058859483
832 16.64 -0.181463179181 -0.0481320765793
833 16.66 -0.180502268813 -0.0479590983305
834 16.68 -0.179544809739 -0.0477869462668
835 16.7 -0.178590785487 -0.0476156154877
836 16.72 -0.177640179677 -0.0474451011271
837 16.74 -0.176692976031 -0.0472753983531
838 16.76 -0.175749158364 -0.0471065023674
839 16.78 -0.174808710589 -0.0469384084057
840 16.8 -0.173871616713 -0.0467711117367
841 16.82 -0.172937860836 -0.0466046076623
842 16.84 -0.172007427154 -0.0464388915171
843 16.86 -0.171080299953 -0.0462739586683
844 16.88 -0.170156463616 -0.0461098045155
845 16.9 -0.169235902612 -0.04594642449
846 16.92 -0.168318601505 -0.0457838140552
847 16.94 -0.167404544949 -0.0456219687059
848 16.96 -0.166493717686 -0.0454608839681
849 16.98 -0.165586104549 -0.0453005553988
850 17.0 -0.164681690459 -0.045140978586
851 17.02 -0.163780460423 -0.044982149148
852 17.04 -0.162882399539 -0.0448240627335
853 17.06 -0.161987492989 -0.0446667150213
854 17.08 -0.161095726042 -0.0445101017198
855 17.1 -0.160207084053 -0.0443542185673
856 17.12 -0.15932155246 -0.0441990613312
857 17.14 -0.158439116788 -0.0440446258081
858 17.16 -0.157559762644 -0.0438909078236
859 17.18 -0.156683475719 -0.0437379032318
860 17.2 -0.155810241787 -0.0435856079154
861 17.22 -0.154940046702 -0.0434340177851
862 17.24 -0.154072876401 -0.0432831287799
863 17.26 -0.153208716903 -0.0431329368663
864 17.28 -0.152347554306 -0.0429834380385
865 17.3 -0.151489374787 -0.0428346283181
866 17.32 -0.150634164605 -0.0426865037537
867 17.34 -0.149781910096 -0.0425390604208
868 17.36 -0.148932597673 -0.0423922944219
869 17.38 -0.148086213829 -0.0422462018856
870 17.4 -0.147242745133 -0.0421007789672
871 17.42 -0.146402178232 -0.0419560218477
872 17.44 -0.145564499846 -0.0418119267343
873 17.46 -0.144729696774 -0.0416684898597
874 17.48 -0.143897755889 -0.0415257074823
875 17.5 -0.143068664136 -0.0413835758856
876 17.52 -0.142242408539 -0.0412420913782
877 17.54 -0.141418976192 -0.0411012502937
878 17.56 -0.140598354262 -0.0409610489904
879 17.58 -0.139780529991 -0.0408214838511
880 17.6 -0.138965490691 -0.040682551283
881 17.62 -0.138153223746 -0.0405442477172
882 17.64 -0.137343716613 -0.0404065696091
883 17.66 -0.136536956816 -0.0402695134376
884 17.68 -0.135732931952 -0.0401330757054
885 17.7 -0.134931629688 -0.0399972529384
886 17.72 -0.134133037758 -0.0398620416858
887 17.74 -0.133337143966 -0.0397274385201
888 17.76 -0.132543936186 -0.0395934400363
889 17.78 -0.131753402356 -0.0394600428522
890 17.8 -0.130965530486 -0.0393272436083
891 17.82 -0.130180308648 -0.0391950389674
892 17.84 -0.129397724985 -0.0390634256142
893 17.86 -0.128617767704 -0.0389324002559
894 17.88 -0.127840425077 -0.0388019596211
895 17.9 -0.127065685442 -0.0386721004602
896 17.92 -0.126293537203 -0.0385428195454
897 17.94 -0.125523968827 -0.0384141136698
898 17.96 -0.124756968844 -0.038285979648
899 17.98 -0.12399252585 -0.0381584143155
900 18.0 -0.123230628501 -0.0380314145287
901 18.02 -0.122471265519 -0.0379049771648
902 18.04 -0.121714425686 -0.0377790991214
903 18.06 -0.120960097846 -0.0376537773164
904 18.08 -0.120208270905 -0.0375290086883
905 18.1 -0.119458933831 -0.0374047901954
906 18.12 -0.11871207565 -0.0372811188161
907 18.14 -0.117967685451 -0.0371579915483
908 18.16 -0.117225752381 -0.0370354054099
909 18.18 -0.116486265647 -0.0369133574381
910 18.2 -0.115749214515 -0.0367918446895
911 18.22 -0.11501458831 -0.0366708642398
912 18.24 -0.114282376416 -0.0365504131839
913 18.26 -0.113552568273 -0.0364304886354
914 18.28 -0.11282515338 -0.0363110877269
915 18.3 -0.112100121292 -0.0361922076096
916 18.32 -0.111377461622 -0.0360738454529
917 18.34 -0.110657164039 -0.0359559984449
918 18.36 -0.109939218269 -0.0358386637917
919 18.38 -0.109223614091 -0.0357218387177
920 18.4 -0.108510341341 -0.0356055204649
921 18.42 -0.107799389911 -0.0354897062933
922 18.44 -0.107090749747 -0.0353743934808
923 18.46 -0.106384410848 -0.0352595793223
924 18.48 -0.105680363268 -0.0351452611307
925 18.5 -0.104978597114 -0.0350314362357
926 18.52 -0.104279102547 -0.0349181019845
927 18.54 -0.103581869781 -0.0348052557411
928 18.56 -0.102886889082 -0.0346928948865
929 18.58 -0.102194150767 -0.0345810168186
930 18.6 -0.101503645208 -0.0344696189517
931 18.62 -0.100815362825 -0.0343586987167
932 18.64 -0.100129294092 -0.0342482535611
933 18.66 -0.0994454295322 -0.0341382809484
934 18.68 -0.0987637597204 -0.0340287783585
935 18.7 -0.0980842752811 -0.0339197432873
936 18.72 -0.0974069668887 -0.0338111732465
937 18.74 -0.0967318252675 -0.0337030657637
938 18.76 -0.0960588411908 -0.0335954183822
939 18.78 -0.0953880054812 -0.0334882286609
940 18.8 -0.0947193090095 -0.0333814941741
941 18.82 -0.0940527426954 -0.0332752125115
942 18.84 -0.0933882975062 -0.0331693812782
943 18.86 -0.0927259644573 -0.033063998094
944 18.88 -0.0920657346112 -0.0329590605941
945 18.9 -0.0914075990779 -0.0328545664286
946 18.92 -0.0907515490141 -0.0327505132621
947 18.94 -0.0900975756229 -0.0326468987742
948 18.96 -0.089445670154 -0.032543720659
949 18.98 -0.0887958239027 -0.0324409766249
950 19.0 -0.0881480282103 -0.032338664395
951 19.02 -0.0875022744633 -0.0322367817064
952 19.04 -0.0868585540934 -0.0321353263106
953 19.06 -0.0862168585771 -0.0320342959728
954 19.08 -0.0855771794356 -0.0319336884725
955 19.1 -0.084939508234 -0.0318335016031
956 19.12 -0.0843038365819 -0.0317337331714
957 19.14 -0.0836701561321 -0.0316343809981
958 19.16 -0.0830384585813 -0.0315354429176
959 19.18 -0.0824087356692 -0.0314369167774
960 19.2 -0.0817809791782 -0.0313388004388
961 19.22 -0.0811551809338 -0.031241091776
962 19.24 -0.0805313328034 -0.0311437886765
963 19.26 -0.079909426697 -0.031046889041
964 19.28 -0.079289454566 -0.030950390783
965 19.3 -0.0786714084036 -0.0308542918291
966 19.32 -0.0780552802445 -0.0307585901186
967 19.34 -0.0774410621642 -0.0306632836034
968 19.36 -0.0768287462793 -0.0305683702482
969 19.38 -0.0762183247467 -0.0304738480301
970 19.4 -0.0756097897639 -0.0303797149388
971 19.42 -0.0750031335683 -0.0302859689762
972 19.44 -0.0743983484373 -0.0301926081566
973 19.46 -0.0737954266876 -0.0300996305063
974 19.48 -0.0731943606756 -0.0300070340638
975 19.5 -0.0725951427967 -0.0299148168796
976 19.52 -0.071997765485 -0.0298229770161
977 19.54 -0.0714022212134 -0.0297315125477
978 19.56 -0.0708085024932 -0.0296404215602
979 19.58 -0.0702166018738 -0.0295497021514
980 19.6 -0.0696265119425 -0.0294593524306
981 19.62 -0.0690382253245 -0.0293693705184
982 19.64 -0.0684517346822 -0.0292797545471
983 19.66 -0.0678670327154 -0.0291905026603
984 19.68 -0.0672841121609 -0.0291016130126
985 19.7 -0.0667029657922 -0.0290130837702
986 19.72 -0.0661235864195 -0.02892491311
987 19.74 -0.0655459668893 -0.0288370992202
988 19.76 -0.0649701000843 -0.0287496402998
989 19.78 -0.0643959789228 -0.0286625345588
990 19.8 -0.0638235963592 -0.028575780218
991 19.82 -0.0632529453832 -0.0284893755087
992 19.84 -0.0626840190197 -0.0284033186731
993 19.86 -0.0621168103288 -0.0283176079638
994 19.88 -0.0615513124053 -0.0282322416441
995 19.9 -0.0609875183786 -0.0281472179874
996 19.92 -0.0604254214128 -0.0280625352778
997 19.94 -0.0598650147059 -0.0279781918096
998 19.96 -0.0593062914901 -0.027894185887
999 19.98 -0.0587492450313 -0.0278105158248
1000 20.0 -0.0581938686292 -0.0277271799475
1001 20.02 -0.0576401556166 -0.0276441765898
1002 20.04 -0.0570880993599 -0.0275615040963
1003 20.06 -0.056537693258 -0.0274791608214
1004 20.08 -0.0559889307431 -0.0273971451294
1005 20.1 -0.0554418052798 -0.0273154553941
1006 20.12 -0.0548963103651 -0.0272340899992
1007 20.14 -0.0543524395283 -0.0271530473379
1008 20.16 -0.0538101863307 -0.027072325813
1009 20.18 -0.0532695443654 -0.0269919238365
1010 20.2 -0.0527305072574 -0.0269118398301
1011 20.22 -0.0521930686629 -0.0268320722247
1012 20.24 -0.0516572222695 -0.0267526194605
1013 20.26 -0.0511229617959 -0.0266734799867
1014 20.28 -0.0505902809917 -0.0265946522621
1015 20.3 -0.0500591736373 -0.026516134754
1016 20.32 -0.0495296335436 -0.0264379259393
1017 20.34 -0.0490016545518 -0.0263600243033
1018 20.36 -0.0484752305336 -0.0262824283405
1019 20.38 -0.0479503553904 -0.0262051365543
1020 20.4 -0.0474270230535 -0.0261281474567
1021 20.42 -0.0469052274841 -0.0260514595684
1022 20.44 -0.0463849626725 -0.0259750714189
1023 20.46 -0.0458662226388 -0.0258989815462
1024 20.48 -0.0453490014319 -0.0258231884968
1025 20.5 -0.0448332931297 -0.0257476908257
1026 20.52 -0.0443190918392 -0.0256724870964
1027 20.54 -0.0438063916958 -0.0255975758806
1028 20.56 -0.0432951868634 -0.0255229557586
1029 20.58 -0.0427854715342 -0.0254486253186
1030 20.6 -0.0422772399288 -0.0253745831572
1031 20.62 -0.0417704862954 -0.0253008278792
1032 20.64 -0.0412652049103 -0.0252273580972
1033 20.66 -0.0407613900774 -0.0251541724321
1034 20.68 -0.040259036128 -0.0250812695126
1035 20.7 -0.039758137421 -0.0250086479756
1036 20.72 -0.0392586883422 -0.0249363064654
1037 20.74 -0.0387606833045 -0.0248642436347
1038 20.76 -0.0382641167479 -0.0247924581434
1039 20.78 -0.0377689831387 -0.0247209486595
1040 20.8 -0.0372752769703 -0.0246497138585
1041 20.82 -0.036782992762 -0.0245787524235
1042 20.84 -0.0362921250596 -0.0245080630453
1043 20.86 -0.0358026684351 -0.0244376444219
1044 20.88 -0.0353146174863 -0.0243674952592
1045 20.9 -0.0348279668369 -0.0242976142701
1046 20.92 -0.0343427111362 -0.0242280001751
1047 20.94 -0.0338588450591 -0.0241586517019
1048 20.96 -0.0333763633058 -0.0240895675856
1049 20.98 -0.0328952606017 -0.0240207465683
1050 21.0 -0.0324155316974 -0.0239521873994
1051 21.02 -0.0319371713684 -0.0238838888354
1052 21.04 -0.0314601744149 -0.0238158496399
1053 21.06 -0.0309845356618 -0.0237480685835
1054 21.08 -0.0305102499587 -0.0236805444437
1055 21.1 -0.0300373121794 -0.0236132760051
1056 21.12 -0.0295657172219 -0.023546262059
1057 21.14 -0.0290954600085 -0.0234795014037
1058 21.16 -0.0286265354851 -0.0234129928442
1059 21.18 -0.028158938622 -0.0233467351922
1060 21.2 -0.0276926644126 -0.0232807272662
1061 21.22 -0.0272277078743 -0.0232149678915
1062 21.24 -0.0267640640477 -0.0231494558997
1063 21.26 -0.0263017279969 -0.0230841901292
1064 21.28 -0.0258406948088 -0.0230191694249
1065 21.3 -0.0253809595937 -0.0229543926381
1066 21.32 -0.0249225174848 -0.0228898586266
1067 21.34 -0.0244653636377 -0.0228255662547
1068 21.36 -0.0240094932312 -0.0227615143929
1069 21.38 -0.0235549014661 -0.0226977019182
1070 21.4 -0.023101583566 -0.0226341277136
1071 21.42 -0.0226495347765 -0.0225707906687
1072 21.44 -0.0221987503655 -0.0225076896791
1073 21.46 -0.021749225623 -0.0224448236465
1074 21.48 -0.0213009558606 -0.0223821914788
1075 21.5 -0.020853936412 -0.02231979209
1076 21.52 -0.0204081626323 -0.0222576244002
1077 21.54 -0.0199636298985 -0.0221956873354
1078 21.56 -0.0195203336085 -0.0221339798275
1079 21.58 -0.0190782691821 -0.0220725008144
1080 21.6 -0.0186374320597 -0.02201124924
1081 21.62 -0.0181978177032 -0.0219502240539
1082 21.64 -0.0177594215953 -0.0218894242115
1083 21.66 -0.0173222392394 -0.0218288486741
1084 21.68 -0.0168862661598 -0.0217684964086
1085 21.7 -0.0164514979014 -0.0217083663878
1086 21.72 -0.0160179300295 -0.0216484575898
1087 21.74 -0.0155855581298 -0.0215887689986
1088 21.76 -0.0151543778082 -0.0215292996039
1089 21.78 -0.014724384691 -0.0214700484006
1090 21.8 -0.0142955744243 -0.0214110143895
1091 21.82 -0.0138679426741 -0.0213521965765
1092 21.84 -0.0134414851265 -0.0212935939733
1093 21.86 -0.013016197487 -0.0212352055967
1094 21.88 -0.0125920754809 -0.0211770304692
1095 21.9 -0.012169114853 -0.0211190676184
1096 21.92 -0.0117473113675 -0.0210613160772
1097 21.94 -0.0113266608076 -0.021003774884
1098 21.96 -0.0109071589762 -0.0209464430823
1099 21.98 -0.0104888016947 -0.0208893197208
1100 22.0 -0.010071584804 -0.0208324038534
1101 22.02 -0.00965550416359 -0.0207756945391
1102 22.04 -0.0092405556517 -0.020719190842
1103 22.06 -0.00882673516534 -0.0206628918315
1104 22.08 -0.00841403862003 -0.0206067965819
1105 22.1 -0.0080024619498 -0.0205509041723
1106 22.12 -0.00759200110698 -0.0204952136871
1107 22.14 -0.00718265206222 -0.0204397242155
1108 22.16 -0.00677441080431 -0.0203844348517
1109 22.18 -0.00636727334011 -0.0203293446947
1110 22.2 -0.00596123569445 -0.0202744528484
1111 22.22 -0.00555629391005 -0.0202197584216
1112 22.24 -0.00515244404737 -0.0201652605278
1113 22.26 -0.00474968218459 -0.0201109582853
1114 22.28 -0.00434800441746 -0.0200568508172
1115 22.3 -0.00394740685922 -0.0200029372512
1116 22.32 -0.00354788564052 -0.0199492167196
1117 22.34 -0.0031494369093 -0.0198956883597
1118 22.36 -0.00275205683071 -0.0198423513132
1119 22.38 -0.00235574158704 -0.0197892047262
1120 22.4 -0.00196048737759 -0.0197362477497
1121 22.42 -0.00156629041861 -0.0196834795391
1122 22.44 -0.00117314694319 -0.0196308992543
1123 22.46 -0.000781053201174 -0.0195785060596
1124 22.48 -0.000390005459079 -0.019526299124
1125 22.5 0.0 -0.0194742776206
1126 22.52 0.0 0.0
1127 22.54 0.0 0.0
1128 22.56 0.0 0.0
1129 22.58 0.0 0.0
1130 22.6 0.0 0.0
