1 2.2943224014 -1.0464559164 0.705670375 0.7060563124
2 -2.2131251616 -0.2534282466 0.4179088816 0.4179333901
3 0.4986979062 -2.2939091778 0.7059446546 0.7062197784
4 -1.1363949942 2.51662017456 0.4833167708 0.4835316314
5 2.5828525206 -2.5704232026 0.4170765074 0.4171853937
6 2.5312613994 0.0813363383999999 0.4686585474 0.4687482872
7 0.5270681202 0.1822394328 0.4566503184 0.4566702648
8 -1.8090864528 -2.4784758522 0.5213700014 0.5215540739
9 1.5172336578 -2.5995934452 0.400239651 0.4004180139
10 -2.73541260294 -0.665141415 0.264585664 0.2646419567
11 2.3288409102 1.3275844698 0.6712796186 0.671305465
12 -2.3449237668 -1.3998745674 0.653114676 0.6537050365
13 -0.273720192 0.98136621 0.5832515002 0.5835425632
14 -2.2730510436 0.8475503082 0.7267395712 0.7271867217
15 -1.085860644 -2.713778256 0.2766961708 0.2767006077
16 1.3479684156 2.42613314088 0.5737740954 0.5739094414
17 0.8679249744 1.362694794 0.5918476524 0.5923292094
18 2.4884923332 2.48855293056 0.5114622224 0.5115241628
19 -1.2926150898 -0.6855962928 0.6186114574 0.6186510622
20 -0.0560958545999997 2.1992913546 0.6555111342 0.6559432277
21 -0.3722640066 -1.390832787 0.5430032632 0.5434405502
22 1.5403470072 -0.3978432918 0.3501305128 0.3504226441
23 -1.4918790522 0.2174364522 0.3453688136 0.345726593
24 -1.6062643146 1.5734729928 0.3338806088 0.3339006782
25 -2.287521294 2.2873168098 0.7127836958 0.7128691615
26 -1.20882963 0.9761847042 0.3286489024 0.3286563375
27 -2.65328715 -2.3745858984 0.3469818514 0.3469938136
28 2.4560289282 2.47977454422 1.540497065 0.518089035
29 1.5203646228 0.459011676 0.5245273472 0.524557466
30 -2.2683050202 -2.2685845308 1.7291921848 0.7317004607
31 -2.2389258816 -0.3545632704 1.5777711886 0.7463444395
32 1.3274025204 0.870454446 1.3818432376 0.4457722249
33 -0.8200048704 1.682402946 0.3146065552 0.3146130774
34 2.037405963 -2.734891422 0.7927691996 0.2653537674
35 0.7446510036 -0.9449665488 0.665534172 0.6657401609
36 0.252108156 1.4342595378 1.6692793032 0.6510015351
37 -0.232995339 -0.3789234516 0.4790476876 0.4790707157
38 -1.182695493 0.3412997304 1.1881339314 0.5607946756
39 0.7342458606 2.48273619588 1.4745929916 0.5176415568
40 1.4495150124 -1.7657545758 0.4065028532 0.4065169232
41 2.4072350574 -2.1788555046 1.331500264 0.5929448755
42 1.9710933996 2.74890964128 1.0075394556 0.25109367
43 2.3634119148 0.3264172704 1.4397791162 0.5468590664
44 -0.7944022698 -2.3604619842 1.0731014692 0.6398110513
45 -2.61750025026 1.5823487454 1.4837685658 0.3828216219
46 -1.3934448894 -1.4557962264 1.4245323334 0.5007351387
47 2.0516104722 -0.5976729528 1.8291002472 0.5032897309
48 -1.1662107612 1.580801847 1.2476943158 0.68038851
49 -2.62275320286 2.62274544918 1.6943357446 0.3772760844
50 1.427421291 1.7820856302 1.393223335 0.4714230179
51 1.511602665 -0.286772143799999 1.1251421486 0.4330516084
52 -0.00495156840000011 0.1458958272 1.4742242634 0.6673832361
53 1.4580859176 -1.3409557974 1.518765968 0.4972881764
54 2.6241844452 -1.3095172254 1.7018651874 0.3759083213
55 -0.118992429 -1.2628323378 1.7735270244 0.7194916347
56 1.5647497962 2.46394055646 2.121833662 0.5359769328
57 -1.5032832552 2.59377415992 1.4501380794 0.4063930172
58 -0.5839557306 1.0057908114 2.610664932 0.6791948278
59 1.3074553278 -2.4040604262 1.7243671778 0.5964918599
60 0.8814832356 -0.5611616082 1.7601448296 0.5026682898
61 -2.48310263682 0.8266609542 1.9533304434 0.5170110188
62 2.297113395 1.3967461578 2.081742634 0.7030393739
63 -1.0195599864 -0.4111505676 1.9681311576 0.5352429558
64 -0.5175275088 2.4823593312 1.69677395 0.5176595874
65 -1.5489189312 0.4950305808 2.168855308 0.4975790562
66 0.333337215 -0.0583095054 2.827392692 0.7423505541
67 0.0674296854000001 -2.4833591418 1.8344001122 0.5167676635
68 0.2775952626 2.3842496988 2.507242568 0.6160387592
69 2.4017613972 -2.4018615012 2.501486212 0.5984231387
70 -1.9955052906 1.9651018854 2.311247106 0.7211789759
71 -2.53302155544 -1.2633035634 2.325987884 0.4670032313
72 1.0254797076 -1.3689550506 2.699984766 0.7453434186
73 2.7366543312 -0.255166959 1.8627578132 0.2633667332
74 -1.5932869332 -1.161104781 2.33654568 0.4783428461
75 -1.009793352 -2.3145221832 2.379841524 0.6857252069
76 0.693340893 -2.7334615248 2.233459154 0.2665414081
77 1.4664561702 0.2494399638 2.198538934 0.5896736187
78 1.0609126104 1.346259048 2.764337228 0.7100030833
79 2.5104461586 0.288508614 2.469325808 0.4902809103
80 2.2333125396 -1.3321437648 2.468530976 0.4850812043
81 -2.53682629722 -2.0202472632 2.866756044 0.4632815554
82 1.39206234 -2.5243049766 2.847264012 0.4759385864
83 -2.2724829138 -0.1098747342 3.030753202 0.7278689558
84 2.017225557 -0.4654244676 3.2605051 0.7088141325
85 -0.8802476718 2.2941084036 3.138807084 0.706319733
86 -0.628079403 -1.2303917862 3.026510666 0.6333826584
87 -2.3580815088 1.2015017298 3.469933122 0.6423476731
88 2.4394649826 2.43914405052 2.782663268 0.5611360678
89 0.0625357709999999 1.567985091 3.457187126 0.5253053479
90 -1.539161295 0.7417340322 3.027584724 0.3961963631
99 -2.72525501652 2.7252550677 2.33003352 0.2747456695
92 0.0712955964000002 -2.1279171366 2.760670462 0.4755996786
93 -1.6729430694 -2.2970374674 3.599943258 0.703232669
94 2.3386638444 1.4752735164 3.527299472 0.6613443566
95 -1.434656622 1.4247232644 3.255650254 0.3315953156
96 1.4645618112 2.40960447342 3.394721712 0.5906045429
97 1.3760703144 0.6001459458 3.91326855 0.6957628841
98 -0.9462140538 -0.0427487088 3.336492874 0.6348952769
100 0.1827398208 2.53982076702 3.56794066 0.4602070182
101 -0.457002639 -2.4730137114 3.539548678 0.5270570418
102 -0.931419198 1.310320869 4.181737976 0.7285273468
103 -2.0616432114 -1.381992453 2.96886929 0.338965935
104 0.3262376142 -1.1104806558 3.891426076 0.6602407423
105 2.603218266 0.4692112902 3.333852194 0.3969569889
106 0.621550263600001 -2.5866908208 3.286851976 0.4133731777
107 -1.6503699132 -0.9780887094 3.900764794 0.6499567157
108 2.5553042898 0.5974451142 4.164302548 0.4447202462
109 1.093439955 -1.9843021254 3.772229138 0.4928106182
110 2.2235607966 -1.7856976272 3.593621548 0.6684564056
111 -1.8611431338 0.263821821 4.322428632 0.6784407082
112 -0.714751794 -1.7696935824 4.568625748 0.7458394563
113 0.0386044164000001 0.2095397208 4.263319014 0.7410307389
114 2.6686634316 -0.9488247192 3.911576604 0.3313563455
115 2.2284709422 2.44392245922 4.203874322 0.52275482
116 1.6157859984 1.0711117986 4.785981628 0.324507904
117 2.6962586916 2.69148775836 3.569067278 0.3038361345
118 2.3010754314 -2.3010362742 4.857805072 0.6990378129
119 1.5263534148 -1.0151841486 4.39882278 0.646307023
120 2.5098680544 -0.286387857 4.293648972 0.4497013899
121 -2.299556475 -1.9016876682 4.792048206 0.7005884521
122 0.9244959174 1.6753165404 3.841476996 0.4245743159
123 -2.195684046 2.3733634644 3.92901905 0.627024797
124 2.029463979 0.3068333046 4.912229852 0.5146686515
125 2.413782231 1.5097724478 4.772127442 0.5862580388
126 -0.9412554102 -0.4929830346 4.75320165 0.5604422166
127 0.3372408174 -2.552452671 4.098775276 0.4476288123
128 1.595908398 1.800843726 3.997430578 0.2760586876
129 -1.1690519448 2.54118940104 4.240150194 0.4588777615
130 0.9204879588 2.5114852107 4.32092078 0.4885296669
131 0.659912373 1.3331246274 4.845102632 0.6684164081
132 2.671829979 2.67183193236 4.893475244 0.3281755811
133 -2.2910456076 1.4532497628 4.8927943 0.7089778106
134 -1.076059968 0.5908148568 5.408126698 0.7007406601
135 -2.3840496972 -0.6255172758 5.10418547 0.6160086477
136 1.0821373314 -0.0702869808000002 4.884508576 0.5053602451
137 -0.1570730478 2.3498492814 4.651425962 0.6502238281
138 0.2317918764 0.4511463576 5.732392164 0.6539508916
139 -1.3545203652 -2.270521377 5.800060516 0.7295653254
140 -0.9624893322 -2.7356211324 4.088993036 0.2643819056
141 -1.5216895236 -0.3565353498 5.43671559 0.3466350961
142 -1.2907235904 2.2917439416 5.332687914 0.6684343677
143 0.8866195422 -2.0804987466 5.0460502 0.7449337414
144 1.6203390714 2.41392403836 5.130579106 0.5861366337
145 1.296612102 0.664002732 5.135460666 0.2998035487
146 -2.53747613442 0.4097391504 5.36465084 0.4625465899
147 0.1716290718 -0.8312932698 5.267659842 0.7114849333
148 1.654186005 1.321091574 5.765267432 0.6781646288
149 2.378105925 -0.7080846654 5.286799656 0.6219566767
150 1.7460546672 -1.5505974858 5.104615992 0.2664296597
151 -2.5832557326 -1.4049308712 5.751830462 0.4167636988
152 1.5354658446 -0.00829035900000008 5.96063277 0.6640629242
153 -1.7109245526 -1.0595021664 5.944676482 0.5411024747
154 2.6796552096 2.1823488846 5.31882093 0.3203466498
155 -0.3250549086 1.5328440306 5.45032619 0.5047825301
156 -1.026100956 1.520969247 6.202284836 0.5233534934
157 1.2170797572 -0.7873677756 5.30232077 0.3354648203
158 0.5536985856 2.295029025 5.731413028 0.6438728258
159 2.5065769272 0.6006610446 6.121709486 0.4934687094
160 -2.0501973498 -0.0777889722000005 6.039149584 0.501875366
