276 5469 5471 
288 1815 1931 
290 1810 1815 
293 1815 1816 
295 5350 5351 
300 1813 1815 
288 1815 1931 
276 5469 5471 
278 5475 5477 
283 5349 5350 
287 5470 5477 
290 5472 5477 
292 5350 5352 
294 5477 5478 
295 5350 5351 
305 1702 1704 
308 1705 5351 
313 1699 1704 
324 1820 5471 
327 1813 1814 
332 1937 1938 
339 5228 5349 
350 1811 1818 
353 1817 5348 
361 1588 1700 
362 1700 5348 
364 1817 5469 
368 1700 5228 
368 1704 1819 
372 1817 5467 
373 5351 5470 
374 1701 1818 
374 1817 5468 
377 1584 1694 
380 5231 5349 
383 1588 5349 
383 5231 5350 
386 1458 1574 
388 1811 1812 
399 1464 1580 
399 1817 1822 
306 1938 5471 
308 1928 1933 
309 1933 1934 
310 1933 2048 
311 5712 5830 
313 1931 1933 
332 1937 1938 
333 1938 1939 
333 2056 2171 
338 1938 1940 
340 2172 2174 
352 2172 5712 
353 2056 2057 
355 2056 2172 
359 5712 5831 
362 2057 2169 
367 1932 1938 
368 2052 5709 
372 2052 2053 
375 5712 5713 
375 2172 2173 
377 2174 2286 
385 5711 5712 
385 2169 5709 
386 1935 1936 
387 2054 2055 
387 2169 5829 
398 2277 2278 
399 2057 2171 
303 5232 5350 
303 5477 5595 
304 5352 5470 
306 1938 5471 
306 5483 5484 
312 5350 5355 
312 5481 5483 
312 5471 5591 
316 5471 5590 
318 5357 5470 
324 1820 5471 
330 5470 5475 
331 5354 5473 
332 5476 5481 
332 5471 5589 
332 5483 5601 
339 5228 5349 
341 5473 5474 
343 5358 5476 
346 5349 5352 
346 5355 5357 
347 5237 5350 
350 5357 5358 
351 5354 5467 
353 1817 5348 
358 5348 5467 
362 1700 5348 
362 5601 5602 
366 5470 5471 
367 5472 5475 
371 5476 5477 
372 1817 5467 
372 5480 5593 
373 5351 5470 
373 5601 5603 
374 1817 5468 
380 5231 5349 
383 1588 5349 
383 5231 5350 
387 5478 5481 
388 5234 5353 
389 5596 5601 
397 5484 5486 
400 5593 5601 
303 5477 5595 
311 5712 5830 
312 5471 5591 
316 5471 5590 
319 5717 5719 
325 5831 5833 
332 5471 5589 
349 5603 5604 
355 5717 5722 
359 5712 5831 
368 2052 5709 
370 5720 5722 
372 5480 5593 
372 5600 5603 
373 5600 5604 
373 5601 5603 
374 5587 5594 
375 5712 5713 
379 5588 5708 
381 5600 5714 
383 5720 5721 
385 5711 5712 
385 2169 5709 
387 2169 5829 
388 5722 5723 
391 5828 5829 
394 5833 5948 
398 5710 5712 
400 5593 5601 
401 1820 1822 
403 1817 1819 
404 1586 1588 
405 1569 1685 
410 1821 1938 
411 1822 5469 
412 1568 1575 
413 1822 1937 
421 1699 1819 
421 5232 5349 
422 1704 1814 
423 1582 1584 
431 1565 1572 
431 1578 1688 
431 1812 1929 
433 5469 5472 
435 1467 1585 
442 1809 1810 
448 1685 1692 
448 1698 1808 
451 1703 5349 
454 1563 1679 
454 1935 1937 
455 1703 5351 
457 1582 1694 
458 1813 1816 
459 1695 1805 
460 1926 1927 
461 1699 1814 
468 1810 1816 
471 1814 1819 
476 1701 1819 
478 1566 1682 
480 1818 1929 
481 1920 1925 
482 1580 1587 
485 5468 5469 
486 1689 1805 
490 1457 1464 
490 1806 1810 
493 1587 1588 
493 1814 1816 
497 1682 1689 
498 1699 1816 
500 1688 1805 
500 1689 1695 
402 2049 2051 
402 2054 2057 
410 1821 1938 
416 2052 5588 
417 2055 2056 
420 1939 2049 
423 1923 1930 
423 2161 2271 
426 2050 2160 
431 1812 1929 
431 2044 2154 
437 2284 2393 
441 1940 2054 
441 2174 5832 
442 2166 2173 
448 1927 1928 
449 2286 5949 
451 2163 2170 
452 2037 2038 
457 2396 2397 
460 1926 1927 
461 1936 2046 
461 2406 2513 
464 1930 1934 
465 2055 5712 
471 1931 1934 
473 1940 5710 
474 2154 2159 
475 2274 2275 
477 1933 2049 
478 1923 2040 
479 2037 2039 
479 2399 2400 
480 1818 1929 
481 1920 1925 
482 1930 2048 
482 2039 2042 
482 2164 2280 
482 2174 5830 
485 1930 1931 
486 1930 1936 
486 2046 2053 
487 1928 1930 
488 2167 2283 
495 2156 2159 
498 1928 1934 
403 5368 5369 
407 5484 5601 
409 5601 5604 
412 5232 5352 
414 5476 5596 
416 5123 5236 
419 5484 5602 
421 5232 5349 
421 5472 5595 
422 5129 5242 
425 5362 5363 
426 5347 5354 
426 5352 5355 
430 5246 5359 
433 5469 5472 
434 5481 5484 
437 5135 5248 
438 5365 5366 
439 5358 5478 
439 5483 5596 
441 5362 5369 
450 5363 5482 
450 5484 5487 
456 5484 5607 
458 5480 5599 
459 5242 5243 
461 5235 5236 
463 5479 5486 
464 5482 5483 
467 5234 5347 
467 5361 5362 
469 5232 5355 
470 5474 5475 
474 5116 5117 
475 5356 5363 
480 5234 5240 
481 5485 5487 
484 5480 5484 
485 5468 5469 
488 5476 5478 
493 5233 5238 
494 5356 5361 
495 5118 5238 
496 5363 5483 
497 5018 5128 
498 5233 5240 
500 5370 5488 
406 5591 5711 
406 5722 5724 
406 5969 5976 
407 5721 5725 
408 5600 5720 
409 5601 5604 
413 5597 5717 
419 5970 6089 
421 5472 5595 
421 6074 6081 
425 5719 5722 
425 5964 6083 
426 5594 5598 
426 5831 5838 
429 5840 5841 
436 5833 5838 
437 5724 5843 
439 5593 5595 
441 5951 5958 
444 5830 5831 
446 5713 5831 
449 5831 5951 
449 2286 5949 
453 5722 5725 
453 5709 5829 
454 5599 5600 
454 5591 5710 
455 5834 5842 
458 5480 5599 
459 5724 5837 
462 5589 5592 
462 6084 6202 
464 5598 5603 
465 2055 5712 
472 5954 5955 
473 1940 5710 
476 5594 5708 
477 5856 5975 
482 2174 5830 
482 5844 5963 
484 5714 5721 
488 5592 5708 
490 6083 6090 
501 1802 1807 
503 1805 1807 
504 1689 1806 
507 1569 1679 
507 1693 1805 
510 1688 1693 
511 1575 1690 
518 1799 1807 
520 1227 1340 
521 1803 1804 
522 1347 1463 
525 1575 1691 
528 1804 1925 
529 1581 1697 
531 1446 1562 
531 1573 1576 
535 1574 1575 
536 1802 1809 
548 1692 1693 
552 1693 1807 
553 1575 1692 
553 1819 1821 
555 1699 1813 
560 1922 1925 
569 5109 5111 
569 1705 1819 
576 1570 1690 
580 1808 1809 
584 1581 1696 
586 1471 5111 
589 1459 1576 
599 1702 1705 
502 2160 2167 
503 1922 1924 
503 2036 2037 
504 1922 2037 
504 2169 5830 
505 2057 2174 
505 2168 2283 
507 1924 2040 
507 2281 2390 
514 2162 2167 
514 2167 2168 
515 1929 1934 
515 2044 2159 
524 1929 1936 
530 2165 2167 
536 2167 2282 
549 2158 2274 
549 2519 2520 
560 1922 1925 
560 2035 2039 
560 2158 2276 
561 2289 5832 
562 1932 1939 
562 2263 2372 
567 2041 2157 
567 2381 2382 
581 1920 2037 
583 1920 1927 
583 5950 5953 
586 2042 2045 
593 5951 5952 
596 5833 5950 
600 2158 2159 
502 5254 5255 
507 5232 5237 
508 5473 5478 
511 5239 5240 
512 5111 5112 
513 5233 5353 
519 4901 5011 
519 5012 5122 
522 5235 5238 
522 5240 5241 
523 5260 5261 
523 5364 5369 
525 5490 5608 
528 5237 5238 
538 5479 5480 
542 5488 5493 
553 5611 5613 
555 5246 5365 
555 5489 5608 
557 4895 5005 
561 5481 5601 
564 5140 5141 
569 5109 5111 
571 5114 5235 
572 5488 5495 
573 5230 5237 
582 5490 5492 
584 5024 5134 
586 1471 5111 
587 5244 5367 
587 5352 5354 
587 5490 5495 
591 5486 5599 
594 5347 5348 
502 5959 6077 
504 2169 5830 
507 5606 5726 
519 5835 5948 
521 5967 6086 
523 5733 5852 
524 5719 5842 
529 5609 5728 
529 5833 5836 
541 5956 5958 
541 5968 5971 
547 5717 5723 
549 5961 6074 
551 6071 6190 
553 5611 5613 
554 5588 5710 
558 5594 5714 
559 5592 5713 
561 5481 5601 
564 5970 6083 
568 5853 5972 
569 5592 5716 
574 5606 5727 
574 5835 5955 
579 5592 5710 
583 5950 5953 
590 5855 5862 
591 5486 5599 
591 5718 5831 
593 5951 5952 
596 5605 5726 
596 5833 5950 
602 1820 1821 
603 1461 1571 
606 1683 1793 
607 1808 1815 
609 1322 1329 
610 1583 1585 
615 1576 1579 
616 1699 1811 
621 1557 1673 
622 1583 5229 
630 1468 1470 
634 1470 1471 
634 5111 5229 
635 1469 1471 
635 1469 1586 
639 1572 1576 
639 1698 1814 
639 1809 1926 
644 5229 5230 
645 1588 1702 
649 1690 1693 
652 1696 1813 
656 1574 1579 
657 1693 1813 
658 1819 1820 
659 1467 1577 
661 1455 1565 
669 1695 1811 
677 1100 1107 
678 1221 1334 
679 1433 1440 
679 1688 1696 
680 1687 1807 
682 1812 1816 
683 1689 1799 
689 1585 5229 
690 1701 1811 
692 1007 1014 
693 1466 1471 
696 1328 1335 
699 1582 1585 
601 1928 2048 
606 2619 2620 
610 2162 2165 
613 2387 2388 
615 2040 2047 
615 2266 2375 
619 2039 2159 
622 2053 2057 
624 2151 2156 
626 2053 2171 
627 2169 2174 
627 2287 2402 
628 2172 5830 
629 2291 2402 
634 2619 2621 
637 2034 2042 
639 1809 1926 
641 2613 2614 
646 1924 2034 
649 2145 2152 
649 2136 2137 
652 2626 2730 
653 2148 2155 
654 1932 1933 
655 1934 2048 
656 2501 2502 
660 2274 2276 
662 2253 2254 
672 1934 1937 
673 2369 2370 
675 2146 2262 
678 1917 1924 
685 2052 2054 
689 1929 1930 
697 1917 2034 
700 2057 5709 
604 5611 5618 
605 4907 5017 
611 5244 5359 
628 5245 5252 
634 5111 5229 
644 5229 5230 
647 5023 5024 
648 5012 5128 
651 4897 4898 
658 5111 5230 
659 5267 5380 
660 5608 5613 
661 5602 5603 
667 5236 5238 
675 5159 5272 
675 5247 5250 
681 5604 5607 
684 5386 5387 
684 5475 5478 
603 5953 5956 
604 5611 5618 
605 6076 6078 
617 6440 6447 
622 5716 5717 
625 5966 5973 
627 5956 6076 
628 2172 5830 
631 6071 6078 
634 5610 5612 
640 5592 5598 
643 5595 5598 
645 5599 5604 
646 5987 5994 
647 5610 5615 
648 5959 6076 
658 5605 5606 
658 5729 5734 
660 5608 5613 
661 5602 5603 
662 5593 5598 
664 6331 6338 
676 5615 5734 
681 5604 5607 
689 5726 5727 
690 5603 5723 
690 5604 5723 
690 5833 5953 
691 5867 5874 
694 5598 5717 
697 5714 5716 
700 2057 5709 
701 1448 1449 
710 1810 1813 
711 1467 1583 
714 1574 1581 
727 1459 1573 
749 1453 1459 
753 1571 1573 
755 1442 1449 
755 1799 1806 
759 1661 1668 
759 1685 1690 
762 1453 1456 
764 1804 1920 
770 1571 1572 
772 1442 1448 
774 1581 1691 
778 1319 1326 
778 1699 1702 
778 1698 1813 
784 1587 1697 
788 1570 1576 
789 1684 1690 
791 1796 1803 
792 1106 1113 
794 1583 1586 
797 1335 1445 
797 5107 5109 
799 1451 1452 
800 1806 1809 
702 5829 5948 
704 1919 1920 
708 2376 2483 
711 2291 5949 
716 2037 2044 
721 2160 2162 
724 2489 2490 
728 1918 1919 
728 1927 2042 
730 2496 2601 
731 5832 5950 
732 1928 1931 
734 2279 2281 
738 2020 2130 
750 1918 2034 
752 2055 5710 
757 2608 2712 
764 1804 1920 
772 2276 2277 
773 2153 2156 
775 2275 2390 
783 2401 2403 
787 2286 5829 
791 1929 1937 
792 2035 2151 
798 1932 1934 
708 4793 4900 
709 5036 5146 
711 5243 5356 
724 5152 5153 
726 5239 5246 
733 5483 5602 
746 5245 5253 
754 5236 5243 
756 5245 5250 
758 5230 5232 
762 4919 5029 
764 5607 5610 
770 5347 5355 
771 5364 5487 
787 5234 5235 
789 5125 5132 
791 5364 5484 
797 5107 5109 
702 5829 5948 
703 5732 5734 
710 6227 6343 
711 2291 5949 
711 6221 6337 
719 5597 5711 
719 5846 5847 
725 5753 5760 
730 5618 5732 
731 5832 5950 
734 5853 5966 
734 6080 6081 
745 5958 6071 
751 6101 6108 
752 2055 5710 
754 5598 5601 
755 5721 5834 
755 6107 6114 
759 5965 6088 
764 5607 5610 
770 5725 5728 
771 5954 6074 
772 5963 5965 
774 5965 6082 
775 5845 5848 
793 6199 6200 
793 6446 6453 
795 5727 5840 
795 5961 6082 
799 5734 5737 
804 1454 1455 
805 1098 1211 
807 1687 1689 
809 1331 1332 
810 984 1094 
817 1332 1450 
820 1326 1442 
826 1442 1444 
827 1221 1333 
834 1911 1918 
846 1095 1208 
846 1821 1822 
851 1691 1692 
855 1800 1804 
858 1574 1580 
865 1338 1448 
867 995 1002 
871 1703 1704 
872 1196 1203 
872 1687 1799 
876 1819 1822 
880 1197 1310 
882 1332 1333 
883 881 989 
883 1687 1801 
886 1082 1089 
887 1587 1704 
887 1689 1807 
888 1704 5351 
890 1818 1937 
897 1690 1691 
804 1919 1922 
809 2149 2265 
824 1921 2037 
825 2052 5710 
834 1911 1918 
834 2041 2158 
835 2041 2045 
849 1921 2031 
856 2037 2042 
872 1917 1919 
888 5950 5952 
890 1818 1937 
803 5467 5468 
807 5011 5018 
808 5130 5250 
808 5254 5261 
813 5130 5253 
819 5131 5132 
819 5485 5492 
819 5488 5490 
834 4882 4883 
842 5364 5370 
845 5352 5467 
847 5227 5234 
848 5370 5490 
853 5125 5131 
855 5485 5493 
862 5020 5021 
863 5228 5348 
871 5599 5601 
874 5108 5114 
876 5366 5370 
878 5008 5015 
878 5369 5488 
879 5015 5133 
885 5021 5131 
888 1704 5351 
890 5125 5133 
890 5366 5485 
812 6081 6085 
814 5850 5968 
818 6452 6459 
819 5725 5730 
820 5723 5725 
825 2052 5710 
826 5604 5728 
832 5725 5842 
837 6102 6220 
846 5959 6082 
846 5973 6086 
861 6084 6201 
870 5598 5716 
871 5599 5601 
871 5725 5845 
871 6085 6201 
887 6233 6349 
892 6077 6196 
899 6337 6344 
903 1576 1578 
904 1336 1339 
909 1704 1705 
909 1806 1917 
913 1218 1325 
913 1700 1705 
923 1470 1586 
924 1304 1311 
929 880 887 
929 978 1088 
931 875 983 
934 1325 1330 
936 1459 1574 
940 1571 1576 
948 1695 1813 
950 1325 1332 
955 1821 1937 
962 1212 1325 
968 1421 1428 
970 1336 1450 
972 1816 1821 
974 1817 1818 
978 1076 1083 
980 1806 1807 
986 1577 1579 
987 1325 1333 
994 1457 1458 
995 1216 1328 
999 1214 1215 
1000 1810 1925 
904 2162 2277 
907 1923 1924 
907 2172 5832 
909 1806 1917 
909 2396 2403 
916 2291 6070 
917 2391 2504 
918 5829 5830 
919 2157 2158 
921 2405 5952 
923 1915 1916 
923 2259 2266 
940 2043 2050 
948 1913 1916 
951 2040 2048 
952 2279 2398 
955 1821 1937 
955 2405 2519 
964 2276 2282 
964 2498 2505 
967 2256 2263 
973 2043 2160 
979 1932 1937 
984 2390 2392 
998 2392 2395 
1000 1810 1925 
902 5132 5251 
904 5131 5251 
911 4786 4787 
922 5242 5249 
934 5360 5479 
939 5136 5138 
946 5488 5489 
969 5249 5362 
976 5364 5367 
979 5257 5259 
979 5257 5264 
981 5249 5368 
983 5243 5362 
988 5393 5506 
994 5248 5255 
906 5966 5974 
907 2172 5832 
916 2291 6070 
918 5829 5830 
926 6092 6093 
936 5600 5722 
936 5963 5968 
937 5963 5964 
940 5853 5974 
941 5851 5856 
946 5966 5971 
948 5858 5859 
951 5840 5960 
963 5847 5960 
966 5605 5612 
973 5838 5951 
979 5852 5857 
987 5851 5974 
988 5730 5843 
993 5841 5845 
994 6355 6362 
996 5851 5854 
997 5965 5968 
1007 1683 1801 
1015 1575 1581 
1016 1693 1696 
1017 1465 1582 
1018 1676 1677 
1019 1332 1336 
1024 1464 1574 
1026 1532 1539 
1027 1212 1319 
1036 1442 1559 
1042 1087 1090 
1043 1790 1797 
1044 1678 1681 
1044 1804 1919 
1059 1330 1444 
1059 1458 1568 
1066 1690 1692 
1071 1792 1905 
1073 1692 1807 
1074 1212 1216 
1077 1690 1807 
1080 1071 1184 
1083 1326 1436 
1090 1705 5469 
1098 1681 1684 
1003 2505 2610 
1004 2168 2288 
1013 2257 2372 
1029 2372 2373 
1037 2154 2161 
1037 2162 2168 
1040 2279 2282 
1044 1804 1919 
1050 1933 1939 
1055 2276 2279 
1064 2389 2506 
1071 1792 1905 
1073 2162 2282 
1078 2278 2392 
1084 2156 2161 
1085 6072 6190 
1089 2719 2820 
1014 5512 5513 
1019 5370 5487 
1026 5010 5013 
1032 5228 5347 
1032 5244 5362 
1033 5130 5135 
1059 5009 5013 
1064 5240 5244 
1070 5488 5608 
1076 5480 5481 
1078 5015 5016 
1085 5029 5030 
1088 5252 5253 
1089 5130 5133 
1090 5127 5128 
1090 1705 5469 
1091 5118 5241 
1094 5487 5490 
1096 5235 5237 
1002 6081 6199 
1004 5962 5964 
1008 5955 5956 
1010 5841 5847 
1011 5968 5969 
1014 5961 6080 
1015 5954 5961 
1016 6206 6316 
1018 5948 5956 
1020 6671 6678 
1022 5844 5845 
1023 5714 5715 
1023 5841 5842 
1032 5843 5844 
1032 5841 5844 
1033 5967 5968 
1038 5963 5969 
1039 5972 5973 
1041 6238 6245 
1044 5844 5962 
1048 5966 5968 
1052 5839 5841 
1053 6428 6435 
1054 5953 5958 
1056 5961 5967 
1060 6076 6079 
1071 6083 6084 
1071 6322 6323 
1072 5839 5954 
1082 6433 6435 
1085 6072 6190 
1088 5754 5873 
1088 5834 5841 
1097 5728 5729 
1098 5843 5849 
1102 1336 1456 
1113 1688 1695 
1117 1801 1802 
1118 731 738 
1118 1696 1698 
1121 1335 1450 
1132 1327 1330 
1136 1453 1455 
1139 1330 1442 
1139 1686 1801 
1142 646 653 
1149 1802 1803 
1155 1327 1444 
1157 953 960 
1158 1216 1327 
1169 1341 1451 
1173 643 650 
1176 1806 1923 
1178 1696 1699 
1181 552 652 
1184 1216 1330 
1185 1330 1335 
1186 1686 1796 
1198 640 647 
1101 2839 2937 
1102 2044 2160 
1107 2274 2279 
1112 6069 6073 
1114 2152 2268 
1128 1912 2028 
1131 2165 2168 
1144 2043 2048 
1148 2402 6068 
1152 2269 2384 
1156 2051 2171 
1159 2150 2270 
1174 2269 2378 
1176 1806 1923 
1176 2269 2386 
1181 2385 2492 
1193 2404 2407 
1194 2516 2521 
1198 1930 2046 
1199 2384 2385 
1103 5611 5616 
1105 5015 5019 
1111 5014 5021 
1113 5493 5496 
1114 4892 5010 
1115 5250 5253 
1127 4891 4892 
1128 5248 5250 
1131 5132 5245 
1133 5136 5259 
1133 5256 5371 
1135 5253 5256 
1139 5495 5496 
1142 4890 4892 
1144 4880 4884 
1146 5014 5022 
1156 5014 5016 
1157 5244 5249 
1159 5011 5128 
1163 5258 5377 
1164 4483 4582 
1174 4360 4361 
1174 5015 5131 
1176 5014 5019 
1178 5239 5247 
1179 5262 5265 
1181 5247 5249 
1187 4772 4885 
1187 5016 5019 
1187 5130 5248 
1190 4588 4589 
1194 4476 4477 
1200 5247 5248 
1103 5611 5616 
1103 6107 6108 
1105 6204 6207 
1111 6201 6202 
1112 6069 6073 
1112 6210 6324 
1114 5739 5860 
1128 5597 5716 
1135 5852 5858 
1141 6084 6090 
1148 2402 6068 
1148 6200 6204 
1150 5865 5978 
1150 6206 6323 
1152 5720 5727 
1157 5854 5857 
1160 5833 5951 
1168 5604 5606 
1168 5849 5850 
1173 6074 6075 
1175 5743 5860 
1180 5959 5962 
1181 5610 5728 
1190 5960 5967 
1195 5951 5956 
1195 6204 6318 
1212 641 743 
1212 1692 1808 
1213 1680 1796 
1215 557 564 
1216 664 671 
1216 737 744 
1220 1098 1205 
1231 1680 1681 
1234 1451 1457 
1237 1681 1795 
1245 1179 1292 
1247 1576 1690 
1249 1092 1199 
1249 1324 1436 
1254 473 480 
1260 468 563 
1260 551 558 
1260 1695 1696 
1265 1211 1212 
1265 1693 1695 
1269 1332 1442 
1272 1808 1810 
1277 1670 1677 
1280 1178 1185 
1287 1320 1430 
1289 1679 1685 
1291 1694 1696 
1294 1212 1218 
1294 1564 1678 
1296 844 851 
1297 549 649 
1298 1324 1438 
1298 1670 1675 
1210 2165 2171 
1211 2500 2506 
1214 2279 2284 
1227 6068 6069 
1233 2269 2273 
1233 2492 2499 
1235 2153 2270 
1248 2385 2498 
1258 2263 2378 
1267 2516 6187 
1268 2050 2166 
1268 2146 2264 
1268 3111 3198 
1269 1906 1907 
1272 2500 2501 
1273 2493 2604 
1277 2497 2499 
1277 2521 6306 
1280 2395 2398 
1283 2054 2171 
1283 2501 2508 
1292 2401 2407 
1295 2800 2898 
1299 3034 3125 
1201 5258 5379 
1203 4902 5014 
1204 5256 5258 
1207 5248 5249 
1209 4595 4698 
1213 5242 5362 
1214 4704 4705 
1214 4784 4897 
1216 5131 5133 
1220 4367 4464 
1222 5359 5360 
1231 5467 5475 
1232 5244 5361 
1234 4373 4470 
1234 5500 5501 
1235 4168 4255 
1239 5490 5613 
1244 5129 5247 
1254 5607 5608 
1255 5131 5136 
1260 4261 4262 
1262 5124 5241 
1262 5260 5262 
1271 5611 5612 
1272 5124 5129 
1273 5120 5241 
1281 5128 5129 
1282 5020 5027 
1283 5264 5265 
1286 5262 5267 
1293 4370 4467 
1296 4363 4364 
1299 4711 4816 
1202 5957 5958 
1203 5723 5728 
1214 5969 5971 
1215 6329 6437 
1217 5837 5842 
1220 5730 5848 
1221 5610 5731 
1221 5853 5854 
1227 5957 5959 
1227 6068 6069 
1228 6684 6791 
1230 6379 6386 
1230 6477 6590 
1230 6902 6909 
1236 5849 5851 
1239 5490 5613 
1243 5729 5736 
1245 6077 6078 
1253 5610 5734 
1257 5609 5723 
1265 5963 6083 
1267 2516 6187 
1271 5611 5612 
1273 5956 5959 
1278 5745 5858 
1278 5863 5866 
1279 5962 5965 
1279 6079 6082 
1279 6262 6269 
1281 6690 6797 
1284 5840 5847 
1285 6992 7088 
1288 5966 5967 
1288 6584 6591 
1288 6579 6689 
1290 6090 6202 
1293 6780 6884 
1296 5721 5840 
1297 5597 5598 
1297 5853 5857 
1300 5745 5749 
1302 1235 1236 
1303 1455 1573 
1304 1222 1333 
1311 1678 1679 
1313 1210 1216 
1324 548 555 
1328 1796 1797 
1329 1329 1439 
1331 1670 1671 
1341 1210 1213 
1342 1584 1700 
1344 1678 1680 
1356 4995 5109 
1361 1801 1804 
1366 1807 1808 
1367 459 554 
1374 1314 1424 
1374 1287 1403 
1376 1215 1322 
1377 750 856 
1382 1328 1330 
1388 647 749 
1395 1096 1207 
1399 1330 1445 
1307 2689 2790 
1308 2497 2612 
1315 2154 2156 
1316 2521 6188 
1318 2171 2173 
1320 2264 2267 
1325 2695 2796 
1326 2898 2899 
1328 3028 3119 
1329 2799 2800 
1331 3138 3225 
1332 2908 3003 
1334 2045 2048 
1334 2045 2047 
1337 2500 2503 
1338 2161 2277 
1343 2261 2380 
1343 2910 2911 
1349 2045 2051 
1352 2264 2270 
1353 1922 2042 
1353 2565 2566 
1356 2454 2559 
1356 2676 2677 
1358 1917 1918 
1358 2803 2901 
1360 2057 2172 
1364 2577 2578 
1366 2815 2913 
1370 3131 3132 
1374 2707 2808 
1384 2229 2230 
1397 3031 3122 
1399 2162 2274 
1302 4473 4474 
1304 5370 5493 
1305 4364 4461 
1307 4271 4363 
1308 4990 4995 
1310 5263 5270 
1311 4592 4695 
1316 5122 5129 
1316 5133 5136 
1317 5072 5182 
1317 5256 5261 
1318 4274 4366 
1320 4701 4702 
1320 4828 4829 
1321 5375 5493 
1325 4480 4579 
1326 5489 5490 
1330 5241 5242 
1330 5374 5375 
1333 4717 4822 
1333 5024 5141 
1350 4364 4368 
1352 4262 4360 
1355 4363 4368 
1356 4995 5109 
1357 4585 4586 
1362 5370 5373 
1367 5496 5613 
1369 4155 4156 
1369 5239 5241 
1375 5473 5480 
1375 5617 5622 
1376 4708 4813 
1377 4835 4942 
1380 4585 4695 
1388 5132 5138 
1389 4162 4249 
1389 4265 4357 
1393 5241 5247 
1398 5107 5114 
1309 6327 6330 
1310 5898 6017 
1314 6578 6585 
1319 5725 5848 
1321 5717 5718 
1324 5739 5745 
1333 6208 6209 
1341 6322 6437 
1343 5832 5951 
1354 5590 5595 
1363 5957 5964 
1367 5496 5613 
1368 5604 5722 
1374 5745 5866 
1375 5617 5622 
1380 5732 5852 
1380 5839 5845 
1387 5839 5956 
1388 5594 5595 
1393 5749 5866 
1395 5751 5864 
1395 6443 6444 
1401 1286 1293 
1403 1096 1205 
1404 1205 1213 
1407 554 561 
1407 1327 1328 
1410 474 569 
1411 1800 1801 
1420 1575 1576 
1422 1328 1333 
1422 1397 1404 
1426 1448 1450 
1433 1458 1573 
1448 1327 1329 
1451 1070 1077 
1454 560 567 
1454 850 857 
1463 1564 1684 
1464 1684 1687 
1467 1664 1781 
1479 1453 1458 
1481 1324 1326 
1481 1585 1588 
1486 1587 1702 
1489 1468 1471 
1497 1564 1569 
1405 2919 2920 
1407 2157 2162 
1413 2393 2399 
1418 2700 2707 
1435 3021 3022 
1436 2809 2907 
1437 2375 2380 
1442 2391 2392 
1454 2925 2926 
1461 2598 2605 
1463 2157 2164 
1465 2034 2041 
1483 2259 2265 
1483 2393 2395 
1483 2497 2502 
1493 2393 2400 
1405 5246 5250 
1434 5253 5255 
1436 5107 5115 
1449 5373 5493 
1458 5254 5374 
1470 4367 4368 
1476 5467 5469 
1476 5372 5491 
1483 4899 4902 
1485 5116 5123 
1493 5263 5264 
1496 4790 4903 
1499 4707 4708 
1409 5743 5861 
1415 6333 6445 
1419 5616 5737 
1421 5742 5855 
1422 5970 6088 
1434 6367 6374 
1435 6330 6445 
1441 5739 5858 
1451 5856 5969 
1456 5618 5740 
1459 5624 5744 
1459 5739 5852 
1460 5731 5851 
1469 5971 5974 
1473 6356 6470 
1480 5999 6006 
1484 5993 6000 
1486 5840 5842 
1491 5737 5740 
1492 5844 5957 
1496 5871 5984 
1498 5732 5737 
1500 5829 5833 
1502 1450 1451 
1514 1227 1334 
1514 1324 1329 
1515 1464 1465 
1518 1085 1086 
1518 1448 1453 
1532 1085 1087 
1537 1081 1084 
1537 1552 1672 
1543 1093 1096 
1546 1693 1808 
1551 1800 1911 
1556 973 1087 
1559 1676 1683 
1563 1096 1101 
1563 1329 1444 
1566 1086 1087 
1571 1101 1208 
1576 1090 1093 
1576 1466 5108 
1577 985 1099 
1580 1094 1101 
1581 1085 1199 
1583 974 975 
1587 1082 1084 
1600 983 990 
1505 2379 2380 
1506 2049 2056 
1512 3128 3129 
1516 2383 2385 
1519 2700 2701 
1521 2155 2271 
1526 2384 2391 
1532 2606 2609 
1534 2156 2270 
1535 2402 5949 
1536 2170 2286 
1537 2053 2169 
1538 2036 2039 
1539 2507 2508 
1551 1800 1911 
1553 2604 2606 
1555 2498 2500 
1560 2931 2932 
1561 2599 2709 
1562 2035 2041 
1568 2713 2814 
1571 2389 2500 
1577 2694 2701 
1597 2383 2492 
1598 2701 2808 
1503 5491 5493 
1505 5260 5380 
1510 5013 5127 
1526 4889 4999 
1530 5376 5491 
1531 5118 5124 
1532 5142 5259 
1536 4897 4904 
1548 5131 5138 
1550 5246 5367 
1553 4706 4708 
1566 5136 5142 
1571 5371 5379 
1576 1466 5108 
1579 5165 5278 
1580 5352 5475 
1580 5382 5385 
1582 5478 5483 
1501 5977 6094 
1506 6005 6012 
1515 5869 5872 
1526 5954 5959 
1535 2402 5949 
1536 5842 5845 
1537 5871 5991 
1543 5766 5885 
1548 5965 5967 
1550 5849 5856 
1576 5632 5633 
1585 5875 5992 
1590 5844 5850 
1590 6244 6251 
1595 5742 5861 
1595 5990 5991 
1596 5748 5861 
1605 1207 1208 
1614 1235 1237 
1618 1088 1090 
1621 1210 1215 
1652 1088 1095 
1652 1330 1332 
1653 979 981 
1665 1208 1210 
1668 1092 1205 
1672 876 988 
1689 1683 1799 
1700 1451 1453 
1605 2256 2261 
1613 2045 2165 
1625 2155 2272 
1629 2389 2498 
1632 2038 2039 
1644 2381 2388 
1654 2493 2606 
1660 2144 2261 
1660 2279 2392 
1679 2278 2279 
1683 2151 2159 
1689 2254 2255 
1700 2261 2264 
1609 5136 5139 
1612 4789 4796 
1620 5123 5124 
1622 5232 5234 
1645 5237 5355 
1646 4902 5022 
1675 5255 5373 
1679 4905 4908 
1693 5255 5256 
1695 4889 4890 
1609 5621 5735 
1620 5750 5752 
1631 6074 6082 
1632 6098 6099 
1633 5855 5857 
1638 5743 5866 
1639 5725 5727 
1653 5854 5856 
1667 5960 5961 
1670 5977 6092 
1672 5749 5751 
1698 5970 5971 
1699 6080 6085 
1704 979 982 
1707 1106 1108 
1746 1002 1113 
1756 1227 1339 
1759 1685 1686 
1764 1793 1800 
1765 1122 1236 
1771 866 968 
1774 1216 1333 
1779 1689 1693 
1792 1187 1188 
1702 2250 2257 
1704 2387 2394 
1716 2153 2154 
1729 2258 2261 
1744 1903 2013 
1755 2517 2622 
1757 2039 2153 
1759 2045 2050 
1762 2521 2628 
1770 2251 2366 
1772 2265 2272 
1774 2151 2153 
1780 2395 2397 
1786 1922 2036 
1793 2593 2703 
1800 2631 2632 
1702 5251 5252 
1707 5504 5510 
1710 5384 5390 
1711 5254 5256 
1715 5390 5503 
1724 5258 5371 
1726 5503 5504 
1727 5018 5134 
1728 4905 5022 
1728 5121 5124 
1739 5503 5505 
1740 4544 4647 
1759 4996 5004 
1759 5384 5503 
1765 5256 5374 
1767 4431 4432 
1767 4896 5010 
1769 4772 4886 
1778 5384 5504 
1785 5114 5115 
1787 5470 5472 
1790 5149 5150 
1790 5267 5385 
1794 5119 5121 
1795 4886 4890 
1799 5123 5241 
1704 5839 5962 
1716 6217 6218 
1722 5960 5968 
1723 6084 6085 
1726 6080 6088 
1738 6078 6195 
1738 6317 6318 
1741 5720 5725 
1753 6077 6083 
1761 6317 6321 
1763 6090 6091 
1764 6092 6094 
1765 5965 6080 
1771 5974 5975 
1776 6097 6100 
1782 5737 5742 
1789 5967 5973 
1789 6092 6097 
1796 5976 5977 
1796 6215 6325 
1806 1100 1102 
1814 1354 5109 
1825 1324 1327 
1825 1570 1685 
1829 1798 1800 
1832 1575 1685 
1834 1563 1678 
1843 1352 4994 
1844 1576 1581 
1844 1799 1801 
1849 1208 1209 
1851 1579 1582 
1856 1339 1341 
1860 1198 1203 
1860 1218 1333 
1865 1122 1237 
1868 1210 1327 
1877 1554 1670 
1892 1230 1345 
1894 1670 1678 
1898 973 976 
1900 1222 1339 
1807 6305 6306 
1814 2616 2617 
1815 2011 2017 
1816 2034 2035 
1820 2625 2632 
1824 2015 2017 
1833 2264 2266 
1833 2282 2284 
1840 2017 2018 
1841 2017 2133 
1847 2016 2017 
1848 2603 2608 
1851 2010 2018 
1857 2377 2380 
1858 2017 2135 
1859 2603 2717 
1863 2742 6308 
1869 2164 2168 
1871 2608 2717 
1871 2626 2735 
1881 2375 2382 
1890 2150 2153 
1890 2606 2607 
1898 2133 2134 
1804 5266 5268 
1805 5265 5268 
1810 5352 5357 
1813 5259 5260 
1814 1354 5109 
1814 5257 5262 
1814 5377 5379 
1821 5006 5122 
1824 4895 5010 
1831 4759 4760 
1837 5268 5271 
1843 1352 4994 
1843 5270 5271 
1848 4663 4768 
1850 5269 5276 
1850 5268 5273 
1852 5629 5634 
1867 5251 5258 
1877 4992 4995 
1881 5267 5268 
1883 5510 5631 
1884 5256 5373 
1887 5271 5274 
1888 5386 5506 
1889 5635 5636 
1894 5112 5114 
1894 5114 5233 
1803 5977 6097 
1807 6305 6306 
1811 6090 6207 
1812 5972 5974 
1814 6073 6187 
1830 6426 6430 
1833 6331 6332 
1834 6099 6211 
1836 6088 6090 
1837 6093 6094 
1846 6089 6090 
1847 6223 6224 
1848 5630 5750 
1852 5629 5634 
1857 6309 6419 
1860 5960 5965 
1860 6085 6207 
1867 6310 6318 
1872 5865 5986 
1872 5973 5974 
1872 6218 6328 
1874 6444 6448 
1875 6211 6219 
1875 6216 6219 
1880 6310 6311 
1883 5510 5631 
1889 5635 5636 
1889 6230 6340 
1894 6311 6419 
1896 6311 6427 
1897 6098 6105 
1910 1349 4991 
1915 975 1086 
1915 1115 1120 
1922 1463 1464 
1923 1350 4991 
1925 989 990 
1926 990 1094 
1938 1084 1087 
1942 1085 1090 
1942 1089 1196 
1945 1570 1575 
1946 1466 5109 
1950 1213 1215 
1979 860 962 
1980 1095 1202 
1997 1096 1208 
1999 1332 1449 
1918 2168 2282 
1921 2384 2386 
1923 2134 2252 
1923 2520 2631 
1931 2260 2376 
1932 1918 2028 
1933 2255 2374 
1936 2156 2276 
1938 2625 2627 
1939 2519 6189 
1951 2496 2607 
1951 2515 2630 
1955 6191 6307 
1959 2163 2164 
1962 2152 2270 
1967 2056 5712 
1974 2516 2518 
1975 2377 2489 
1977 2028 2035 
1988 2605 2715 
1992 2626 2736 
1994 2493 2598 
1998 2238 2245 
1906 5119 5120 
1910 1349 4991 
1910 5274 5389 
1915 5156 5275 
1920 4760 4761 
1923 1350 4991 
1925 5388 5505 
1929 5017 5024 
1929 5117 5236 
1931 4874 4992 
1931 5508 5511 
1933 5233 5235 
1937 5375 5494 
1943 5011 5012 
1946 1466 5109 
1951 5385 5505 
1953 5386 5393 
1964 5154 5274 
1967 4873 4881 
1976 5508 5513 
1980 5113 5120 
1989 5266 5273 
1991 4886 4996 
1994 5269 5270 
1995 5371 5373 
1904 6434 6441 
1905 6339 6451 
1906 6222 6225 
1906 6445 6446 
1910 5719 5724 
1922 5985 6104 
1924 6085 6090 
1925 6325 6332 
1935 6448 6559 
1937 5867 5868 
1937 6107 6109 
1948 6217 6222 
1955 6191 6307 
1956 5959 5961 
1962 6081 6082 
1965 6456 6563 
1966 6236 6346 
1966 6310 6315 
1979 5730 5849 
1979 6446 6447 
1985 6228 6231 
2002 984 990 
2009 1216 1325 
2019 984 1088 
2024 1081 1195 
2025 1091 1092 
2038 1080 1081 
2039 1078 1189 
2046 1565 1570 
2047 864 970 
2048 752 753 
2057 1079 1080 
2062 1329 1445 
2064 968 976 
2070 1331 1338 
2075 1802 1804 
2076 1073 1074 
2083 974 979 
2088 980 981 
2098 1224 1331 
2014 2389 2394 
2015 2601 2608 
2017 2255 2371 
2017 2379 2494 
2022 2711 2714 
2026 2609 2612 
2034 2709 2716 
2038 2249 2368 
2044 2140 2144 
2044 2156 2271 
2052 2251 2368 
2054 2613 2615 
2056 2282 2398 
2056 2710 2817 
2058 2155 2270 
2059 2489 2495 
2060 2369 2371 
2063 2379 2486 
2067 2028 2034 
2074 2486 2487 
2074 2496 2497 
2086 2491 2494 
2088 2371 2374 
2092 2260 2375 
2092 2374 2375 
2100 2390 2391 
2004 5277 5280 
2006 5386 5392 
2007 5014 5015 
2008 5382 5384 
2021 5138 5259 
2023 5259 5262 
2027 5269 5274 
2027 5490 5493 
2030 5155 5162 
2033 5122 5128 
2040 5378 5379 
2043 5009 5119 
2046 5271 5272 
2061 5277 5279 
2064 5268 5391 
2073 4996 5003 
2074 5162 5163 
2076 5160 5283 
2080 5274 5277 
2089 5233 5234 
2094 4993 5000 
2098 5268 5385 
2014 5850 5969 
2016 6203 6318 
2018 6557 6558 
2021 5849 5854 
2028 5721 5842 
2032 5729 5849 
2034 6449 6450 
2045 5731 5854 
2060 6203 6204 
2070 6663 6764 
2090 6559 6560 
2098 5730 5736 
2099 6210 6325 
2099 6327 6329 
2102 1082 1083 
2105 1330 1450 
2114 1093 1094 
2129 971 976 
2132 1088 1093 
2138 1336 1338 
2159 863 864 
2162 1067 1068 
2166 977 978 
2168 759 859 
2173 861 864 
2173 1076 1078 
2188 869 971 
2198 861 867 
2199 1090 1095 
2103 2704 2811 
2105 2602 2712 
2106 2285 2398 
2107 2503 2615 
2108 2607 2612 
2114 2259 2261 
2117 2368 2369 
2123 2615 2618 
2128 2282 2285 
2129 2255 2369 
2130 2377 2382 
2135 2706 2713 
2136 2382 2495 
2136 2611 2721 
2156 2150 2264 
2159 2255 2368 
2172 2604 2605 
2182 2805 2812 
2195 2708 2819 
2196 2811 2817 
2199 2262 2264 
2103 5153 5272 
2108 5045 5161 
2109 4878 4993 
2110 5278 5285 
2111 5256 5379 
2112 5160 5275 
2113 5161 5162 
2118 5629 5636 
2121 4648 4759 
2121 5044 5051 
2139 5159 5277 
2148 5163 5166 
2156 5273 5392 
2159 5386 5388 
2165 5168 5281 
2176 5166 5169 
2179 5158 5278 
2180 4907 5023 
2185 4794 4911 
2196 5164 5166 
2198 4880 4998 
2114 6353 6461 
2118 5629 5636 
2123 6079 6201 
2125 6327 6332 
2130 6454 6565 
2131 5610 5726 
2137 6564 6668 
2150 6569 6570 
2154 6558 6559 
2158 6234 6237 
2162 5846 5848 
2168 5882 5883 
2172 6322 6324 
2177 6453 6560 
2177 6558 6564 
2184 5964 5965 
2184 6202 6207 
2187 6199 6201 
2187 6562 6670 
2192 6203 6209 
2194 6557 6564 
2196 6207 6209 
2197 6685 6796 
2203 1803 1920 
2206 981 1091 
2211 62 63 
2220 757 861 
2223 860 861 
2223 1079 1086 
2228 1088 1094 
2231 976 978 
2233 859 866 
2233 1095 1207 
2238 419 420 
2239 1321 1327 
2240 1074 1075 
2251 335 419 
2257 413 414 
2258 757 859 
2262 751 754 
2266 1073 1080 
2267 420 509 
2270 145 146 
2271 1319 1327 
2273 414 503 
2273 650 746 
2274 329 413 
2274 979 1093 
2275 328 329 
2275 1797 1914 
2278 1322 1327 
2290 648 650 
2294 753 853 
2202 2265 2267 
2203 1803 1920 
2206 2811 2818 
2207 2621 2729 
2227 2377 2494 
2230 2814 2819 
2234 2602 2713 
2236 2360 2367 
2240 2033 2150 
2243 2609 2723 
2244 2813 2816 
2254 2806 2910 
2256 2361 2474 
2261 2812 2816 
2263 1918 2036 
2265 1916 2030 
2271 2817 2818 
2275 1797 1914 
2281 2373 2379 
2285 2609 2614 
2288 2810 2918 
2291 2148 2150 
2294 2145 2150 
2295 2383 2388 
2201 5159 5278 
2214 5165 5166 
2214 5373 5376 
2224 5165 5284 
2230 5000 5115 
2233 5154 5277 
2234 5465 5578 
2235 5007 5121 
2235 5504 5508 
2238 5168 5287 
2244 5578 5580 
2247 5165 5283 
2247 5168 5289 
2253 4906 4913 
2253 5464 5465 
2254 5273 5391 
2255 4438 4543 
2268 4995 5000 
2273 4990 4991 
2273 5268 5383 
2276 4875 4877 
2280 5003 5113 
2285 5162 5281 
2295 5160 5278 
2297 5173 5180 
2212 6445 6448 
2220 6209 6210 
2226 6080 6082 
2231 6582 6686 
2232 6448 6560 
2232 6568 6571 
2248 5705 5825 
2248 6562 6671 
2261 6580 6582 
2262 6688 6691 
2263 6205 6206 
2265 6575 6576 
2273 6676 6679 
2276 6574 6682 
2277 6557 6559 
2284 5730 5731 
2285 6562 6567 
2286 6582 6694 
2289 6202 6203 
2295 6325 6330 
2296 6451 6565 
2302 1075 1078 
2304 324 327 
2305 859 867 
2307 1092 1207 
2309 1210 1212 
2310 975 1085 
2312 1072 1075 
2317 752 859 
2325 746 751 
2326 1072 1189 
2328 330 418 
2331 1072 1078 
2336 1326 1444 
2340 1576 1688 
2346 757 867 
2348 325 326 
2354 1658 1665 
2355 864 867 
2355 1087 1089 
2356 421 424 
2359 326 410 
2360 1067 1074 
2363 247 325 
2365 756 856 
2371 418 420 
2385 416 417 
2386 420 421 
2396 864 866 
2397 521 522 
2398 975 1079 
2301 3570 3572 
2303 2733 2740 
2303 2814 2821 
2306 2810 2816 
2307 2904 2911 
2315 2261 2266 
2315 2382 2388 
2315 2824 2922 
2325 2922 2930 
2328 2816 2918 
2336 2256 2257 
2340 2804 2912 
2343 3606 3613 
2344 2494 2497 
2352 2147 2150 
2353 2929 3024 
2359 2918 2921 
2373 1942 1948 
2375 2366 2372 
2379 2383 2389 
2383 2264 2265 
2383 2700 2808 
2385 2494 2495 
2389 1942 1947 
2392 1942 1946 
2392 2273 2386 
2395 2267 2272 
2396 2918 2920 
2397 3500 3505 
2398 1948 2064 
2400 2703 2709 
2304 4764 4881 
2304 5167 5174 
2307 5141 5260 
2311 5172 5289 
2323 5170 5171 
2335 5608 5609 
2340 5001 5116 
2346 5287 5288 
2362 5118 5236 
2364 5172 5295 
2365 5372 5485 
2371 5463 5465 
2383 5458 5465 
2384 5276 5277 
2385 5054 5171 
2392 5154 5271 
2395 5290 5297 
2397 4790 4796 
2399 5459 5465 
2304 6329 6443 
2306 6204 6319 
2309 6680 6681 
2319 6204 6321 
2322 6567 6671 
2328 6447 6448 
2335 5608 5609 
2337 7478 7479 
2339 6676 6784 
2344 6332 6440 
2349 6443 6445 
2350 6675 6776 
2351 6448 6450 
2351 6568 6682 
2354 2057 5830 
2361 6570 6574 
2373 7289 7361 
2376 6447 6560 
2378 6444 6557 
2379 6322 6327 
2380 6580 6688 
2390 6077 6082 
2393 6449 6563 
2393 6673 6676 
2396 6680 6685 
2400 6206 6210 
2404 1334 1336 
2410 862 863 
2424 427 520 
2453 421 514 
2456 527 528 
2457 324 412 
2459 861 862 
2464 1181 1188 
2477 749 750 
2488 1183 1186 
2493 326 330 
2497 748 749 
2497 753 754 
2497 1205 1206 
2407 2257 2366 
2408 3430 3500 
2413 3505 3568 
2421 2909 3014 
2422 2496 2608 
2423 2383 2500 
2423 3484 3546 
2439 2468 2475 
2444 3599 3600 
2449 3341 3343 
2451 1954 2064 
2452 2703 2710 
2457 1831 1946 
2464 2711 2712 
2479 3478 3546 
2482 2263 2267 
2483 3702 7498 
2485 2708 2713 
2494 2711 2713 
2413 5272 5279 
2418 5175 5295 
2426 5578 5583 
2434 4684 4795 
2434 5175 5178 
2435 5155 5161 
2435 5272 5274 
2437 5334 5452 
2444 5141 5259 
2451 5452 5459 
2460 4794 4799 
2467 5164 5171 
2469 5451 5452 
2480 5453 5566 
2482 5290 5291 
2482 5605 5613 
2494 4905 4906 
2496 4906 4912 
2499 5127 5129 
2500 5049 5169 
2403 6450 6565 
2408 6674 6680 
2412 6082 6083 
2412 6554 6560 
2434 6329 6445 
2434 6679 6784 
2439 6573 6677 
2444 7144 7230 
2445 6561 6665 
2449 7252 7253 
2451 5833 5956 
2452 6557 6565 
2455 6206 6322 
2461 5592 5711 
2461 7144 7145 
2462 6450 6557 
2463 6668 6675 
2467 6680 6682 
2468 6562 6568 
2468 7221 7222 
2477 7379 7380 
2478 7204 7282 
2478 7416 7472 
2479 7253 7325 
2480 6640 6642 
2482 5605 5613 
2482 6668 6676 
2496 7434 7490 
2502 523 526 
2504 1182 1295 
2512 331 332 
2513 979 984 
2519 648 651 
2535 1199 1205 
2543 425 426 
2544 432 521 
2546 1235 4874 
2556 1074 1187 
2560 864 976 
2562 507 601 
2563 426 520 
2565 427 523 
2568 1079 1084 
2569 644 740 
2573 424 426 
2578 1379 1380 
2582 1092 1096 
2587 751 756 
2594 1573 1574 
2600 648 754 
2513 3702 3703 
2518 2383 2495 
2522 2599 2710 
2527 2808 2810 
2531 2812 2916 
2544 3506 3570 
2551 2703 2811 
2573 2603 2712 
2585 3701 3702 
2587 3504 3511 
2598 2606 2608 
2505 5452 5457 
2510 5583 5586 
2512 5447 5560 
2522 4544 4653 
2524 5446 5447 
2526 5292 5295 
2528 4789 4797 
2542 5243 5361 
2546 1235 4874 
2551 5019 5139 
2555 5119 5126 
2561 5290 5292 
2565 4684 4688 
2567 5008 5014 
2567 5446 5448 
2569 4903 4904 
2572 5440 5447 
2583 5459 5460 
2589 5446 5453 
2590 4647 4654 
2590 5289 5290 
2594 5295 5296 
2597 5445 5447 
2501 5843 5845 
2505 6532 6642 
2508 7307 7379 
2513 5860 5863 
2513 6794 6795 
2515 6562 6676 
2515 7409 7410 
2516 6669 6776 
2517 7264 7265 
2524 6316 6317 
2539 5615 5735 
2539 6554 6561 
2548 6670 6673 
2550 7475 7477 
2556 6562 6668 
2568 5717 5724 
2568 6531 6642 
2568 6782 6783 
2569 7343 7344 
2571 7414 7416 
2572 6784 6785 
2581 6776 6782 
2581 7479 7480 
2585 6321 6324 
2591 6559 6561 
2592 7345 7414 
2592 7480 7526 
2594 5855 5860 
2598 6199 6204 
2607 1289 1296 
2609 601 602 
2616 417 421 
2619 1072 1077 
2621 245 327 
2627 1730 1731 
2628 1180 1186 
2629 512 513 
2629 534 628 
2631 330 333 
2632 1183 1297 
2633 1180 1297 
2641 529 627 
2643 1077 1184 
2644 746 754 
2644 1485 1602 
2647 1731 1842 
2650 547 651 
2658 326 327 
2661 653 755 
2668 1183 1184 
2668 1291 1294 
2669 1290 1406 
2686 653 749 
2695 1731 1848 
2607 2611 2715 
2612 2386 2500 
2612 3437 3509 
2615 3600 3607 
2619 2822 2825 
2628 2497 2604 
2630 2905 3006 
2631 3257 3340 
2635 2614 2723 
2640 3540 3547 
2647 1731 1842 
2653 2822 2827 
2654 2391 2395 
2667 2492 2500 
2668 3567 3570 
2683 2815 2919 
2695 1731 1848 
2615 5460 5575 
2617 5328 5451 
2620 5440 5441 
2631 4103 4110 
2631 5281 5287 
2631 5333 5451 
2634 4462 4567 
2638 4794 4797 
2643 5018 5019 
2658 5440 5442 
2661 5434 5435 
2662 5442 5445 
2665 5260 5267 
2666 5008 5013 
2666 5330 5451 
2669 5233 5241 
2678 5459 5572 
2678 5465 5583 
2679 4902 5016 
2679 5270 5389 
2679 5292 5297 
2682 5328 5445 
2684 5147 5267 
2685 5337 5339 
2687 4682 4797 
2687 5322 5445 
2687 5327 5445 
2688 5122 5127 
2690 5460 5577 
2692 5164 5170 
2694 5324 5445 
2698 5294 5407 
2609 6787 6895 
2618 7436 7437 
2625 7320 7391 
2640 7371 7436 
2643 7435 7437 
2646 6788 6789 
2647 6782 6784 
2654 6890 6897 
2659 6330 6332 
2663 7375 7443 
2665 6781 6889 
2666 6684 6790 
2672 6638 6640 
2674 7409 7414 
2676 6082 6085 
2678 7416 7478 
2692 6638 6642 
2705 645 651 
2710 553 652 
2712 332 416 
2713 1731 1847 
2717 1072 1184 
2722 93 157 
2726 1400 1407 
2731 645 648 
2740 896 1004 
2740 1400 1401 
2744 421 512 
2744 753 757 
2745 546 646 
2748 328 330 
2748 336 424 
2749 553 657 
2750 1290 1296 
2754 422 423 
2755 634 635 
2756 112 113 
2756 429 518 
2762 325 328 
2763 1730 1737 
2767 528 622 
2769 1205 1207 
2770 113 179 
2770 1088 1089 
2771 864 869 
2775 552 651 
2775 1081 1083 
2776 1092 1093 
2786 330 336 
2787 553 649 
2791 111 181 
2791 1078 1083 
2792 1208 1213 
2798 1076 1077 
2800 1288 1408 
2703 2721 2722 
2712 2497 2607 
2714 1916 1918 
2723 2152 2153 
2737 2372 2377 
2744 2052 2057 
2750 2912 2915 
2752 3501 3508 
2793 2495 2502 
2702 5135 5254 
2708 4904 5020 
2716 4683 4690 
2717 5454 5457 
2719 5440 5445 
2728 5251 5259 
2732 5578 5579 
2737 5320 5321 
2739 4891 4898 
2742 5339 5452 
2745 5435 5554 
2748 5137 5138 
2749 5298 5415 
2755 5054 5170 
2756 4685 4688 
2756 4794 4796 
2757 4684 4796 
2759 4684 4797 
2778 5466 5583 
2779 5052 5169 
2783 5460 5462 
2786 4573 4580 
2786 5454 5456 
2787 5300 5413 
2790 5257 5258 
2796 5052 5055 
2797 4903 4910 
2798 5454 5572 
2704 6678 6785 
2707 6206 6324 
2725 7411 7414 
2731 7337 7339 
2733 6684 6785 
2747 6770 6777 
2761 6570 6674 
2763 6784 6787 
2770 6677 6678 
2770 6667 6778 
2771 6085 6202 
2776 5843 5848 
2777 7344 7414 
2788 6691 6694 
2793 7343 7350 
2799 6562 6565 
2806 1189 1192 
2810 111 113 
2810 528 629 
2818 433 526 
2820 250 328 
2821 553 555 
2822 111 114 
2825 1075 1077 
2834 1078 1081 
2841 113 187 
2854 1718 1720 
2858 642 740 
2861 556 559 
2869 640 641 
2872 554 556 
2873 1484 1491 
2874 555 556 
2874 1182 1186 
2890 556 657 
2894 463 554 
2813 2146 2150 
2855 2810 2913 
2869 2257 2374 
2898 2814 2816 
2809 5251 5256 
2809 5583 5584 
2813 5263 5268 
2818 5320 5322 
2826 5294 5415 
2828 4898 5016 
2828 5297 5410 
2837 5275 5282 
2841 5457 5460 
2846 5448 5451 
2846 5460 5465 
2848 5315 5434 
2852 5454 5571 
2852 5582 5583 
2855 4677 4683 
2864 5294 5413 
2871 5171 5290 
2875 4574 4683 
2883 5386 5391 
2884 5243 5244 
2890 5462 5583 
2801 6332 6445 
2812 7339 7342 
2814 6685 6688 
2815 7480 7485 
2832 6692 6693 
2832 6882 6976 
2836 7259 7337 
2842 6982 6983 
2844 6562 6564 
2849 5681 5801 
2849 7406 7414 
2851 6556 6561 
2866 6786 6890 
2866 7265 7266 
2868 7480 7483 
2875 6686 6688 
2876 6670 6778 
2877 7263 7265 
2889 7265 7343 
2891 6881 6889 
2893 7417 7477 
2899 7260 7265 
2901 638 734 
2904 1289 1294 
2910 1183 1185 
2911 1288 1405 
2917 463 562 
2918 1397 1402 
2919 1188 1189 
2926 1212 1213 
2927 1073 1078 
2929 647 743 
2934 1485 1600 
2937 462 557 
2937 1400 1405 
2938 157 164 
2941 1282 1402 
2943 1187 1194 
2953 1205 1210 
2968 642 648 
2969 1399 1402 
2984 1184 1186 
2988 648 748 
2990 1278 1394 
2994 1596 1712 
2994 1718 1725 
2919 2361 2476 
2922 1921 1922 
2927 2262 2263 
2938 2810 2912 
2979 2255 2366 
2985 2809 2913 
2901 4578 4691 
2905 4474 4579 
2905 5277 5278 
2907 5259 5261 
2917 5161 5166 
2921 5419 5420 
2924 5460 5583 
2936 5454 5460 
2938 5560 5567 
2944 4474 4478 
2948 5436 5439 
2950 5273 5386 
2958 5434 5439 
2959 5554 5555 
2963 5436 5554 
2965 5326 5446 
2970 5436 5553 
2973 5333 5446 
2974 5438 5439 
2980 5436 5438 
2982 5428 5435 
2989 5265 5267 
2989 5435 5548 
2993 5431 5436 
2999 5431 5439 
2909 6570 6681 
2909 6772 6775 
2909 6776 6783 
2909 7180 7258 
2922 6783 6889 
2922 7262 7265 
2928 7258 7263 
2934 6675 6784 
2943 7265 7342 
2953 6204 6206 
2954 6665 6672 
2961 6883 6886 
2964 6673 6675 
2973 7260 7336 
2975 6558 6562 
2978 6668 6673 
2981 7256 7260 
2984 6880 6886 
2989 6786 6884 
2990 5957 5962 
2993 5954 5962 
3002 1181 1186 
3005 1290 1408 
3029 1403 1404 
3030 981 1093 
3030 1182 1297 
3034 157 162 
3036 642 647 
3062 981 985 
3063 1085 1092 
3067 756 863 
3067 1723 1725 
3075 1078 1195 
3077 1597 1712 
3080 645 646 
3090 467 468 
3096 469 568 
3006 2909 3009 
3009 2806 2912 
3029 2153 2155 
3039 1800 1919 
3064 2812 2813 
3065 2914 3015 
3006 5298 5413 
3010 5318 5438 
3016 4904 5022 
3020 5452 5453 
3021 5441 5447 
3027 4904 4908 
3031 5321 5322 
3033 5130 5247 
3033 5296 5297 
3034 5241 5244 
3037 5169 5171 
3038 5431 5438 
3048 5453 5454 
3056 5327 5440 
3069 5419 5426 
3073 5166 5168 
3083 5418 5421 
3085 5256 5259 
3085 5419 5424 
3093 5306 5425 
3001 7079 7080 
3026 7339 7414 
3037 6667 6670 
3047 7083 7089 
3053 7422 7478 
3057 6764 6771 
3072 6662 6670 
3073 6881 6883 
3078 7476 7480 
3082 6886 6984 
3084 6085 6088 
3089 6982 6984 
3089 7480 7525 
3091 6884 6886 
3092 6878 6883 
3093 6667 6669 
3099 6777 6883 
3100 5839 5842 
3133 469 563 
3135 560 562 
3139 1607 1614 
3152 464 471 
3152 465 560 
3156 1723 1726 
3157 1597 1717 
3164 1080 1193 
3166 471 560 
3171 472 568 
3174 465 471 
3190 1292 1299 
3103 2709 2710 
3121 2793 2898 
3132 2904 2905 
3149 3000 3007 
3176 2804 2906 
3106 5287 5292 
3106 5421 5423 
3127 4904 4905 
3135 5421 5424 
3137 5304 5424 
3146 5420 5421 
3157 5156 5162 
3157 5295 5297 
3167 5427 5428 
3101 6780 6878 
3107 6775 6878 
3107 6882 6883 
3110 6663 6770 
3113 6878 6880 
3114 6884 6891 
3116 6775 6875 
3119 6875 6878 
3124 6987 7081 
3126 6671 6672 
3126 6880 6883 
3128 6780 6883 
3147 6877 6878 
3149 7480 7527 
3152 7477 7480 
3156 6678 6679 
3191 6986 7082 
3197 6885 6886 
3203 1289 1297 
3205 1180 1185 
3215 552 646 
3215 642 742 
3246 553 651 
3246 631 632 
3249 1290 1294 
3255 636 639 
3264 1404 1405 
3280 756 861 
3284 1520 1521 
3218 2055 2057 
3280 2034 2036 
3220 5419 5425 
3222 5310 5425 
3224 5318 5437 
3236 5266 5267 
3251 5377 5378 
3253 5304 5427 
3254 5276 5280 
3265 5431 5432 
3274 5432 5433 
3285 5312 5425 
3290 5309 5427 
3297 5298 5416 
3298 5160 5162 
3248 6981 6987 
3257 6560 6561 
3273 5837 5844 
3285 6785 6786 
3300 6769 6869 
3303 464 472 
3318 463 557 
3318 636 638 
3318 1083 1196 
3322 380 464 
3338 638 742 
3341 966 1070 
3347 1402 1404 
3366 1077 1190 
3377 469 475 
3377 1640 1647 
3380 1284 1394 
3395 1402 1519 
3397 961 1069 
3302 5592 5594 
3301 5416 5421 
3310 5271 5273 
3314 5306 5427 
3314 5428 5429 
3321 5303 5422 
3324 5310 5427 
3327 5303 5416 
3350 5310 5433 
3358 5174 5287 
3364 5312 5433 
3369 5171 5172 
3302 5592 5594 
3304 6671 6676 
3305 6976 6984 
3309 6983 6987 
3311 6882 6982 
3319 6869 6877 
3335 6769 6877 
3347 7170 7171 
3366 6987 7079 
3367 7080 7084 
3376 6881 6888 
3387 6874 6877 
3389 7080 7170 
3392 6890 6891 
3397 7172 7174 
3402 647 748 
3410 373 374 
3415 1069 1075 
3430 373 375 
3438 647 750 
3441 1399 1519 
3456 1388 1395 
3463 633 639 
3467 1277 1278 
3469 1282 1285 
3471 465 554 
3471 642 645 
3475 961 1072 
3480 535 633 
3482 1168 1279 
3419 2362 2363 
3430 5304 5422 
3456 5421 5422 
3457 5437 5438 
3409 6783 6887 
3434 7255 7256 
3454 7262 7334 
3459 6787 6790 
3459 6984 6986 
3490 6559 6562 
3496 6783 6787 
3501 1164 1271 
3518 1173 1280 
3523 1286 1287 
3527 957 1061 
3532 540 634 
3537 749 754 
3546 1291 1293 
3565 1180 1292 
3569 958 1069 
3589 955 958 
3592 531 625 
3502 2005 2115 
3507 5258 5259 
3529 5316 5439 
3562 5318 5439 
3581 5275 5276 
3597 5293 5294 
3505 6787 6789 
3511 6884 6889 
3524 5622 5624 
3541 7169 7172 
3549 5593 5594 
3561 6983 7079 
3571 6985 6986 
3598 7076 7083 
3604 1280 1286 
3608 533 634 
3639 533 534 
3655 1288 1402 
3658 1162 1271 
3665 1388 1393 
3677 642 743 
3681 1265 1382 
3685 1167 1279 
3625 5462 5575 
3634 5316 5433 
3637 5204 5323 
3646 5508 5510 
3652 5324 5443 
3697 5503 5508 
3674 5839 5844 
3711 529 532 
3718 1167 1274 
3720 1162 1273 
3728 1277 1282 
3730 950 951 
3752 1157 1158 
3759 1067 1069 
3766 527 529 
3795 641 737 
3703 5596 5598 
3714 6581 6582 
3812 1044 1151 
3816 642 748 
3840 1293 1409 
3843 643 648 
3873 1186 1189 
3878 1230 1337 
3830 5593 5600 
3812 5271 5277 
3840 5304 5421 
3827 5598 5600 
3830 5593 5600 
3903 1403 1408 
3910 957 1067 
3918 978 1082 
3960 646 651 
3965 1283 1284 
3968 958 961 
3978 646 647 
3909 5303 5421 
3967 5154 5272 
3974 5459 5578 
3981 5309 5422 
3995 5275 5280 
3979 7252 7259 
4028 1463 1468 
4040 1260 1370 
4064 1071 1072 
4070 1184 1190 
4057 2922 2923 
4038 5321 5440 
4013 7337 7344 
4023 7344 7409 
4041 5968 5970 
4047 7342 7344 
4061 7344 7415 
4129 944 945 
4131 851 958 
4154 1250 1251 
4169 1143 1250 
4171 918 1022 
4186 1138 1250 
4191 1244 1250 
4197 1072 1074 
4122 2614 2718 
4144 1818 1822 
4171 5596 5603 
4114 5434 5441 
4122 5172 5287 
4173 5434 5436 
4178 5453 5572 
4110 7174 7252 
4112 7260 7342 
4171 5596 5603 
4183 7257 7260 
4222 1250 1255 
4280 1229 1237 
4294 1233 1340 
4299 1344 1460 
4218 2139 2140 
4244 2140 2250 
4255 2010 2011 
4202 5171 5289 
4209 5572 5577 
4221 5448 5566 
4242 5178 5295 
4254 5415 5417 
4262 5297 5298 
4280 5417 5418 
4289 5177 5295 
4292 5445 5446 
4211 7413 7477 
4216 7416 7477 
4239 6328 6335 
4245 7409 7416 
4263 7411 7416 
4269 7472 7477 
4272 7417 7475 
4296 7483 7485 
4307 1003 1109 
4317 1149 1256 
4325 1265 1266 
4329 1256 1257 
4336 1137 1244 
4347 999 1109 
4359 1189 1190 
4360 1116 1120 
4365 1228 1339 
4393 1265 1273 
4349 2055 5591 
4377 6078 6079 
4386 2822 2922 
4376 5425 5433 
4381 5442 5447 
4392 5430 5433 
4301 7417 7422 
4304 7416 7417 
4343 7260 7263 
4356 6787 6887 
4367 6578 6689 
4377 6078 6079 
4385 7341 7406 
4425 1224 1230 
4431 1265 1270 
4484 2138 2253 
4427 5439 5442 
4433 5298 5421 
4444 4878 4880 
4449 5433 5553 
4455 4877 4878 
4457 4878 4990 
4464 4880 4883 
4473 4880 4881 
4499 5444 5557 
4452 7413 7469 
4566 1035 1142 
4547 5450 5563 
4614 1136 1137 
4666 1023 1130 
4623 2920 3021 
4626 1887 1888 
4655 1818 1935 
4656 2137 2247 
4665 1770 1881 
4626 5428 5430 
4666 5439 5559 
4703 2808 2815 
4729 1894 2004 
4731 2135 2137 
4750 1897 2007 
4775 1891 2001 
4701 5444 5448 
4731 5456 5569 
4752 5448 5453 
4758 5454 5569 
4733 7082 7089 
4736 6676 6678 
4819 2397 2504 
4822 1886 1891 
4844 2013 2014 
4854 1891 2006 
4825 5444 5563 
4895 5450 5569 
4819 6985 6992 
4957 1532 1533 
4959 1579 1580 
4991 1469 1470 
5003 461 468 
5019 524 525 
5019 1082 1087 
5042 955 960 
5008 5615 5729 
5041 7349 7350 
5046 7258 7265 
5112 960 1064 
5115 846 952 
5145 650 753 
5180 1284 1400 
5183 1398 1514 
5188 973 975 
5197 851 953 
5127 1799 1805 
5167 1937 1940 
5223 518 524 
5226 836 938 
5228 646 648 
5265 1515 1631 
5272 862 864 
5290 421 426 
5257 3001 3098 
5231 6991 6998 
5319 537 631 
5320 1396 1399 
5321 1284 1285 
5336 524 529 
5340 543 643 
5342 530 531 
5360 644 748 
5392 975 976 
5372 5054 5164 
5392 5047 5054 
5401 524 526 
5403 419 424 
5410 429 526 
5410 974 981 
5425 1085 1093 
5431 638 740 
5470 648 653 
5490 973 978 
5447 5272 5277 
5427 6893 6894 
5453 6981 7081 
5523 631 636 
5582 524 531 
5583 427 518 
5503 5585 5698 
5555 4936 4937 
5566 4934 5050 
5573 5052 5053 
5586 5203 5210 
5504 6698 6699 
5563 6984 6987 
5602 631 638 
5607 423 512 
5627 427 432 
5644 427 521 
5646 427 526 
5646 4820 4933 
5673 4933 4934 
5697 5586 5701 
5704 529 531 
5733 416 512 
5740 1920 1921 
5716 4934 4938 
5764 5096 5212 
5772 5212 5219 
5776 5089 5096 
5789 5094 5096 
5800 5212 5214 
5850 535 538 
5853 526 527 
5859 1799 1804 
5802 5091 5096 
5814 5096 5102 
5816 5049 5054 
5862 5101 5106 
5865 5206 5213 
5887 6878 6885 
5901 431 432 
5932 633 634 
5970 341 432 
5992 529 534 
5932 5102 5218 
5966 5103 5223 
6089 2051 2166 
6092 5217 5220 
6574 418 419 
6597 4707 4714 
6640 334 335 
6664 4701 4708 
6773 4713 4720 
6791 4477 4582 
6753 5984 5991 
6773 5991 6110 
6845 534 635 
6812 4689 4696 
6824 4576 4583 
6828 4476 4483 
6854 4586 4695 
6953 6882 6886 
7017 522 616 
7051 2397 2401 
7009 7262 7340 
7033 5865 5866 
7050 6984 6985 
7092 5608 5615 
7114 1282 1399 
7170 5852 5860 
7249 426 427 
7296 979 1087 
7247 5864 5871 
7399 2401 2406 
7387 5048 5054 
7448 1406 1407 
7427 2400 2406 
7443 2406 2518 
7442 4938 5052 
7496 4823 4930 
