POD_coefficients: 57
-4.9706972854946123164
-54.829813219609860653
-32.449224421651358341
-9.9094873434802881462
0.56182419742366107585
-1.3036030780888030467
0.89232994073275695435
-0.038132900724016899341
-3.1242699482139341496e-05
310.11238188460771426
753.51923461245564795
590.55293645111703427
425.01492225271653069
45.626073809986763763
50.190038904161177413
-42.907356197175076318
-99.762383077391362463
-84.220568566721979664
-63.389733027233440055
-9.986757880112856256
-8.9455151653259701305
4.1132673614524977168
7.8193968582827295677
8.2469666515994308753
6.7030384503794646633
1.9969830947248472519
1.3170510111620052918
0.09309596121260353685
0.49067710329861274898
-0.097189820841546092911
0.029110781514695868027
-0.017032525787592855265
-0.0042065761500704344431
0.054935636037150716027
0.12801889212354505831
0.037549342199951235566
0.11280265039877479527
0.014636187440495091946
0.062872602749464809313
-0.52544128436515480374
-0.95500408154832294727
-0.89396572988288969253
-0.69518370660997419463
-0.3418951877136168771
-0.26974325626747580609
0.0044329818079900671149
0.0019299330993919610201
0.0088930403654218555948
-0.0066596110540597767968
-0.0048058362681530951768
0.0061194786116030349538
-0.030513370153243738608
-0.059043763078178886083
-0.044662842221171339396
-0.049003331716602663293
-0.01858516790849895628
-0.026677597102883639918
