# Displaced_A15.xyz
|  config  |  # atoms  |  energy  | DFT energy | energy error |  force  | DFT force | force error |
   1    64    -754.397    -754.22    0.00275886    7.91884    8.39867    0.126729    
   2    64    -753.922    -753.865    0.000888863    9.1946    9.13443    0.134971    
   3    64    -754.273    -754.022    0.00392371    8.59413    9.01726    0.116795    
   4    64    -754.468    -754.28    0.00293734    7.94693    8.38173    0.110031    
   5    64    -753.865    -753.777    0.00136698    9.42412    9.47831    0.12771    
   6    64    -754.24    -754.049    0.0029872    7.9894    8.46532    0.114764    
   7    64    -754.434    -754.318    0.00181975    8.10372    8.12769    0.0959524    
   8    64    -754.071    -753.969    0.00159542    9.5794    9.42546    0.117308    
   9    64    -754.301    -754.142    0.0024843    8.5318    8.82135    0.124675    
# Displaced_BCC.xyz
|  config  |  # atoms  |  energy  | DFT energy | energy error |  force  | DFT force | force error |
   10    54    -630.833    -631.02    0.00346484    16.6423    16.6259    0.141577    
   11    54    -631.634    -631.72    0.00159313    15.3889    15.5867    0.126751    
   12    54    -631.359    -631.386    0.000499818    15.5665    15.9238    0.142737    
   13    54    -632.542    -632.576    0.000623228    14.1766    14.5598    0.131264    
   14    54    -630.474    -630.45    0.000438823    16.9753    16.9634    0.154955    
   15    54    -631.675    -631.669    0.000102118    15.787    16.0576    0.145569    
   16    54    -632.252    -632.431    0.00332098    14.6078    14.6981    0.148204    
   17    54    -630.858    -630.96    0.00189116    15.7987    15.9907    0.144647    
   18    54    -623.441    -623.378    0.00116669    24.808    24.6764    0.189572    
# Displaced_FCC.xyz
|  config  |  # atoms  |  energy  | DFT energy | energy error |  force  | DFT force | force error |
   19    48    -556.035    -555.899    0.00281697    5.26209    6.08462    0.0794211    
   20    48    -556.033    -555.922    0.00230213    5.48006    6.29707    0.0856255    
   21    48    -555.857    -555.8    0.00118226    5.53306    6.0211    0.0852168    
   22    48    -556.235    -556.196    0.000812055    4.72612    5.12796    0.0686496    
   23    48    -555.598    -555.489    0.00226247    6.36049    7.05022    0.0982766    
   24    48    -556.073    -556.028    0.000931813    5.17388    5.61188    0.0776878    
   25    48    -556.072    -555.968    0.00215542    5.23049    5.97922    0.0895625    
   26    48    -556.121    -556.047    0.00153643    4.90013    5.54445    0.0854713    
   27    48    -555.841    -555.748    0.00194628    5.93537    6.47893    0.0832121    
# Elastic_BCC.xyz
|  config  |  # atoms  |  energy  | DFT energy | energy error |  force  | DFT force | force error |
   28    2    -23.6861    -23.6894    0.00163926    0.000546447    0.000622275    2.03675e-05    
   29    2    -23.6872    -23.6899    0.00133642    0.000544946    0.000616605    1.86349e-05    
   30    2    -23.6872    -23.69    0.00140359    0.000775343    0.000881043    3.70066e-05    
   31    2    -23.6893    -23.691    0.000827973    8.87951e-07    0    3.56394e-07    
   32    2    -23.6898    -23.6905    0.000356347    0.000537624    0.000598227    1.57815e-05    
   33    2    -23.6901    -23.6904    0.000127185    0.000536475    0.000592572    1.44778e-05    
   34    2    -23.6856    -23.6892    0.00180213    0.000546413    0.000627936    2.12481e-05    
   35    2    -23.6882    -23.6905    0.00112145    0.000762698    0.000864014    3.50614e-05    
   36    2    -23.6871    -23.6899    0.00141516    0.000547057    0.000615215    1.80705e-05    
   37    2    -23.6892    -23.6906    0.000694311    0.000540359    0.000603873    1.54533e-05    
   38    2    -23.6871    -23.6902    0.00153472    0.000939662    0.0010737    5.47218e-05    
   39    2    -23.6856    -23.6893    0.00185196    0.000775445    0.000890013    3.8673e-05    
   40    2    -23.6867    -23.6898    0.00154059    0.00094828    0.00108025    5.38937e-05    
   41    2    -23.6873    -23.6897    0.00120365    0.00077002    0.000868003    3.27619e-05    
   42    2    -23.6879    -23.6901    0.00111092    0.00119413    0.00137382    6.093e-05    
   43    2    -23.684    -23.6881    0.00204382    0.000549094    0.000633613    2.2313e-05    
   44    2    -23.6854    -23.6892    0.00191515    0.000778513    0.00088801    3.66248e-05    
   45    2    -23.6864    -23.6895    0.00158396    0.000781048    0.000886001    3.50284e-05    
   46    2    -23.6813    -23.6863    0.0024917    0.000556118    0.000640678    2.25083e-05    
   47    2    -23.6905    -23.6901    0.000212773    0.000759087    0.000841016    2.74129e-05    
   48    2    -23.6905    -23.6908    0.000142634    0.00075597    0.000850007    3.2547e-05    
   49    2    -23.6891    -23.6903    0.000585734    0.000915611    0.00104432    5.26156e-05    
   50    2    -23.6886    -23.6906    0.0010192    0.000909253    0.00105083    5.77997e-05    
   51    2    -23.6896    -23.6907    0.000535773    0.000538074    0.000603891    1.75208e-05    
   52    2    -23.6885    -23.6906    0.00101394    0.000746012    0.000859006    3.79367e-05    
   53    2    -23.6887    -23.6907    0.000985165    0.000748121    0.000859011    3.78873e-05    
   54    2    -23.6886    -23.6902    0.000824165    0.000769976    0.000873005    3.50098e-05    
   55    2    -23.6853    -23.6889    0.00182288    0.000760454    0.000880031    4.15812e-05    
   56    2    -23.6897    -23.6901    0.000200215    0.00053867    0.000593997    1.44881e-05    
   57    2    -23.683    -23.6874    0.00221818    0.000789661    0.000903059    4.00624e-05    
   58    2    -23.6866    -23.6898    0.00160457    0.000761764    0.000874001    3.77508e-05    
   59    2    -23.6887    -23.6904    0.000863186    7.28544e-07    0    2.71646e-07    
   60    2    -23.6888    -23.6904    0.000762636    0.000541556    0.00060675    1.82097e-05    
   61    2    -23.6912    -23.6889    0.00114767    0.000743119    0.000825005    2.84426e-05    
   62    2    -23.6897    -23.6905    0.000387489    0.00132297    0.00147578    6.06808e-05    
   63    2    -23.6906    -23.6906    2.00639e-06    0.000527361    0.00059966    1.89584e-05    
   64    2    -23.6862    -23.6895    0.00166397    0.000547703    0.000619438    1.86143e-05    
   65    2    -23.6869    -23.6899    0.00147744    0.0007821    0.000886012    3.54245e-05    
   66    2    -23.6859    -23.6893    0.00168822    0.00123702    0.00139648    5.08176e-05    
   67    2    -23.6908    -23.6905    0.000160751    0.000529394    0.000593983    1.71672e-05    
   68    2    -23.691    -23.6898    0.000584608    0.000734915    0.000834059    3.61454e-05    
   69    2    -23.6911    -23.69    0.000527977    0.00052809    0.000589769    1.74424e-05    
   70    2    -23.6905    -23.6906    3.42846e-05    0.000532785    0.000593978    1.5907e-05    
   71    2    -23.688    -23.6902    0.0011076    0.00097135    0.00108432    4.61209e-05    
   72    2    -23.6902    -23.6906    0.000212458    0.000528771    0.000602468    1.86372e-05    
   73    2    -23.6871    -23.6898    0.00131469    0.000776724    0.000879069    3.60977e-05    
   74    2    -23.6907    -23.6903    0.000225177    6.25099e-07    0    1.86978e-07    
   75    2    -23.6885    -23.6906    0.00104249    0.000536732    0.000613775    1.88771e-05    
   76    2    -23.6897    -23.6906    0.000461612    8.07915e-07    0    3.29679e-07    
   77    2    -23.6893    -23.6906    0.000634015    0.000754295    0.000859033    3.60641e-05    
   78    2    -23.6834    -23.6879    0.0022436    0.000793584    0.000901011    3.68983e-05    
   79    2    -23.6896    -23.6907    0.000544245    0.00075052    0.000847006    3.30101e-05    
   80    2    -23.6874    -23.69    0.00130968    0.00054335    0.000619447    2.02146e-05    
   81    2    -23.6868    -23.6896    0.00142265    0.000768137    0.000874073    3.83738e-05    
   82    2    -23.6888    -23.6907    0.000920028    0.000538617    0.000612376    1.93332e-05    
   83    2    -23.6881    -23.6902    0.0010282    0.000767576    0.000875005    3.5928e-05    
   84    2    -23.6836    -23.6879    0.00214226    0.000983337    0.00111207    5.25616e-05    
   85    2    -23.6877    -23.6901    0.00123268    0.000747701    0.000868018    4.13626e-05    
   86    2    -23.6895    -23.6908    0.00065063    0.000531685    0.000608113    1.89951e-05    
   87    2    -23.6896    -23.6906    0.000486545    0.00105831    0.00121767    4.18153e-05    
   88    2    -23.6903    -23.6907    0.000154692    0.000529443    0.000602477    1.92212e-05    
   89    2    -23.6898    -23.6903    0.000216272    0.000924912    0.0010435    4.85199e-05    
   90    2    -23.6901    -23.6907    0.00030118    0.000534778    0.000601074    1.76076e-05    
   91    2    -23.6879    -23.6901    0.00111396    0.000779636    0.000873023    3.24496e-05    
   92    2    -23.6842    -23.6884    0.00209608    0.000550295    0.00063218    2.09775e-05    
   93    2    -23.6848    -23.6887    0.00195813    0.000956369    0.00109247    5.5623e-05    
   94    2    -23.6893    -23.6905    0.000636936    0.000757    0.000861015    3.46806e-05    
   95    2    -23.687    -23.6897    0.0013473    0.000539132    0.000625129    2.24311e-05    
   96    2    -23.6902    -23.6906    0.000196682    6.37141e-07    0    2.01479e-07    
   97    2    -23.685    -23.6888    0.0018839    0.000550786    0.000625114    1.96056e-05    
   98    2    -23.6912    -23.6893    0.000946692    0.000746248    0.00082906    3.03127e-05    
   99    2    -23.6832    -23.6874    0.00207067    0.000999261    0.00112024    4.93927e-05    
   100    2    -23.6888    -23.6907    0.000941877    0.000539655    0.00061094    1.68867e-05    
   101    2    -23.6912    -23.6894    0.000896419    0.000523621    0.000588355    1.85324e-05    
   102    2    -23.687    -23.69    0.00150541    0.000773098    0.000881006    3.62546e-05    
   103    2    -23.6911    -23.69    0.000523819    0.000761095    0.00084502    2.97128e-05    
   104    2    -23.6905    -23.6908    0.000114577    0.000530496    0.000599642    1.78782e-05    
   105    2    -23.6867    -23.6898    0.00155348    0.000768693    0.000880022    3.75303e-05    
   106    2    -23.6903    -23.6906    0.000109603    0.000761034    0.000856001    3.19472e-05    
   107    2    -23.6901    -23.6906    0.000240436    0.000739193    0.000839002    3.36092e-05    
   108    2    -23.6848    -23.6888    0.00196105    0.000785628    0.000891019    3.67545e-05    
   109    2    -23.6868    -23.69    0.00159167    0.000545141    0.000619429    1.79896e-05    
   110    2    -23.6832    -23.6877    0.00222652    0.000932239    0.00108759    6.34232e-05    
   111    2    -23.69    -23.691    0.000498302    0.000757863    0.000854004    3.26672e-05    
   112    2    -23.6852    -23.689    0.00189061    5.6616e-07    0    2.2412e-07    
   113    2    -23.6875    -23.69    0.0012254    6.15645e-07    0    2.42472e-07    
   114    2    -23.6901    -23.6906    0.000260961    0.000760378    0.000858001    3.30773e-05    
   115    2    -23.6894    -23.6906    0.000603024    0.000776519    0.000868007    3.09127e-05    
   116    2    -23.6904    -23.6902    9.3764e-05    0.000533873    0.000592589    1.569e-05    
   117    2    -23.6905    -23.6905    8.23239e-07    0.000764634    0.000850029    3.02071e-05    
   118    2    -23.6878    -23.6905    0.0013161    0.000771335    0.00087401    3.50199e-05    
   119    2    -23.6909    -23.6896    0.00065962    0.000733202    0.000832019    3.43113e-05    
   120    2    -23.683    -23.6874    0.00220976    0.00094182    0.00109578    6.28736e-05    
   121    2    -23.6865    -23.6896    0.00154027    0.000538147    0.000626524    2.2346e-05    
   122    2    -23.689    -23.6904    0.000700302    3.23536e-07    0    1.31469e-07    
   123    2    -23.6906    -23.6906    1.01071e-05    0.00053184    0.000598227    1.77308e-05    
   124    2    -23.6911    -23.6891    0.00101049    0.000724988    0.000818007    3.18504e-05    
   125    2    -23.6886    -23.6901    0.000788194    0.000779955    0.000874077    3.38409e-05    
   126    2    -23.6906    -23.6905    5.42826e-05    0.000533464    0.000593998    1.5847e-05    
   127    2    -23.6869    -23.6899    0.0014586    0.000781141    0.000886012    3.60901e-05    
# Elastic_FCC.xyz
|  config  |  # atoms  |  energy  | DFT energy | energy error |  force  | DFT force | force error |
   128    4    -46.4366    -46.4379    0.000322993    0.000842669    0.00126595    0.000146396    
   129    4    -46.439    -46.4385    0.000126369    0.000894742    0.00149255    0.000163589    
   130    4    -46.4344    -46.4364    0.000488021    0.00054999    0.000810592    9.96031e-05    
   131    4    -46.4395    -46.4416    0.000521555    0.00102748    0.00128368    8.44612e-05    
   132    4    -46.4159    -46.417    0.000264584    0.000879048    0.00118615    9.21906e-05    
   133    4    -46.4374    -46.4405    0.000763894    0.000900086    0.00121244    7.26508e-05    
   134    4    -46.4369    -46.438    0.00025591    0.00132101    0.00235823    0.000263467    
   135    4    -46.4462    -46.4459    8.17233e-05    0.00127936    0.00203395    0.000215913    
   136    4    -46.4346    -46.4357    0.000294489    0.000940097    0.00169085    0.000253161    
   137    4    -46.4388    -46.4382    0.000140942    0.000828177    0.00116005    8.18781e-05    
   138    4    -46.426    -46.4263    7.10469e-05    0.000539044    0.000529702    9.24509e-06    
   139    4    -46.4407    -46.4433    0.000654727    0.00103189    0.00181842    0.000198936    
   140    4    -46.4378    -46.439    0.000295054    0.00112095    0.00141697    8.47575e-05    
   141    4    -46.4306    -46.4324    0.000470977    0.0010595    0.00101047    5.75778e-05    
   142    4    -46.4112    -46.4127    0.000374834    0.00130029    0.00180196    0.000164601    
   143    4    -46.4417    -46.4432    0.000381857    0.00082    0.00169159    0.000197574    
   144    4    -46.4299    -46.4315    0.000393725    0.00135331    0.00168054    9.02338e-05    
   145    4    -46.4326    -46.4356    0.000747272    0.000827435    0.000959304    3.17995e-05    
   146    4    -46.4379    -46.4377    5.77326e-05    0.000895835    0.00121771    0.000100682    
   147    4    -46.4267    -46.4284    0.000443056    0.000994558    0.00206008    0.000289128    
   148    4    -46.4312    -46.4323    0.000266349    0.000649846    0.00062742    6.42064e-05    
   149    4    -46.4404    -46.4423    0.000486424    0.00105172    0.00242444    0.000359984    
   150    4    -46.4362    -46.4366    0.000109835    0.000554861    0.000532124    4.35552e-05    
   151    4    -46.4295    -46.4308    0.000333873    0.000922059    0.00139999    0.000128344    
   152    4    -46.4315    -46.4331    0.000406069    0.000535931    0.000727277    5.65847e-05    
   153    4    -46.4331    -46.4343    0.000307634    0.000843829    0.00128445    0.000127529    
   154    4    -46.4288    -46.4306    0.000448896    0.000857429    0.00131575    0.000111644    
   155    4    -46.4461    -46.4457    0.000108534    0.00105527    0.00180789    0.000208609    
   156    4    -46.4347    -46.4359    0.00029863    0.00083983    0.0018693    0.000244459    
   157    4    -46.439    -46.4421    0.000780901    0.000630232    0.000602093    2.01278e-05    
   158    4    -46.4346    -46.4344    3.05402e-05    0.00094142    0.00109298    7.48666e-05    
   159    4    -46.4372    -46.4363    0.000218815    0.00117576    0.00183915    0.00019822    
   160    4    -46.4226    -46.4239    0.000334336    0.000939809    0.00146346    0.000183266    
   161    4    -46.4263    -46.4281    0.000441742    0.000660338    0.00085845    7.26279e-05    
   162    4    -46.4252    -46.4269    0.000431591    0.00116444    0.00184572    0.000214857    
   163    4    -46.4223    -46.4211    0.000293273    0.00109004    0.00130915    5.88323e-05    
   164    4    -46.4296    -46.4322    0.000655695    0.000777661    0.000725311    2.85932e-05    
   165    4    -46.4294    -46.4294    5.45867e-06    0.000844308    0.00106833    6.59244e-05    
   166    4    -46.4445    -46.4451    0.000158705    0.000963573    0.00177604    0.000214153    
   167    4    -46.4336    -46.4359    0.000559191    0.00118166    0.00237607    0.000349384    
   168    4    -46.4381    -46.4397    0.000398539    0.000537348    0.0011194    0.000103886    
   169    4    -46.4256    -46.4283    0.000667129    0.00121781    0.001277    3.24632e-05    
   170    4    -46.4226    -46.4246    0.000501499    0.000665939    0.000803296    3.86635e-05    
   171    4    -46.4114    -46.413    0.000404124    0.00103372    0.00124832    4.99341e-05    
   172    4    -46.4337    -46.437    0.000835027    0.000939062    0.00133194    0.000151964    
   173    4    -46.4426    -46.4436    0.000249275    0.00087821    0.00117705    9.96527e-05    
   174    4    -46.4393    -46.4397    0.000108298    8.01271e-07    0    2.21298e-07    
   175    4    -46.4361    -46.4355    0.000139412    0.00102867    0.000933839    5.52309e-05    
   176    4    -46.4329    -46.4348    0.00048013    0.001069    0.00117329    4.82142e-05    
   177    4    -46.435    -46.4349    1.71774e-05    0.00118261    0.00134949    5.52374e-05    
   178    4    -46.4261    -46.4265    0.000108048    0.00110087    0.00124894    5.39175e-05    
   179    4    -46.4362    -46.437    0.000213309    0.000759147    0.000938419    6.54485e-05    
   180    4    -46.4278    -46.4289    0.000288324    0.00107492    0.00128635    6.86621e-05    
   181    4    -46.4401    -46.4425    0.000615632    0.000631289    0.000948555    0.0001212    
   182    4    -46.4293    -46.4287    0.000136709    0.000923529    0.00142432    0.000129578    
   183    4    -46.432    -46.4334    0.000335735    0.00108531    0.00127638    6.05757e-05    
   184    4    -46.4387    -46.4388    1.98514e-05    0.000773268    0.000818694    3.63001e-05    
   185    4    -46.4404    -46.442    0.000392534    0.000846557    0.00188774    0.000232102    
   186    4    -46.4365    -46.439    0.000640371    0.000748871    0.000821568    4.27397e-05    
   187    4    -46.4359    -46.437    0.000262412    0.00100034    0.00148232    0.000151185    
   188    4    -46.4267    -46.4272    0.000132861    0.00103373    0.00129389    7.89113e-05    
   189    4    -46.438    -46.438    2.09915e-05    0.00117002    0.00162729    0.000126325    
   190    4    -46.4192    -46.4201    0.000229138    0.0013724    0.00239524    0.000337268    
   191    4    -46.4451    -46.4452    4.01332e-05    0.000869011    0.00121933    8.43642e-05    
   192    4    -46.4438    -46.446    0.000557624    0.000807113    0.00130533    0.000111581    
   193    4    -46.4345    -46.4345    4.32998e-06    0.000825755    0.000832334    5.97425e-05    
   194    4    -46.4419    -46.4446    0.000681384    0.000621771    0.000974421    6.55687e-05    
   195    4    -46.4402    -46.4418    0.000399258    0.00104611    0.00133923    9.97271e-05    
   196    4    -46.4362    -46.4364    5.75357e-05    0.00120158    0.00178674    0.000149592    
   197    4    -46.4446    -46.4464    0.000457343    0.000618038    0.000658878    4.29212e-05    
   198    4    -46.4489    -46.4498    0.000219907    0.00111925    0.00213506    0.000271135    
   199    4    -46.4244    -46.4272    0.000709185    0.00093823    0.00105079    3.74157e-05    
   200    4    -46.4258    -46.4279    0.000523944    0.000935006    0.00148767    0.000150465    
   201    4    -46.441    -46.44    0.000249535    0.000625931    0.000757203    4.03631e-05    
   202    4    -46.4354    -46.4372    0.000444814    0.000829975    0.00150559    0.000156335    
   203    4    -46.4221    -46.4226    0.000124828    0.000869582    0.00160171    0.000229243    
   204    4    -46.4422    -46.4435    0.000344682    0.00115538    0.0015903    0.000129691    
   205    4    -46.4382    -46.4399    0.00042654    0.00104481    0.00153049    0.000118194    
   206    4    -46.4366    -46.4377    0.000272919    0.00134027    0.00244025    0.000345947    
   207    4    -46.4434    -46.4456    0.000547161    0.000786032    0.00113392    9.42419e-05    
   208    4    -46.4379    -46.4391    0.00029466    0.00117187    0.00183073    0.000197592    
   209    4    -46.4431    -46.4431    4.72002e-06    0.000523071    0.000576687    1.84958e-05    
   210    4    -46.4397    -46.4397    3.18965e-06    0.000830553    0.00120417    8.59347e-05    
   211    4    -46.4353    -46.4364    0.000274393    0.000904841    0.00146166    0.000186343    
   212    4    -46.4263    -46.4266    6.30294e-05    0.000867203    0.00135962    0.000104127    
   213    4    -46.4326    -46.434    0.000349741    0.00102198    0.00139113    0.000122732    
   214    4    -46.4349    -46.4363    0.000345018    0.00130303    0.00250335    0.000293524    
   215    4    -46.432    -46.4345    0.000633636    0.000995207    0.00104164    1.38148e-05    
   216    4    -46.4373    -46.4388    0.000356845    0.000978548    0.00109829    6.05746e-05    
   217    4    -46.4377    -46.4403    0.000637033    0.000551808    0.000606989    4.68109e-05    
   218    4    -46.4242    -46.4229    0.000323694    0.00057278    0.000736524    6.57564e-05    
   219    4    -46.4173    -46.4181    0.000206759    0.00123095    0.00202841    0.000210443    
   220    4    -46.4395    -46.4405    0.000261326    0.000827568    0.00115819    0.000106677    
   221    4    -46.4089    -46.4098    0.000231849    0.000870128    0.00175957    0.000214221    
   222    4    -46.4408    -46.4403    0.000116079    0.000623825    0.000953404    8.8078e-05    
   223    4    -46.4368    -46.4377    0.000227944    0.000767355    0.00092618    6.57722e-05    
   224    4    -46.4167    -46.4165    4.7926e-05    0.000675756    0.000757366    4.18837e-05    
   225    4    -46.4399    -46.4403    8.94728e-05    0.000830093    0.000772539    1.53733e-05    
   226    4    -46.4389    -46.4384    0.000122437    0.000630141    0.000561202    2.05799e-05    
   227    4    -46.4396    -46.4389    0.000183441    0.000817114    0.00165088    0.000188119    
# GSF_110.xyz
|  config  |  # atoms  |  energy  | DFT energy | energy error |  force  | DFT force | force error |
   228    24    -278.952    -279.069    0.00484974    1.30842    1.75635    0.0252579    
   229    24    -279.898    -279.784    0.00473819    1.06486    0.905767    0.0226151    
   230    24    -280.009    -279.902    0.00446322    0.159356    0.00156595    0.00758324    
   231    24    -279.658    -279.584    0.00307228    1.33502    1.03557    0.0371805    
   232    24    -279.898    -279.784    0.00473885    1.06485    0.90564    0.0226275    
   233    24    -279.333    -279.302    0.00127826    1.9333    1.77197    0.0320169    
   234    24    -279.615    -279.556    0.00246677    1.77818    1.40563    0.0405556    
   235    24    -279.193    -279.247    0.00226674    0.879533    0.481396    0.036948    
   236    24    -279.333    -279.302    0.00127844    1.93331    1.77195    0.0320186    
   237    24    -279.193    -279.247    0.00226633    0.878832    0.480948    0.0369162    
   238    24    -280.009    -279.896    0.00469733    0.160008    0.0106055    0.00759961    
   239    24    -279.658    -279.584    0.00306489    1.33521    1.03584    0.0371791    
   240    24    -279.083    -279.124    0.00174388    1.72017    1.80955    0.0399378    
   241    24    -279.409    -279.379    0.00123256    1.17637    0.898269    0.0339425    
   242    24    -279.409    -279.379    0.00123533    1.17617    0.898081    0.0339514    
   243    24    -279.083    -279.124    0.00174399    1.72016    1.80952    0.039939    
   244    24    -280.009    -279.902    0.00446322    0.159356    0.00157037    0.00758239    
   245    24    -279.905    -279.793    0.00468086    0.953169    0.839261    0.0213684    
   246    24    -280.009    -279.896    0.00469733    0.160008    0.0106024    0.0076003    
   247    24    -279.078    -279.206    0.00533945    0.286329    0.00532652    0.0183102    
   248    24    -279.615    -279.556    0.00246692    1.77819    1.40563    0.0405555    
   249    24    -279.905    -279.793    0.00468066    0.953147    0.839263    0.0213632    
# GSF_112.xyz
|  config  |  # atoms  |  energy  | DFT energy | energy error |  force  | DFT force | force error |
   250    30    -345.131    -345.176    0.0015053    1.49595    1.0574    0.070818    
   251    30    -346.55    -346.362    0.00629027    1.63407    1.22028    0.05716    
   252    30    -345.946    -345.796    0.00500084    2.31334    2.11286    0.0566528    
   253    30    -344.862    -345.165    0.0100789    1.73354    1.76583    0.0580988    
   254    30    -346.774    -346.594    0.00602146    0.719381    0.0114887    0.0479398    
   255    30    -346.565    -346.396    0.0056137    1.58718    0.995468    0.0697235    
   256    30    -345.126    -345.319    0.00643309    2.23876    1.77204    0.0732265    
   257    30    -345.585    -345.595    0.000322995    2.14641    1.51601    0.0791765    
   258    30    -346.076    -345.986    0.00299718    2.13358    1.40625    0.0883813    
   259    30    -345.559    -345.384    0.00583532    1.61442    0.963574    0.0641204    
   260    30    -346.774    -346.583    0.00639058    0.720019    0.0126741    0.0479246    
   261    30    -345.372    -345.452    0.00266387    3.49661    2.78772    0.0823916    
   262    30    -346.774    -346.594    0.00602138    0.719379    0.0114883    0.04794    
   263    30    -345.392    -345.282    0.00365962    2.30206    1.87314    0.0590972    
   264    30    -345.952    -345.929    0.000774503    2.96788    2.10087    0.0878894    
   265    30    -344.869    -345.112    0.00808982    3.48492    3.35807    0.0809893    
   266    30    -346.536    -346.367    0.0056424    1.76907    1.3358    0.0569599    
   267    30    -346.774    -346.583    0.00639269    0.719415    0.0125474    0.0479299    
   268    30    -344.607    -344.914    0.0102041    2.6176    3.44183    0.0858134    
   269    30    -346.034    -345.837    0.00657864    1.90032    1.60877    0.0583012    
   270    30    -344.886    -344.984    0.00327291    2.38834    2.54263    0.0744018    
   271    30    -346.541    -346.394    0.00489342    1.83231    1.21168    0.0689226    
# Liquid.xyz
|  config  |  # atoms  |  energy  | DFT energy | energy error |  force  | DFT force | force error |
   272    100    -1105.9    -1105.6    0.00302913    30.921    31.3985    0.407431    
   273    100    -1099.91    -1099.67    0.00240151    33.7575    32.0317    0.461923    
   274    100    -1122.48    -1121.32    0.0116885    20.9852    20.8108    0.345091    
# Surface.xyz
|  config  |  # atoms  |  energy  | DFT energy | energy error |  force  | DFT force | force error |
   275    24    -280.009    -279.912    0.00403884    0.160009    0.00275309    0.00780682    
   276    48    -553.823    -555.359    0.0320025    3.30297    0.00302063    0.114131    
   277    40    -458.985    -459.216    0.00577016    3.26958    5.04614    0.0918845    
   278    40    -459.241    -461.144    0.0475849    2.65525    0.00558274    0.114863    
   279    24    -279.947    -279.635    0.0130134    0.968992    1.2888    0.0183592    
   280    30    -346.774    -346.593    0.0060547    0.719382    0.0084462    0.0478123    
   281    30    -346.124    -345.745    0.0126533    2.88651    3.12496    0.0854869    
# Volume_A15.xyz
|  config  |  # atoms  |  energy  | DFT energy | energy error |  force  | DFT force | force error |
   282    8    -66.9457    -66.9907    0.00563515    1.22368e-14    0    1.91965e-15    
   283    8    -72.7024    -72.9578    0.0319216    2.62579e-13    0    3.44621e-14    
   284    8    -94.1497    -94.1457    0.00049886    4.93585e-14    0    8.31619e-15    
   285    8    -94.5604    -94.5547    0.000709838    3.0212e-14    0    5.23424e-15    
   286    8    -79.4018    -79.4384    0.00457098    1.88392e-13    0    2.53966e-14    
   287    8    -69.612    -69.6278    0.00197429    1.78914e-14    0    2.82854e-15    
   288    8    -82.6003    -82.6049    0.000581147    2.15621e-14    0    4.00793e-15    
   289    8    14.8553    14.8905    0.00440104    6.77698e-14    0    1.12025e-14    
   290    8    -94.3604    -94.3676    0.000903313    5.75131e-14    0    1.00276e-14    
   291    8    -89.1864    -89.2482    0.00772944    2.31243e-14    0    3.51021e-15    
   292    8    -87.1652    -87.212    0.00584701    2.70319e-14    0    3.89807e-15    
   293    8    -93.6393    -93.669    0.00370879    4.65844e-15    0    7.49401e-16    
   294    8    -7.80331    -7.98917    0.0232319    3.49405e-13    0    5.23791e-14    
   295    8    -84.9579    -84.9828    0.00311414    3.5439e-15    0    5.70869e-16    
   296    8    -92.485    -92.5364    0.00642162    2.64664e-14    0    4.85911e-15    
   297    8    -26.8398    -26.7761    0.00795809    4.0414e-13    0    7.15425e-14    
   298    8    -77.5596    -77.5441    0.00194267    1.43271e-14    0    2.4083e-15    
   299    8    -80.1241    -80.1142    0.00122992    2.95121e-14    0    4.36565e-15    
   300    8    -42.3448    -42.143    0.0252243    3.63864e-13    0    5.49772e-14    
   301    8    -90.9779    -91.0407    0.00784043    3.57373e-14    0    5.42506e-15    
   302    8    -84.6043    -84.4992    0.0131375    1.54442e-13    0    2.90893e-14    
   303    8    -61.6478    -61.8252    0.0221709    8.04967e-15    0    1.32248e-15    
   304    8    -91.1605    -91.1569    0.000456129    3.65852e-15    0    6.38132e-16    
   305    8    -54.7679    -54.6587    0.0136441    1.474e-13    0    2.32362e-14    
   306    8    -72.2801    -72.2773    0.000349643    3.40514e-15    0    5.38379e-16    
   307    8    -74.9362    -74.9233    0.00160882    4.72546e-14    0    6.73566e-15    
   308    8    -64.6661    -64.7981    0.0164994    1.60807e-14    0    2.5769e-15    
   309    8    -93.0364    -93.0483    0.00148873    3.80649e-14    0    6.28214e-15    
   310    8    -64.2884    -64.387    0.0123269    1.65599e-14    0    2.55057e-15    
   311    8    -88.3914    -88.3529    0.0048142    2.36594e-13    0    3.18076e-14    
# Volume_BCC.xyz
|  config  |  # atoms  |  energy  | DFT energy | energy error |  force  | DFT force | force error |
   312    2    -16.7177    -16.7636    0.0229594    1.54549e-15    0    5.36608e-16    
   313    2    16.3646    16.3141    0.0252502    2.0436e-13    0    8.29458e-14    
   314    2    -21.2263    -21.2091    0.00862399    6.62354e-15    0    2.12099e-15    
   315    2    -15.7201    -15.7805    0.0301975    3.89853e-13    0    1.59148e-13    
   316    2    -19.0294    -19.0022    0.0135805    3.00032e-14    0    1.22263e-14    
   317    2    -22.653    -22.6206    0.0161976    4.98316e-15    0    1.91947e-15    
   318    2    4.06742    4.09689    0.0147341    7.39184e-15    0    2.39276e-15    
   319    2    56.2694    56.2628    0.00329539    5.47954e-13    0    2.16361e-13    
   320    2    -22.6216    -22.5851    0.0182472    4.58413e-14    0    1.87096e-14    
   321    2    -21.8015    -21.7955    0.00297546    3.00521e-15    0    1.10328e-15    
   322    2    33.0772    33.1101    0.0164206    3.57016e-14    0    1.3037e-14    
   323    2    -20.8653    -20.886    0.010348    1.01612e-15    0    3.44632e-16    
   324    2    -23.6164    -23.6013    0.00753889    1.34053e-14    0    5.45975e-15    
   325    2    -23.2501    -23.2073    0.0213865    8.41868e-16    0    2.12793e-16    
   326    2    -19.8718    -19.8981    0.0131394    5.81936e-15    0    2.36616e-15    
   327    2    -23.408    -23.4055    0.00127332    8.54578e-15    0    3.45788e-15    
   328    2    -4.81497    -4.78132    0.016822    1.19056e-14    0    3.86323e-15    
   329    2    -18.8495    -18.8649    0.00772547    2.43712e-15    0    8.51171e-16    
   330    2    -17.7999    -17.8131    0.00659029    1.87874e-15    0    5.80554e-16    
   331    2    -11.1596    -11.1972    0.0188196    2.2982e-14    0    8.93117e-15    
   332    2    -23.675    -23.6967    0.0108282    1.53696e-14    0    6.23517e-15    
# Volume_FCC.xyz
|  config  |  # atoms  |  energy  | DFT energy | energy error |  force  | DFT force | force error |
   333    4    -19.0536    -19.076    0.00559434    4.88491e-14    0    1.36809e-14    
   334    4    -34.8997    -34.8736    0.0065172    2.45884e-15    0    6.62231e-16    
   335    4    -43.936    -43.95    0.00349484    2.35083e-15    0    6.17491e-16    
   336    4    -40.9546    -40.9919    0.00931568    5.12124e-15    0    1.42594e-15    
   337    4    -43.4935    -43.4539    0.00989575    6.7755e-14    0    1.95473e-14    
   338    4    -42.6801    -42.6861    0.001503    1.40695e-15    0    3.91469e-16    
   339    4    -33.2165    -33.2247    0.00204853    5.37196e-15    0    1.29714e-15    
   340    4    -26.8161    -26.8627    0.0116603    6.55298e-15    0    1.66432e-15    
   341    4    -25.596    -25.5199    0.0190286    1.5365e-16    0    3.37548e-17    
   342    4    3.45854    3.46307    0.00113289    5.87508e-14    0    1.60909e-14    
   343    4    -31.5736    -31.5959    0.00558843    2.01209e-15    0    5.47016e-16    
   344    4    -45.159    -45.1005    0.0146354    5.25767e-15    0    1.30104e-15    
   345    4    -46.0804    -46.0523    0.00703324    6.45802e-16    0    1.54969e-16    
   346    4    -29.9957    -30.0012    0.00137438    5.03919e-16    0    1.00614e-16    
   347    4    -22.8132    -22.8504    0.00930981    4.22478e-16    0    1.20509e-16    
   348    4    -9.19739    -9.16469    0.00817458    3.39314e-14    0    9.32934e-15    
   349    4    -24.1811    -24.1503    0.00768816    6.51398e-16    0    1.51029e-16    
   350    4    -46.4352    -46.4268    0.00210411    4.01266e-15    0    1.04893e-15    
   351    4    -28.486    -28.4511    0.0087131    7.86407e-15    0    2.25196e-15    
   352    4    40.3599    40.3416    0.00457108    2.18755e-14    0    5.07486e-15    
   353    4    19.6085    19.6179    0.00235342    3.33251e-14    0    7.81589e-15    
   354    4    -27.0276    -26.9544    0.0183089    7.48069e-16    0    1.8988e-16    
   355    4    -46.3471    -46.3237    0.0058495    7.40553e-16    0    1.5027e-16    
   356    4    -45.8623    -45.8289    0.00834814    8.99016e-14    0    2.59491e-14    
   357    4    -38.2328    -38.1603    0.0181159    2.82368e-15    0    6.55725e-16    
   358    4    -33.0147    -32.9197    0.023732    1.03145e-14    0    2.58904e-15    
   359    4    -41.2979    -41.2727    0.00631572    2.69796e-14    0    7.76809e-15    
   360    4    -39.8106    -39.7533    0.0143187    2.57605e-15    0    5.48751e-16    
   361    4    -37.5589    -37.5474    0.00285496    8.27375e-15    0    1.83007e-15    
   362    4    -36.5851    -36.526    0.0147926    2.17306e-15    0    5.30825e-16    
   363    4    -45.0243    -45.0161    0.00205783    3.80871e-15    0    1.02856e-15    
