**************** Begin of Error Analysis for the Training Data Set ****************
----------------------------------------------------------------------------------------
  File    | # configs | # atoms  | MAE energy | RMSE energy | MAE force | RMSE force |
----------------------------------------------------------------------------------------
Displaced_A15.xyz     9        576       0.002307     0.002478     0.118771     0.155886  
Displaced_BCC.xyz     9        486       0.001456     0.001866     0.147253     0.187665  
Displaced_FCC.xyz     9        432       0.001772     0.001888     0.083680     0.105204  
Elastic_BCC.xyz       100      200       0.001024     0.001220     0.000029     0.000039  
Elastic_FCC.xyz       100      400       0.000319     0.000380     0.000120     0.000176  
GSF_110.xyz           22       528       0.003248     0.003557     0.027411     0.046526  
GSF_112.xyz           22       660       0.005213     0.005796     0.066539     0.105341  
Liquid.xyz            3        300       0.005706     0.007108     0.404815     0.531245  
Surface.xyz           7        236       0.017303     0.023004     0.077861     0.193600  
Volume_A15.xyz        30       240       0.007731     0.011349     0.000000     0.000000  
Volume_BCC.xyz        21       42        0.013664     0.015569     0.000000     0.000000  
Volume_FCC.xyz        31       124       0.008272     0.010159     0.000000     0.000000  
----------------------------------------------------------------------------------------
All files             363      4224      0.003536     0.006905     0.088634     0.180667  
----------------------------------------------------------------------------------------
**************** End of Error Analysis for the Training Data Set ****************
942923   15.923788831679882   0.14273665455798396   
   13   54   -632.5421716791997   -632.575826   0.0006232281629692167   14.176587401227591   14.55977161807516   0.13126377681673537   
   14   54   -630.4739084508428   -630.450212   0.0004388231637567178   16.975252004247004   16.963407263806737   0.1549552574695181   
   15   54   -631.6748933775559   -631.669379   0.00010211810288646356   15.786997972297831   16.057573148572235   0.14556888258519574   
   16   54   -632.2519440455802   -632.431277   0.003320980637403813   14.607837788252022   14.698107183802986   0.14820448437494105   
   17   54   -630.8579456270487   -630.960068   0.0018911550546531711   15.798688164391443   15.9907314848333   0.1446472364459277   
   18   54   -623.4411992177726   -623.378198   0.0011666892180107458   24.807969746795028   24.67640432462571   0.1895721723131486   
# Displaced_FCC.xyz
|  config  |  # atoms  |  energy  | DFT energy | energy error |  force  | DFT force | force error |
   19   48   -556.0346777052235   -555.899463   0.0028169730254911465   5.2620942458619275   6.084617062577644   0.07942109639662848   
   20   48   -556.0329800585816   -555.922478   0.0023021262204518203   5.480056838002491   6.297071211051453   0.08562551963245606   
   21   48   -555.857017339481   -555.800269   0.0011822570725215087   5.533060605326585   6.021098635803518   0.08521679880152803   
   22   48   -556.2351296381808   -556.196151   0.0008120549620992771   4.726115441822547   5.127955094071613   0.06864964614145842   
   23   48   -555.5975273299796   -555.488929   0.00226246520790833   6.360485085370377   7.050223458554702   0.09827656590800622   
   24   48   -556.0726530118097   -556.027926   0.0009318127460365607   5.173875753396125   5.611881174158804   0.07768777241267337   
   25   48   -556.0718592192915   -555.968399   0.002155421235239411   5.23049455219898   5.9792171885302   0.08956254817376322   
   26   48   -556.1208806527706   -556.047132   0.0015364302660524725   4.900133501884068   5.544452585448   0.08547131085012533   
   27   48   -555.8412696681444   -555.747848   0.0019462847530083611   5.935374950107247   6.478925680043952   0.0832121028938016   
# Elastic_BCC.xyz
|  config  |  # atoms  |  energy  | DFT energy | energy error |  force  | DFT force | force error |
   28   2   -23.68608848539986   -23.689367   0.001639257300070085   0.0005464468120485261   0.0006222748588847215   2.0367490336201184e-05   
   29   2   -23.68721515161595   -23.689888   0.0013364241920257314   0.0005449456403894872   0.0006166052221640683   1.8634945183541624e-05   
   30   2   -23.687188825825046   -23.689996   0.0014035870874771206   0.0007753433315241628   0.0008810425642385276   3.700663568167819e-05   
   31   2   -23.6893010544543   -23.690957   0.0008279727728499608   8.879508877877848e-07   0   3.563937430630058e-07   
   32   2   -23.689808305751892   -23.690521   0.0003563471240539684   0.0005376236046658664   0.0005982273815197694   1.578153723851008e-05   
   33   2   -23.690125629327174   -23.69038   0.00012718533641375984   0.0005364749948390538   0.0005925723584508478   1.4477845839195421e-05   
   34   2   -23.685597739132135   -23.689202   0.0018021304339335131   0.0005464133122082076   0.000627936302502093   2.124806981245785e-05   
   35   2   -23.688239103586856   -23.690482   0.0011214482065717846   0.0007626983984906549   0.0008640138887772579   3.5061443237041385e-05   
   36   2   -23.68707167672446   -23.689902   0.0014151616377695575   0.0005470569148627119   0.0006152154094299004   1.8070537146588257e-05   
   37   2   -23.68917437751881   -23.690563   0.0006943112405952689   0.0005403585756004306   0.0006038725030997851   1.5453265741416047e-05   
   38   2   -23.687137559688285   -23.690207   0.0015347201558579826   0.0009396621499642773   0.001073697350280795   5.4721788895976356e-05   
   39   2   -23.685581075321803   -23.689285   0.0018519623390993445   0.000775444716228483   0.0008900134830439369   3.867303861557326e-05   
   40   2   -23.68668681100662   -23.689768   0.0015405944966904173   0.0009482796175412759   0.0010802490453594485   5.3893686638207833e-05   
   41   2   -23.687272708846013   -23.68968   0.0012036455769930399   0.000770020288157808   0.0008680034562143172   3.27619178861609e-05   
   42   2   -23.687852166504857   -23.690074   0.0011109167475709114   0.001194129147726936   0.001373818765339883   6.092999646772697e-05   
   43   2   -23.68402035209491   -23.688108   0.0020438239525439883   0.000549093602476102   0.0006336134468270066   2.2313004625169664e-05   
   44   2   -23.68541069654745   -23.689241   0.0019151517262745443   0.0007785127881561413   0.0008880101350772974   3.662484156991092e-05   
   45   2   -23.686352086927208   -23.68952   0.0015839565363968688   0.0007810479549270079   0.0008860011286674525   3.5028409321025734e-05   
   46   2   -23.68129460820662   -23.686278   0.0024916958966905156   0.0005561181757078065   0.0006406777661195993   2.2508294650188517e-05   
   47   2   -23.690522546959155   -23.690097   0.0002127734795767111   0.0007590867608878281   0.0008410160521654744   2.7412947271122868e-05   
   48   2   -23.69052573262666   -23.690811   0.0001426336866696687   0.0007559700806260665   0.0008500070587942196   3.254698090484167e-05   
   49   2   -23.689094531802247   -23.690266   0.0005857340988768556   0.0009156109986192609   0.0010443227470470994   5.2615575421593075e-05   
   50   2   -23.688558595384993   -23.690597   0.0010192023075035195   0.0009092530283353872   0.0010508330029076933   5.779972840480312e-05   
   51   2   -23.689601453990985   -23.690673   0.0005357730045076892   0.0005380736854546941   0.0006038907185907066   1.752076263088627e-05   
   52   2   -23.688523124807627   -23.690551   0.0010139375961859542   0.0007460122100492114   0.0008590064027700842   3.793667479786882e-05   
   53   2   -23.688722669822933   -23.690693   0.0009851650885330798   0.0007481207657199234   0.00085901105930017   3.7887251360451643e-05   
   54   2   -23.688561669255776   -23.69021   0.0008241653721121622   0.0007699762077735906   0.0008730051546239576   3.5009782644884335e-05   
   55   2   -23.68529723654429   -23.688943   0.0018228817278540532   0.0007604538215905282   0.0008800306812833288   4.158124436117917e-05   
   56   2   -23.689735569274696   -23.690136   0.00020021536265169004   0.0005386703956744901   0.0005939966329870902   1.4488090534446057e-05   
   57   2   -23.683007639672965   -23.687444   0.0022181801635170473   0.0007896607404926118   0.0009030592450110901   4.0062364688417015e-05   
   58   2   -23.686591864939007   -23.689801   0.0016045675304958706   0.0007617639322892971   0.0008740011441640107   3.775076292063131e-05   
   59   2   -23.68868162863222   -23.690408   0.0008631856838903218   7.285439877976751e-07   0   2.7164564620277276e-07   
   60   2   -23.688836728763583   -23.690362   0.0007626356182086624   0.0005415562625736719   0.0006067503605272931   1.8209671267675124e-05   
   61   2   -23.691176330554825   -23.688881   0.001147665277413168   0.0007431194143527265   0.000825005454527423   2.8442595282780856e-05   
   62   2   -23.68974002139112   -23.690515   0.00038748930444043594   0.0013229656592455613   0.0014757797938717012   6.0680758160331304e-05   
   63   2   -23.69055501277586   -23.690551   2.0063879304643706e-06   0.0005273614463834606   0.000599659903612039   1.8958402186355753e-05   
   64   2   -23.686159050795478   -23.689487   0.0016639746022608648   0.0005477030409275252   0.0006194384553771262   1.8614315166632685e-05   
   65   2   -23.6869051108224   -23.68986   0.0014774445887990595   0.0007820995801384393   0.0008860124152629014   3.542454690063647e-05   
   66   2   -23.685911555287987   -23.689288   0.0016882223560070742   0.0012370248630699414   0.0013964791441335596   5.081763071327767e-05   
   67   2   -23.690778501100024   -23.690457   0.0001607505500125228   0.0005293938978371724   0.000593983164744591   1.7167212177054016e-05   
   68   2   -23.69096121597811   -23.689792   0.0005846079890545752   0.0007349153928878992   0.0008340587509282545   3.614536278374519e-05   
   69   2   -23.691061954166475   -23.690006   0.0005279770832373742   0.0005280902629298073   0.0005897694464788762   1.744244131292642e-05   
   70   2   -23.69050243073496   -23.690571   3.428463251964331e-05   0.0005327852224459663   0.0005939781140749213   1.590701900602872e-05   
   71   2   -23.687997798050976   -23.690213   0.001107600974512124   0.0009713499850436594   0.0010843154522554772   4.612090797956421e-05   
   72   2   -23.690192084092352   -23.690617   0.00021245795382363042   0.0005287708889169014   0.000602468256425183   1.863720321537219e-05   
   73   2   -23.687131627539923   -23.689761   0.0013146862300388307   0.0007767243536153756   0.0008790688255193674   3.609769700772506e-05   
   74   2   -23.69072035327931   -23.69027   0.00022517663965437862   6.250992633584845e-07   0   1.8697761798508344e-07   
   75   2   -23.688514015678475   -23.690599   0.0010424921607619098   0.0005367320311397991   0.0006137752031485143   1.8877107875965833e-05   
   76   2   -23.689686776791874   -23.69061   0.00046161160406299473   8.079148416217154e-07   0   3.2967946611619597e-07   
   77   2   -23.689334969921113   -23.690603   0.0006340150394432698   0.0007542946561391858   0.0008590331774733733   3.6064142370846793e-05   
   78   2   -23.683420790299166   -23.687908   0.002243604850416858   0.0007935839082140641   0.0009010105437784844   3.6898334460778346e-05   
   79   2   -23.689599509351606   -23.690688   0.000544245324197945   0.0007505204770569851   0.0008470064934816027   3.301012168113727e-05   
   80   2   -23.687368632615037   -23.689988   0.0013096836924813005   0.0005433501076316216   0.0006194465271514563   2.0214591297631294e-05   
   81   2   -23.686767701644396   -23.689613   0.0014226491778028816   0.0007681370683916371   0.0008740732234773012   3.8373841506008064e-05   
   82   2   -23.68883794368125   -23.690678   0.0009200281593741977   0.0005386168358559538   0.000612375701673409   1.9333180448122156e-05   
   83   2   -23.68811359376987   -23.69017   0.0010282031150641302   0.0007675763538720892   0.0008750051428420292   3.592796131226982e-05   
   84   2   -23.683607488950727   -23.687892   0.0021422555246370933   0.00098333666494548   0.0011120701416727273   5.256161481298553e-05   
   85   2   -23.687666639037847   -23.690132   0.0012326804810758318   0.0007477010301493397   0.0008680184329840007   4.1362643472397085e-05   
   86   2   -23.689541739104893   -23.690843   0.0006506304475539793   0.0005316846881578534   0.0006081134762525825   1.8995059683184115e-05   
   87   2   -23.689624909399214   -23.690598   0.0004865453003937148   0.001058311592936266   0.0012176748334428202   4.181533765163136e-05   
   88   2   -23.690346615363204   -23.690656   0.00015469231839837505   0.000529442853798704   0.0006024765555604633   1.9221248513270425e-05   
   89   2   -23.68982145631562   -23.690254   0.00021627184218964146   0.0009249123750420193   0.0010434960469498675   4.8519871760299074e-05   
   90   2   -23.690091640432914   -23.690694   0.00030117978354304853   0.0005347779842733687   0.0006010740387007244   1.7607614413620844e-05   
   91   2   -23.68786907972598   -23.690097   0.0011139601370100394   0.0007796357333301554   0.0008730234819293235   3.2449593678314626e-05   
   92   2   -23.684209843174582   -23.688402   0.0020960784127090903   0.0005502946200387272   0.0006321803540129985   2.0977513734549953e-05   
   93   2   -23.684752733860925   -23.688669   0.0019581330695377375   0.0009563685120772996   0.0010924742559895863   5.562295806174396e-05   
   94   2   -23.689264127798154   -23.690538   0.0006369361009230801   0.0007570000051043104   0.0008610145178799253   3.468063897634348e-05   
   95   2   -23.68702739627439   -23.689722   0.0013473018628040734   0.0005391321402646582   0.0006251287867311823   2.2431142387774862e-05   
   96   2   -23.690187635704277   -23.690581   0.0001966821478625036   6.371409575751473e-07   0   2.0147931268302508e-07   
   97   2   -23.68498720638492   -23.688755   0.0018838968075396423   0.0005507855429458099   0.0006251143895320279   1.960563099710975e-05   
   98   2   -23.69120538354196   -23.689312   0.0009466917709790579   0.000746248266229347   0.0008290597083443387   3.031265369993564e-05   
   99   2   -23.683246666580676   -23.687388   0.002070666709661495   0.0009992606563402379   0.0011202374748239769   4.9392687867892845e-05   
   100   2   -23.688780246125795   -23.690664   0.0009418769371034585   0.0005396547979333998   0.000610940258945177   1.688669336372383e-05   
   101   2   -23.691202838263923   -23.68941   0.000896419131962034   0.0005236206751557768   0.0005883553348105209   1.853242543501527e-05   
   102   2   -23.687024186916176   -23.690035   0.0015054065419128904   0.000773098239909646   0.0008810062428836699   3.625455901896549e-05   
   103   2   -23.691062638893825   -23.690015   0.0005238194469132651   0.0007610949929537251   0.0008450195264016091   2.9712798697532664e-05   
   104   2   -23.690522846462837   -23.690752   0.00011457676858128707   0.0005304962096517886   0.0005996415596004001   1.7878150134516822e-05   
   105   2   -23.686718043153178   -23.689825   0.0015534784234105814   0.0007686933226325487   0.0008800215906442294   3.753034917943936e-05   
   106   2   -23.690342793819685   -23.690562   0.00010960309015750624   0.0007610339843277497   0.0008560011682235019   3.194721824655114e-05   
   107   2   -23.690141128243937   -23.690622   0.0002404358780321303   0.0007391926518086463   0.000839001787840765   3.3609165146428857e-05   
   108   2   -23.684841909519623   -23.688764   0.0019610452401881417   0.0007856278397327257   0.0008910185183260783   3.6754517743656115e-05   
   109   2   -23.686827664196276   -23.690011   0.0015916679018612712   0.0005451407817103487   0.000619428769109088   1.798962196043732e-05   
   110   2   -23.683242957710505   -23.687696   0.0022265211447471955   0.0009322392558375082   0.0010875899962761704   6.34231520026952e-05   
   111   2   -23.69002239500315   -23.691019   0.000498302498424863   0.000757862875737261   0.0008540035128733372   3.2667197158362116e-05   
   112   2   -23.685243785638747   -23.689025   0.0018906071806270575   5.66159779783997e-07   0   2.2411951174546493e-07   
   113   2   -23.68750120885946   -23.689952   0.0012253955702714592   6.156453401625403e-07   0   2.4247168200940253e-07   
   114   2   -23.69008807853044   -23.69061   0.0002609607347796583   0.0007603779141294135   0.0008580011655003739   3.3077256300993086e-05   
   115   2   -23.689388951755166   -23.690595   0.0006030241224159738   0.0007765192309244745   0.0008680069124148724   3.091274359871239e-05   
   116   2   -23.6904185280249   -23.690231   9.376401244942656e-05   0.0005338729881047502   0.0005925892337867774   1.5689993922956188e-05   
   117   2   -23.690470646478275   -23.690469   8.232391373041992e-07   0.0007646341328302091   0.0008500294112558695   3.0207084490951183e-05   
   118   2   -23.68784979396728   -23.690482   0.0013161030163590937   0.0007713351169622421   0.0008740102974221756   3.501987508464512e-05   
   119   2   -23.69093223957622   -23.689613   0.0006596197881094668   0.0007332023891035936   0.0008320192305469868   3.431132641548728e-05   
   120   2   -23.683006471819947   -23.687426   0.002209764090025601   0.0009418201575104414   0.0010957773496472721   6.287363281900608e-05   
   121   2   -23.686481454971975   -23.689562   0.0015402725140116758   0.0005381473837451841   0.0006265237425668717   2.2346015905667414e-05   
   122   2   -23.688999396669125   -23.6904   0.0007003016654376637   3.2353613765034503e-07   0   1.3146879759377375e-07   
   123   2   -23.69058121426821   -23.690561   1.0107134105652449e-05   0.0005318398666132245   0.0005982273815197696   1.773082890502116e-05   
   124   2   -23.691127987807082   -23.689107   0.001010493903541132   0.0007249878727319932   0.0008180073349304395   3.1850442149364507e-05   
   125   2   -23.688568611127877   -23.690145   0.0007881944360619286   0.0007799545200680089   0.0008740766556772925   3.384093815595189e-05   
   126   2   -23.690590565279635   -23.690482   5.428263981777093e-05   0.0005334636759404927   0.0005939983164959308   1.5847011295511644e-05   
   127   2   -23.686946793712437   -23.689864   0.001458603143781545   0.0007811413887127576   0.0008860124152629013   3.609010936296731e-05   
# Elastic_FCC.xyz
|  config  |  # atoms  |  energy  | DFT energy | energy error |  force  | DFT force | force error |
   128   4   -46.43664402939046   -46.437936   0.00032299265238577846   0.0008426693118184426   0.0012659494460680492   0.00014639587629829173   
   129   4   -46.439009475573414   -46.438504   0.00012636889335304602   0.0008947420870587406   0.0014925494966666934   0.00016358943414041327   
   130   4   -46.434425917075195   -46.436378   0.000488020731200578   0.0005499897360410948   0.0008105923759819111   9.960310791079025e-05   
   131   4   -46.43946478060913   -46.441551   0.0005215548477170984   0.0010274818796364537   0.0012836751925623551   8.446121166815855e-05   
   132   4   -46.415898664487614   -46.416957   0.00026458387809569217   0.0008790480435253289   0.0011861458594962088   9.219064065853879e-05   
   133   4   -46.43743942509744   -46.440495   0.0007638937256402301   0.0009000861637242034   0.001212440514004708   7.265080809685873e-05   
   134   4   -46.43694835956348   -46.437972   0.00025591010913039725   0.0013210124383290296   0.0023582264522305743   0.0002634673277908818   
   135   4   -46.44618689324475   -46.44586   8.172331118672105e-05   0.001279362149231534   0.0020339498518891753   0.00021591343733196335   
   136   4   -46.43456604547631   -46.435744   0.0002944886309226291   0.0009400968165010355   0.0016908494906407252   0.00025316107925828327   
   137   4   -46.438772767344396   -46.438209   0.00014094183609891786   0.0008281765509748739   0.0011600499989224602   8.187809707366846e-05   
   138   4   -46.426005812281744   -46.42629   7.104692956438896e-05   0.0005390441317728107   0.0005297018029042378   9.245088326056113e-06   
   139   4   -46.440682093088135   -46.443301   0.0006547267279657376   0.0010318899998901152   0.0018184215682838787   0.00019893623767886027   
   140   4   -46.43782178561189   -46.439002   0.0002950535970285273   0.0011209455440410532   0.00141697353539154   8.475745971346352e-05   
   141   4   -46.43055409171449   -46.432438   0.0004709770713766659   0.0010595039480739415   0.0010104691979471716   5.757777612041364e-05   
   142   4   -46.4111546642359   -46.412654   0.0003748339410254431   0.0013002862050081193   0.0018019597664764885   0.00016460060367396917   
   143   4   -46.44170357163134   -46.443231   0.000381857092163429   0.0008200003156167002   0.0016915909671075926   0.00019757397036933291   
   144   4   -46.42993810067   -46.431513   0.0003937248325005527   0.0013533126057844766   0.001680544852123858   9.023384444987698e-05   
   145   4   -46.432618913787984   -46.435608   0.0007472715530045804   0.0008274345994581481   0.0009593039143045338   3.179948295208569e-05   
   146   4   -46.43791993020345   -46.437689   5.773255086261031e-05   0.0008958349913112045   0.00121770850370686   0.00010068180626030252   
   147   4   -46.42667477615153   -46.428447   0.00044305596211735576   0.000994558086258446   0.002060081551783812   0.0002891279947656107   
   148   4   -46.43118960429641   -46.432255   0.0002663489258978302   0.000649846110143255   0.0006274201144368897   6.420640737416389e-05   
   149   4   -46.440369304714245   -46.442315   0.00048642382143881946   0.0010517249389050826   0.002424436841825334   0.000359984051329964   
   150   4   -46.43617365813858   -46.436613   0.00010983546535570099   0.0005548606359107683   0.0005321240456885968   4.355516429792734e-05   
   151   4   -46.42948950625808   -46.430825   0.0003338734354798589   0.0009220585675222322   0.0013999871427981042   0.00012834400893410255   
   152   4   -46.43149572492989   -46.43312   0.0004060687675284669   0.0005359310790689627   0.0007272771136231361   5.658473952759794e-05   
   153   4   -46.433116464371835   -46.434347   0.0003076339070418044   0.0008438286887404385   0.0012844516339668068   0.0001275286907098168   
   154   4   -46.42877741610516   -46.430573   0.0004488959737098952   0.0008574286384264446   0.0013157461761297276   0.0001116443838863616   
   155   4   -46.44609913785495   -46.445665   0.00010853446373815245   0.001055272822426311   0.0018078915896701322   0.00020860940958777644   
   156   4   -46.43470348161749   -46.435898   0.0002986295956279861   0.000839829509502376   0.0018693009388538807   0.00024445906316973473   
   157   4   -46.4389833975902   -46.442107   0.0007809006024501741   0.0006302318176213304   0.0006020930160697763   2.012777142517027e-05   
   158   4   -46.434554160882904   -46.434432   3.05402207256833e-05   0.0009414201087587722   0.001092982159049268   7.486658990988488e-05   
   159   4   -46.43718326038785   -46.436308   0.00021881509696264345   0.001175759069342194   0.0018391508910364043   0.0001982195478042484   
   160   4   -46.42260065496412   -46.423938   0.00033433625896961416   0.0009398092572637876   0.001463463016273387   0.00018326564106972666   
   161   4   -46.42634803151485   -46.428115   0.0004417421212874473   0.0006603375277089478   0.0008584497655658133   7.26278898063422e-05   
   162   4   -46.42517363453762   -46.4269   0.00043159136559545175   0.0011644386397366088   0.001845719913746395   0.0002148571053776791   
   163   4   -46.42231509162521   -46.421142   0.00029327290630121183   0.0010900357686089474   0.0013091501059847952   5.883232871642145e-05   
   164   4   -46.42961022159794   -46.432233   0.0006556946005140674   0.0007776606028542246   0.0007253109677924358   2.8593159095557175e-05   
   165   4   -46.4294298346901   -46.429408   5.458672523772634e-06   0.0008443084126644933   0.0010683276650915673   6.59244145991912e-05   
   166   4   -46.44451018022093   -46.445145   0.00015870494476644126   0.0009635731641021951   0.0017760382878755743   0.0002141526668045068   
   167   4   -46.43363123476411   -46.435868   0.0005591913089730838   0.0011816643183052203   0.0023760747042128115   0.0003493841739444856   
   168   4   -46.4380688438713   -46.439663   0.00039853903217590414   0.0005373480530913105   0.0011194034125372317   0.000103885888865583   
   169   4   -46.42561848277617   -46.428287   0.0006671293059561378   0.0012178101160014655   0.001277000391542618   3.246321304500946e-05   
   170   4   -46.42257800583774   -46.424584   0.0005014985405651373   0.0006659392651113291   0.0008032957114288611   3.8663479603981365e-05   
   171   4   -46.41142850350782   -46.413045   0.0004041241230439141   0.001033718557738224   0.001248322073825501   4.993412727332744e-05   
   172   4   -46.43365389210413   -46.436994   0.000835026973966535   0.0009390617546284241   0.0013319391878010044   0.00015196375685394437   
   173   4   -46.442606900297676   -46.443604   0.0002492749255811333   0.0008782100164204509   0.0011770463032523403   9.965270170928398e-05   
   174   4   -46.43928480859631   -46.439718   0.00010829785092170141   8.012706381332789e-07   0   2.212982535977192e-07   
   175   4   -46.436084647307524   -46.435527   0.0001394118268809308   0.0010286693147586704   0.0009338393866184911   5.5230866901888766e-05   
   176   4   -46.432866481593486   -46.434787   0.0004801296016285761   0.0010690017020614257   0.0011732919500277842   4.821421089210204e-05   
   177   4   -46.434997709523955   -46.434929   1.7177380989608082e-05   0.0011826057317781051   0.0013494917561808224   5.523738442949187e-05   
   178   4   -46.42606680821468   -46.426499   0.00010804794633045844   0.0011008678485931477   0.0012489379488189155   5.391748406208825e-05   
   179   4   -46.43617176307876   -46.437025   0.00021330923030937754   0.0007591466128431606   0.0009384188830154686   6.544846973464827e-05   
   180   4   -46.42778370357067   -46.428937   0.0002883241073323717   0.0010749230482589838   0.0012863529842154521   6.866209154525193e-05   
   181   4   -46.44005347063536   -46.442516   0.0006156323411588005   0.0006312885069167739   0.0009485546900416443   0.00012119985098967634   
   182   4   -46.4292828362631   -46.428736   0.00013670906577445407   0.0009235286336708578   0.001424321592899581   0.00012957772594431692   
   183   4   -46.43201606062536   -46.433359   0.0003357348436612284   0.0010853083220529155   0.001276381604380132   6.057571530456893e-05   
   184   4   -46.438719594473135   -46.438799   1.9851381717117533e-05   0.0007732678879944755   0.0008186940820599596   3.6300109227846475e-05   
   185   4   -46.44042286246047   -46.441993   0.0003925343848809604   0.0008465574730293343   0.001887735150914979   0.00023210169215941756   
   186   4   -46.43647151541506   -46.439033   0.0006403711462361628   0.000748871235025047   0.0008215680130092699   4.2739655953590834e-05   
   187   4   -46.43591735253032   -46.436967   0.0002624118674212639   0.001000340307340187   0.0014823235139469384   0.00015118466804444185   
   188   4   -46.42671355594561   -46.427245   0.00013286101359710756   0.0010337316867026177   0.0012938856209109056   7.891131602138195e-05   
   189   4   -46.437962034140504   -46.438046   2.0991464873887367e-05   0.0011700186393500222   0.0016272885423304622   0.000126325183582774   
   190   4   -46.41916644949371   -46.420083   0.00022913762657239545   0.001372400099352775   0.002395244872659161   0.00033726772364005156   
   191   4   -46.44508646720825   -46.445247   4.0133197938274634e-05   0.00086901056355298   0.0012193309640946546   8.436419354528724e-05   
   192   4   -46.443813503832246   -46.446044   0.0005576240419387091   0.0008071131480670323   0.0013053290772828128   0.00011158097689813105   
   193   4   -46.43445468007384   -46.434472   4.32998153954145e-06   0.0008257550487802387   0.0008323340675474   5.9742460649903366e-05   
   194   4   -46.44185446234598   -46.44458   0.0006813844135056257   0.0006217714568149518   0.0009744208536356352   6.55687124834573e-05   
   195   4   -46.44017896934643   -46.441776   0.00039925766339266033   0.001046105876311317   0.0013392318693937952   9.972708051448808e-05   
   196   4   -46.43615885734065   -46.436389   5.75356648369052e-05   0.0012015753180892993   0.0017867411676009484   0.00014959249663330698   
   197   4   -46.44458662650689   -46.446416   0.0004573433732772969   0.0006180379898069665   0.0006588778338963909   4.292120316424489e-05   
   198   4   -46.44892637046553   -46.449806   0.00021990738361843398   0.0011192505831623624   0.002135055034419488   0.0002711354730149593   
   199   4   -46.424352261321786   -46.427189   0.0007091846695530535   0.0009382303657489251   0.0010507882755341346   3.741572134562234e-05   
   200   4   -46.42576122574979   -46.427857   0.000523943562553697   0.0009350062753044423   0.001487666629322578   0.00015046509467969796   
   201   4   -46.44103813864297   -46.44004   0.00024953466074251196   0.0006259312116625705   0.0007572027469575109   4.0363134993257085e-05   
   202   4   -46.43543474581571   -46.437214   0.00044481354607128765   0.0008299752371450211   0.001505586264549461   0.0001563349913631544   
   203   4   -46.42212868996832   -46.422628   0.00012482750792131014   0.0008695824522449578   0.0016017134575197897   0.0002292433221565885   
   204   4   -46.44215627165109   -46.443535   0.00034468208722593374   0.0011553794383022107   0.0015903043733826552   0.00012969101723459066   
   205   4   -46.43821584159377   -46.439922   0.00042653960155902837   0.001044811106295207   0.0015304933845005665   0.00011819401797568482   
   206   4   -46.43658332498153   -46.437675   0.0002729187546179901   0.0013402696254647681   0.002440246094147064   0.0003459470713863687   
   207   4   -46.44336935627735   -46.445558   0.0005471609306617609   0.0007860321949604212   0.0011339241597214515   9.424194106295493e-05   
   208   4   -46.437927360606494   -46.439106   0.0002946598483770657   0.0011718666201675667   0.0018307310015400948   0.00019759178448284644   
   209   4   -46.44305411993207   -46.443073   4.720016981707431e-06   0.000523070528389127   0.0005766870901971016   1.8495785732169414e-05   
   210   4   -46.43968724139093   -46.4397   3.1896522685315176e-06   0.000830553123943772   0.0012041744059728225   8.593472871521893e-05   
   211   4   -46.43527642725145   -46.436374   0.00027439318713717853   0.0009048410012410748   0.0014616565944160756   0.00018634286553970215   
   212   4   -46.42630488251184   -46.426557   6.302937203983561e-05   0.000867203022472382   0.0013596242127882248   0.00010412650965245985   
   213   4   -46.43261003723946   -46.434009   0.00034974069013493647   0.0010219751132632768   0.0013911311943882213   0.00012273168145057742   
   214   4   -46.4348819277901   -46.436262   0.00034501805247444395   0.0013030313390888849   0.002503347159304918   0.00029352371904905154   
   215   4   -46.431970455663006   -46.434505   0.0006336360842489341   0.0009952072166340095   0.0010416371729157902   1.3814836294920743e-05   
   216   4   -46.43734061820806   -46.438768   0.00035684544798542106   0.00097854789041654   0.0010982850267576263   6.057461145810714e-05   
   217   4   -46.43770586838993   -46.440254   0.000637032902517376   0.000551808343840613   0.000606989291503565   4.681087373632431e-05   
   218   4   -46.424154777950925   -46.42286   0.00032369448773117426   0.0005727803453069629   0.0007365242697969973   6.575643937049649e-05   
   219   4   -46.41725096385626   -46.418078   0.0002067590359349225   0.001230945068881081   0.002028412186908765   0.00021044262062812517   
   220   4   -46.439467697929395   -46.440513   0.0002613255176520113   0.0008275682352667636   0.0011581899671470135   0.00010667734820146554   
   221   4   -46.408896605701756   -46.409824   0.00023184857456115537   0.0008701275732257868   0.0017595738120351758   0.00021422147029588604   
   222   4   -46.44079331586765   -46.440329   0.0001160789669132356   0.0006238246388357029   0.0009534044262536227   8.807800553671417e-05   
   223   4   -46.43681822342764   -46.43773   0.0002279441430896867   0.0007673547891624904   0.0009261803280139349   6.577216729350946e-05   
   224   4   -46.41671670389876   -46.416525   4.792597468927795e-05   0.0006757560684697643   0.0007573664898845208   4.1883669024468514e-05   
   225   4   -46.43993510861908   -46.440293   8.94728452287552e-05   0.0008300933909736655   0.0007725386721711737   1.5373297161158355e-05   
   226   4   -46.43887974833519   -46.43839   0.0001224370837977773   0.0006301411762014485   0.0005612022808221648   2.057988283866474e-05   
   227   4   -46.4396497644969   -46.438916   0.00018344112422497005   0.0008171135650845798   0.0016508785539826967   0.00018811852880786287   
# GSF_110.xyz
|  config  |  # atoms  |  energy  | DFT energy | energy error |  force  | DFT force | force error |
   228   24   -278.95236729205766   -279.068761   0.004849737830930678   1.3084248779381484   1.7563531607236627   0.0252578679505361   
   229   24   -279.8980126589201   -279.784296   0.004738194121671313   1.0648565736190039   0.9057668890923312   0.02261506365895216   
   230   24   -280.008774184998   -279.901657   0.004463216041583469   0.15935614784737054   0.0015659463592345684   0.0075832427831523845   
   231   24   -279.6579728270242   -279.584238   0.003072284459340343   1.3350176751881324   1.0355722476061242   0.03718048985887177   
   232   24   -279.89801550850166   -279.784283   0.004738854520901725   1.064848104394273   0.905639618850677   0.022627522043995377   
   233   24   -279.33283633558335   -279.302158   0.0012782639826388238   1.9333009179165372   1.77196513720784   0.032016947387902894   
   234   24   -279.61484258546784   -279.55564   0.0024667743944940903   1.7781825980199106   1.4056265063522388   0.04055555270190637   
   235   24   -279.1925373463694   -279.246939   0.002266735567940733   0.8795328221773043   0.48139641510505654   0.03694800008705102   
   236   24   -279.3328394760831   -279.302157   0.0012784365034619327   1.9333086622119202   1.7719533466996242   0.03201858753346072   
   237   24   -279.1925430449426   -279.246935   0.0022663314607243024   0.8788317739233673   0.4809484797522494   0.03691622478784692   
   238   24   -280.00876103208253   -279.896025   0.0046973346701051355   0.16000831936851387   0.010605498385271668   0.007599613957218492   
   239   24   -279.65779438612003   -279.584237   0.0030648910883357416   1.3352087809119797   1.035836120943849   0.0371790923603513   
   240   24   -279.08257396372795   -279.124427   0.0017438765113363768   1.720167158604616   1.8095458871694858   0.03993778979435429   
   241   24   -279.4089474447494   -279.379366   0.0012325601978915302   1.1763676373772654   0.898269270570913   0.03394250754156514   
   242   24   -279.40901789619045   -279.37937   0.0012353290079355854   1.1761708556012331   0.8980813549985325   0.033951351344265274   
   243   24   -279.0825711973616   -279.124427   0.0017439917766021533   1.7201564160993015   1.8095233743624317   0.03993896185421462   
   244   24   -280.00877418505627   -279.901657   0.0044632160440111575   0.15935614357422148   0.001570374477632644   0.007582392207671962   
   245   24   -279.9049807543393   -279.79264   0.0046808647641375005   0.9531693665926871   0.8392614851641887   0.02136840594800875   
   246   24   -280.00876103202313   -279.896025   0.004697334667630078   0.16000832363934872   0.010602432928342438   0.007600298698891279   
   247   24   -279.07834928999006   -279.206496   0.005339446250414899   0.2863290307854557   0.005326518562813801   0.018310223281626254   
   248   24   -279.6148461577575   -279.55564   0.002466923239895872   1.7781854548572413   1.4056318995939159   0.04055550490618132   
   249   24   -279.9049758605599   -279.79264   0.004680660856661707   0.9531469700357882   0.8392625707893806   0.02136315952393246   
# GSF_112.xyz
|  config  |  # atoms  |  energy  | DFT energy | energy error |  force  | DFT force | force error |
   250   30   -345.13067604829195   -345.175835   0.0015052983902686871   1.4959478635082608   1.0573953217004513   0.07081799146862934   
   251   30   -346.5504220216023   -346.361714   0.006290267386742698   1.6340738898928626   1.2202849393785045   0.05715998041179714   
   252   30   -345.9455492185351   -345.795524   0.005000840617837335   2.313336275011333   2.112860875265572   0.05665277666844018   
   253   30   -344.8622342916644   -345.164602   0.010078923611187444   1.733537994047078   1.765832198707454   0.058098776307682266   
   254   30   -346.77416685681635   -346.593523   0.006021461893878192   0.7193811126496129   0.011488671289579136   0.0479397712837858   
   255   30   -346.56459688452196   -346.396186   0.005613696150732039   1.5871810612709283   0.9954683928312341   0.06972347408396874   
   256   30   -345.1264132925931   -345.319406   0.006433090246897185   2.2387550469850552   1.7720408520962492   0.0732264546081914   
   257   30   -345.5851041467803   -345.594794   0.00032299510732324656   2.146412516729902   1.516014156909493   0.07917651983956465   
   258   30   -346.0755752974621   -345.98566   0.00299717658206949   2.1335845018793433   1.4062522652198646   0.08838133527891721   
   259   30   -345.5590537034348   -345.383994   0.005835323447828008   1.614418896854066   0.9635743079908264   0.06412038288267011   
   260   30   -346.7742812779259   -346.582564   0.0063905759308643915   0.7200190204994572   0.012674058702720292   0.04792460955552657   
   261   30   -345.3722228426973   -345.452139   0.0026638719100901655   3.4966102545828925   2.7877194059915715   0.08239159759164037   
   262   30   -346.77416441705543   -346.593523   0.006021380568514209   0.7193785066776677   0.011488340001932391   0.0479399785505923   
   263   30   -345.39173765431025   -345.281949   0.0036596218103416805   2.3020636416432714   1.8731426858085318   0.05909722607465018   
   264   30   -345.95189608189014   -345.928661   0.0007745027296721218   2.9678762459249834   2.1008744724980595   0.08788941160438118   
   265   30   -344.8689625271413   -345.111657   0.008089815761955303   3.4849183332330647   3.3580683192526024   0.08098931042829463   
   266   30   -346.5363950921879   -346.367123   0.005642403072929862   1.7690719848225664   1.3357971308825305   0.056959916811425426   
   267   30   -346.77434580641   -346.582565   0.006392693547000287   0.719414527225343   0.012547437347920888   0.04792985282165214   
   268   30   -344.6074357259911   -344.91356   0.010204142466964565   2.6176048458016403   3.4418344030629946   0.08581335027049122   
   269   30   -346.03406223833514   -345.836703   0.00657864127783796   1.9003189989553084   1.6087691475914125   0.05830124759475118   
   270   30   -344.8861196403756   -344.984307   0.003272911987479195   2.388343740785904   2.542628781803588   0.07440175930660654   
   271   30   -346.5407335420176   -346.393931   0.004893418067253682   1.8323104074786933   1.211680725041048   0.06892264808187787   
# Liquid.xyz
|  config  |  # atoms  |  energy  | DFT energy | energy error |  force  | DFT force | force error |
   272   100   -1105.9046364925266   -1105.601723   0.0030291349252661347   30.921030069649497   31.398538862958276   0.4074308840306708   
   273   100   -1099.9131634985863   -1099.673012   0.002401514985863287   33.757532473341506   32.03167217885341   0.46192338409346984   
   274   100   -1122.4839128576532   -1121.31506   0.011688528576532917   20.985238044850735   20.81076453205443   0.34509077358109186   
# Surface.xyz
|  config  |  # atoms  |  energy  | DFT energy | energy error |  force  | DFT force | force error |
   275   24   -280.00876019344656   -279.911828   0.004038841393606181   0.16000885610302287   0.00275309353273731   0.007806821378692066   
   276   48   -553.8233327946605   -555.359452   0.03200248344457416   3.302969331387814   0.003020630397781231   0.11413117386637255   
   277   40   -458.98535575136276   -459.216162   0.0057701562159309105   3.2695762506487087   5.046136400330455   0.09188451603513673   
   278   40   -459.2406803181814   -461.144076   0.04758489204546521   2.65524784330989   0.005582740008275506   0.11486335710189141   
   279   24   -279.94746754708166   -279.635146   0.013013397795068235   0.9689917815671727   1.2887998367287297   0.018359152871885505   
   280   30   -346.77416597219195   -346.592525   0.006054699073064285   0.7193821751168304   0.008446203407448815   0.047812303044236386   
   281   30   -346.1241037159117   -345.744506   0.01265325719705667   2.8865066276041946   3.1249613669778387   0.08548686297485178   
# Volume_A15.xyz
|  config  |  # atoms  |  energy  | DFT energy | energy error |  force  | DFT force | force error |
   282   8   -66.94565080378966   -66.990732   0.005635149526291627   1.2236785417334567e-14   0   1.919652226530418e-15   
   283   8   -72.70243421591175   -72.957807   0.03192159801103145   2.6257874242539577e-13   0   3.4462079818881976e-14   
   284   8   -94.14973587979684   -94.145745   0.0004988599746038602   4.935848469388521e-14   0   8.31619206368798e-15   
   285   8   -94.5603607040933   -94.554682   0.0007098380116623559   3.021198868069104e-14   0   5.234238968180686e-15   
   286   8   -79.40179514832076   -79.438363   0.004570981459904644   1.8839229076106861e-13   0   2.5396613703825472e-14   
   287   8   -69.61202271256643   -69.627817   0.001974285929195574   1.7891366829075163e-14   0   2.8285389077250165e-15   
   288   8   -82.60025782150913   -82.604907   0.0005811473113581656   2.1562147231171056e-14   0   4.007934030954748e-15   
   289   8   14.855271653796876   14.89048   0.004401043275390482   6.776979612680195e-14   0   1.1202533578652877e-14   
   290   8   -94.36037249534564   -94.367599   0.0009033130817943658   5.75131011305175e-14   0   1.0027569052883933e-14   
   291   8   -89.18639150462045   -89.248227   0.007729436922444322   2.3124301971073593e-14   0   3.510212953639069e-15   
   292   8   -87.16522094328901   -87.211997   0.005847007088872758   2.7031890625113507e-14   0   3.8980682108095505e-15   
   293   8   -93.63929967999634   -93.66897   0.0037087900004575403   4.658442843253925e-15   0   7.494005416219807e-16   
   294   8   -7.80331101024231   -7.989166   0.02323187371971125   3.494051838241584e-13   0   5.237908010478098e-14   
   295   8   -84.95792091377473   -84.982834   0.0031141357781585555   3.543895285897392e-15   0   5.708685838860342e-16   
   296   8   -92.48500005106833   -92.536373   0.006421618616458957   2.6466437926903098e-14   0   4.859105016500702e-15   
   297   8   -26.839784747119673   -26.77612   0.007958093389959231   4.0414017188213987e-13   0   7.154245367420782e-14   
   298   8   -77.55964837188515   -77.544107   0.0019426714856436433   1.4327123616185836e-14   0   2.408302145669635e-15   
   299   8   -80.12405639133989   -80.114217   0.001229923917486886   2.951205087968947e-14   0   4.365648467730132e-15   
   300   8   -42.344835057670736   -42.143041   0.02522425720884236   3.638638388350057e-13   0   5.497721780138113e-14   
   301   8   -90.97794755063525   -91.040671   0.007840431170594186   3.573732189047042e-14   0   5.425058550538135e-15   
   302   8   -84.60433102469169   -84.499231   0.013137503086461777   1.5444208253979655e-13   0   2.9089318917745374e-14   
   303   8   -61.6478059385005   -61.825173   0.022170882687437832   8.049665509711838e-15   0   1.3224827049435062e-15   
   304   8   -91.16052203501688   -91.156873   0.00045612937710970414   3.658521367601016e-15   0   6.381323172604455e-16   
   305   8   -54.76789670106111   -54.658744   0.013644087632639135   1.4739998956326888e-13   0   2.3236187279840337e-14   
   306   8   -72.28005214145564   -72.277255   0.00034964268195558645   3.405135479009505e-15   0   5.383786587838854e-16   
   307   8   -74.93620459291957   -74.923334   0.0016088241149461169   4.725460037711029e-14   0   6.7356602066748206e-15   
   308   8   -64.66607041984507   -64.798066   0.01649944751936694   1.6080705406305938e-14   0   2.576895583491131e-15   
   309   8   -93.03643212968385   -93.048342   0.0014887337895199693   3.8064867440776825e-14   0   6.282143267780032e-15   
   310   8   -64.2884049398189   -64.38702   0.012326882522637916   1.6559907771594824e-14   0   2.550567540735941e-15   
   311   8   -88.39138461449915   -88.352871   0.004814201812394003   2.365943648479047e-13   0   3.180760384837689e-14   
# Volume_BCC.xyz
|  config  |  # atoms  |  energy  | DFT energy | energy error |  force  | DFT force | force error |
   312   2   -16.717706117788797   -16.763625   0.022959441105601996   1.545489669014015e-15   0   5.366077952354923e-16   
   313   2   16.364645362523618   16.314145   0.02525018126180889   2.0435953715969203e-13   0   8.294580300383103e-14   
   314   2   -21.226318983159658   -21.209071   0.008623991579828072   6.6235367958276596e-15   0   2.1209885699609763e-15   
   315   2   -15.720128946015082   -15.780524   0.030197526992458812   3.898527902184367e-13   0   1.591480486333977e-13   
   316   2   -19.029366072070165   -19.002205   0.013580536035082247   3.000316101417157e-14   0   1.2226331058684536e-14   
   317   2   -22.652963178042288   -22.620568   0.016197589021144765   4.9831599358331234e-15   0   1.919471526168337e-15   
   318   2   4.067416810508031   4.096885   0.014734094745984638   7.391837285106986e-15   0   2.3927619145306758e-15   
   319   2   56.2693507894538   56.26276   0.003295394726901435   5.479536789863257e-13   0   2.1636136169715195e-13   
   320   2   -22.621607327031153   -22.585113   0.01824716351557676   4.58412657317048e-14   0   1.8709570929568525e-14   
   321   2   -21.801451910594942   -21.795501   0.00297545529747012   3.005206030909539e-15   0   1.1032841307212493e-15   
   322   2   33.07723674476536   33.110078   0.01642062761732177   3.5701620621842827e-14   0   1.3037025163124364e-14   
   323   2   -20.865302052982162   -20.885998   0.01034797350891914   1.0161156642754786e-15   0   3.4463173056072566e-16   
   324   2   -23.616413785948396   -23.601336   0.007538892974197964   1.3405280363152595e-14   0   5.459753020057671e-15   
   325   2   -23.25008606076262   -23.207313   0.02138653038131011   8.41868291085074e-16   0   2.1279274638648835e-16   
   326   2   -19.871810264780308   -19.898089   0.013139367609845465   5.819362023720627e-15   0   2.366162821232365e-15   
   327   2   -23.408020630100165   -23.405474   0.001273315050081436   8.54577864743894e-15   0   3.4578776112713836e-15   
   328   2   -4.814967938228661   -4.781324   0.01682196911433076   1.1905635649448e-14   0   3.8632291810003494e-15   
   329   2   -18.849485052620622   -18.864936   0.007725473689689011   2.4371228833381043e-15   0   8.511709855459534e-16   
   330   2   -17.79990541294959   -17.813086   0.00659029352520335   1.878736758856463e-15   0   5.805541232935715e-16   
   331   2   -11.159561857313452   -11.197201   0.018819571343273722   2.298199484107731e-14   0   8.931165088448915e-15   
   332   2   -23.67504853725729   -23.696705   0.010828231371355912   1.5369603398417135e-14   0   6.235174413819304e-15   
# Volume_FCC.xyz
|  config  |  # atoms  |  energy  | DFT energy | energy error |  force  | DFT force | force error |
   333   4   -19.053616631240544   -19.075994   0.005594342189864321   4.884914370728403e-14   0   1.3680896693291089e-14   
   334   4   -34.8996878136431   -34.873619   0.0065172034107749965   2.4588424847497357e-15   0   6.622306869541461e-16   
   335   4   -43.93602363667706   -43.950003   0.0034948408307364787   2.3508306128971306e-15   0   6.174912599686746e-16   
   336   4   -40.95464627084032   -40.991909   0.009315682289919636   5.121242172527181e-15   0   1.4259426972529352e-15   
   337   4   -43.49351198981242   -43.453929   0.009895747453104065   6.77550329753868e-14   0   1.9547333948248074e-14   
   338   4   -42.68006501011907   -42.686077   0.0015029974702311932   1.4069537821441792e-15   0   3.9146926441209945e-16   
   339   4   -33.21645889093818   -33.224653   0.002048527265456457   5.371959112183323e-15   0   1.2971394791616575e-15   
   340   4   -26.81606790778687   -26.862709   0.01166027305328221   6.552978260945159e-15   0   1.6643226149100816e-15   
   341   4   -25.595997593708216   -25.519883   0.019028648427053874   1.5365038386811368e-16   0   3.375482763671537e-17   
   342   4   3.458539438052877   3.463071   0.0011328904867806688   5.87507742598023e-14   0   1.60909335624367e-14   
   343   4   -31.573596297198655   -31.59595   0.005588425700335797   2.0120878052650706e-15   0   5.470161360913531e-16   
   344   4   -45.15900740591698   -45.100466   0.014635351479245884   5.257674134744122e-15   0   1.3010426069826053e-15   
   345   4   -46.08039097581209   -46.052258   0.007033243953021184   6.458019274181952e-16   0   1.5496863052059476e-16   
   346   4   -29.995691472031957   -30.001189   0.001374381992010676   5.039185084589145e-16   0   1.0061396160665481e-16   
   347   4   -22.81316074362448   -22.8504   0.00930981409388032   4.224775702066635e-16   0   1.2050907147176382e-16   
   348   4   -9.197389329069516   -9.164691   0.008174582267379105   3.3931398362993305e-14   0   9.329342853803269e-15   
   349   4   -24.18109563197469   -24.150343   0.007688157993672284   6.51398049068652e-16   0   1.5102936262723077e-16   
   350   4   -46.435211457267464   -46.426795   0.0021041143168663012   4.012661013661362e-15   0   1.0489294618073093e-15   
   351   4   -28.485997406693986   -28.451145   0.008713101673496482   7.864069978677027e-15   0   2.2519601923972252e-15   
   352   4   40.35985032464612   40.341566   0.004571081161529378   2.1875482187865356e-14   0   5.074861248825317e-15   
   353   4   19.608498331695813   19.617912   0.00235341707604686   3.3325131154912896e-14   0   7.815886971194544e-15   
   354   4   -27.027619549672227   -26.954384   0.018308887418056585   7.480687007541078e-16   0   1.89879940474628e-16   
   355   4   -46.34709400811598   -46.323696   0.005849502028995701   7.405527204576756e-16   0   1.5027042110649091e-16   
   356   4   -45.8623395689292   -45.828947   0.008348142232300404   8.990161271581805e-14   0   2.5949077955833566e-14   
   357   4   -38.232753445672806   -38.16029   0.01811586141820065   2.823677987442746e-15   0   6.557254739192331e-16   
   358   4   -33.01466884469379   -32.919741   0.023731961173446336   1.0314457973810433e-14   0   2.5890386478229685e-15   
   359   4   -41.297937869334476   -41.272675   0.00631571733361902   2.697962592519215e-14   0   7.768091725424142e-15   
   360   4   -39.81059665448103   -39.753322   0.014318663620258576   2.5760497597347126e-15   0   5.487508595673299e-16   
   361   4   -37.55885485199545   -37.547435   0.0028549629988621206   8.27374738940517e-15   0   1.8300723204879986e-15   
   362   4   -36.585120350920135   -36.52595   0.014792587730033446   2.17305950922727e-15   0   5.30825383648903e-16   
   363   4   -45.024318303212034   -45.016087   0.002057825803008839   3.808706799813978e-15   0   1.02856453100079e-15   
