<simulation verbosity='high'>
   <step>5000</step>
   <beads natoms='108' nbeads='4'>
      <q shape='(4, 324)'>
       [  -1.83955900e+00,  -2.24073938e+00,  -1.08250020e+00,  -5.70795599e-01,   7.32627980e+00, 
           7.19210265e+00,  -3.30615234e-01,   3.98119438e+00,   1.51691432e+00,   2.52717260e+00, 
          -1.27666806e+00,   4.73413388e+00,   1.12126184e+00,   1.26764230e+00,   1.02704916e+01, 
           1.29998780e+00,   3.73413588e+00,   1.61919862e+01,   5.88202729e+00,   8.04850032e+00, 
           1.24311326e+01,   1.02078708e+01,   1.86360455e+00,   1.64012625e+01,   1.17619062e+00, 
           4.24983476e-01,   2.55535965e+01,   1.65002846e-01,   5.34507262e+00,   2.73617602e+01, 
           6.62641741e+00,   5.73764066e+00,   2.33893339e+01,   6.10026934e+00,   2.56958142e+00, 
           2.92780910e+01,   2.01269291e+00,   8.69979574e+00,  -6.33324249e-01,   1.14898211e+00, 
           1.61301653e+01,   3.70551886e+00,   5.80295868e+00,   1.66782201e+01,   2.75413040e-01, 
           5.71194979e+00,   1.32139518e+01,   7.47120998e+00,   2.90527832e+00,   1.26243247e+01, 
           1.18688316e+01,   3.86777222e-01,   1.86473408e+01,   1.66542003e+01,   6.49634508e+00, 
           1.76520477e+01,   1.52792529e+01,   9.56145353e+00,   1.16514109e+01,   1.76464481e+01, 
           7.90247690e-01,   1.28040514e+01,   1.99445660e+01,   1.91319083e+00,   1.48232256e+01, 
           2.81978021e+01,   7.47808952e+00,   1.73026463e+01,   2.15060634e+01,   7.95108626e+00, 
           9.08836417e+00,   2.88452581e+01,  -8.39364894e-01,   2.33095835e+01,  -1.26661254e+00, 
          -2.26048825e+00,   2.73659085e+01,   6.83034984e+00,   5.55328952e+00,   3.00964760e+01, 
          -2.13570013e+00,   3.85462300e+00,   2.11139559e+01,   6.98601751e+00,  -1.69779185e+00, 
           2.02798593e+01,   8.98144417e+00,  -1.83724239e+00,   2.74015435e+01,   1.70384301e+01, 
           5.49534087e+00,   2.92028322e+01,   1.28972834e+01,   4.00538016e+00,   2.38450279e+01, 
           1.73369977e+01,   6.37702010e-01,   2.23536671e+01,   2.24315602e+01,  -9.17792114e-01, 
           2.76922986e+01,   2.71486460e+01,   4.59352860e+00,   2.73738615e+01,   2.47996576e+01, 
           3.50789080e+00,   2.24217692e+01,   2.85214338e+01,   1.27744386e+01,  -3.16474409e+00, 
          -4.32938118e+00,   1.23369331e+01,   5.19778303e+00,   6.29834102e+00,   1.65171169e+01, 
           7.43433654e+00,  -1.50763053e-01,   1.71757563e+01,   8.73504480e-02,   2.91427460e+00, 
           1.37000162e+01,   3.58863547e-01,   1.16430675e+01,   1.33468414e+01,   7.88277760e+00, 
           1.35602855e+01,   1.85311481e+01,   6.66308247e+00,   1.10802627e+01,   1.62994052e+01, 
           1.15789465e+00,   1.73181503e+01,   9.33358989e+00,   3.82104623e-01,   2.45811794e+01, 
           1.33131712e+01,   5.68071890e+00,   2.77946720e+01,   1.29013165e+01,   7.27837218e+00, 
           2.09147450e+01,   1.84799695e+01,  -1.43953367e+00,   2.88271546e+01,   1.06297113e+01, 
           1.06874159e+01,   1.80009217e+00,   9.88791886e+00,   1.74750501e+01,   5.38215565e+00, 
           1.75814278e+01,   1.64927163e+01,  -7.22490057e-01,   1.59410372e+01,   1.21327342e+01, 
           5.31684038e+00,   1.07398656e+01,   1.27687533e+01,   1.11831750e+01,   1.30396209e+01, 
           1.78543512e+01,   1.53781269e+01,   1.74549497e+01,   1.69593034e+01,   1.25392544e+01, 
           1.91056959e+01,   1.02634068e+01,   1.58723572e+01,   1.01017169e+01,   1.15340755e+01, 
           2.42047249e+01,   8.82103648e+00,   1.74196163e+01,   2.71575865e+01,   1.42717489e+01, 
           1.61565324e+01,   2.20042138e+01,   1.46526399e+01,   1.22238423e+01,   2.82739099e+01, 
           1.32115234e+01,   2.28595316e+01,  -3.43176969e-01,   9.94990444e+00,   3.15261979e+01, 
           7.17743425e+00,   1.79725272e+01,   2.66047961e+01,  -1.03202183e-01,   1.46786234e+01, 
           2.03983934e+01,   6.75355215e+00,   1.21898998e+01,   2.68300650e+01,   1.28501206e+01, 
           9.52256604e+00,   2.96146284e+01,   1.79253244e+01,   1.48734446e+01,   2.75889170e+01, 
           7.84459536e+00,   2.04254604e+01,   2.29273727e+01,   1.86587003e+01,   1.36039471e+01, 
           2.34500168e+01,   1.76328865e+01,   1.06667576e+01,   2.40841230e+01,   2.49370928e+01, 
           1.38349803e+01,   3.01788493e+01,   2.19453967e+01,   1.96844070e+01,   2.17383789e+01, 
           2.79207277e+01,   2.40109880e+01,   2.44652621e+00,   7.71232732e-01,   2.28150210e+01, 
           4.44993033e+00,   6.32217106e+00,   2.86959872e+01,   6.16770811e+00,   2.54155030e+00, 
           2.86295708e+01,   6.58513110e-01,   7.07847686e+00,   1.91416715e+01,   8.42657055e-01, 
           1.09318699e+01,   2.21629487e+01,   3.26372053e+00,   1.85487891e+01,   2.42299255e+01, 
           3.53057281e+00,   1.21895915e+01,   3.07759304e+01,   5.87270948e-01,   1.54581789e+01, 
           2.21462069e+01,  -3.29544187e+00,   2.17376848e+01,   2.08019829e+01,   5.74042948e+00, 
           2.91126306e+01,   2.82616387e+01,   4.12726443e+00,   2.38117939e+01,   2.48604110e+01, 
          -9.81005677e-02,   2.75017597e+01,   2.19769526e+01,   9.55679072e+00,  -3.48501195e-01, 
           2.15122044e+01,   1.35659683e+01,   4.45218017e+00,   2.70106862e+01,   1.84178475e+01, 
           2.90258066e+00,   3.09038945e+01,   1.13784966e+01,   3.97619446e+00,   2.33776271e+01, 
           1.09744756e+01,   9.48584489e+00,   2.30108491e+01,   1.65710971e+01,   1.59074187e+01, 
           2.90437432e+01,   1.63990319e+01,   1.41164353e+01,   3.03675824e+01,   9.36100919e+00, 
           1.59902897e+01,   2.19588417e+01,   9.65547975e+00,   2.31178969e+01,   2.07325650e+01, 
           1.43025889e+01,   2.85076354e+01,   2.79531009e+01,   1.40545290e+01,   1.99579811e+01, 
           2.86838426e+01,   1.23353706e+01,   2.65845766e+01,   2.36116501e+01,   2.56191152e+01, 
           5.93663687e+00,   2.14810798e+01,   3.18962824e+01,   6.43104769e+00,   2.61566331e+01, 
           3.11398548e+01,   2.04112055e+00,   2.78161522e+01,   2.39026490e+01,   3.29230633e+00, 
           2.35872061e+01,   1.92586393e+01,   9.42997765e+00,   2.18868541e+01,   2.93005866e+01, 
           1.56731672e+01,   2.57892309e+01,   3.08659127e+01,   1.04565213e+01,   2.89111102e+01, 
           2.23973168e+01,   1.41543879e+01,   2.40352391e+01,   1.89355855e+01,   2.26713139e+01, 
           2.60883570e+01,   2.53551683e+01,   3.10959184e+01,   2.56617570e+01,   2.53873006e+01, 
           2.02938950e+01,   2.87914567e+01,   1.97522769e+01,   2.78202344e+01,  -1.76425983e+00, 
          -1.53558560e+00,  -1.71338801e+00,  -9.78599968e-01,   6.87902421e+00,   7.88543588e+00, 
           5.47881861e-01,   3.64324940e+00,   1.39468482e+00,   3.60000249e+00,  -9.28967610e-01, 
           4.01716866e+00,   2.42995414e+00,   1.05628735e+00,   1.03627265e+01,   9.20694754e-01, 
           4.29683694e+00,   1.64579850e+01,   6.19121450e+00,   7.68893688e+00,   1.23304998e+01, 
           9.82833523e+00,   1.54814143e+00,   1.71545209e+01,   6.99417618e-01,   8.54622163e-02, 
           2.48873966e+01,  -3.11309329e-01,   6.97214120e+00,   2.66220741e+01,   5.25625287e+00, 
           7.68138067e+00,   2.39284370e+01,   6.25528626e+00,   3.07873577e+00,   3.00882100e+01, 
           1.15270468e+00,   8.88014098e+00,   3.00512398e-01,   9.30446242e-01,   1.71408264e+01, 
           3.50661823e+00,   5.83759203e+00,   1.72729331e+01,   3.34582087e-01,   5.40503488e+00, 
           1.24459036e+01,   5.56073866e+00,   1.21588195e+00,   1.31551680e+01,   1.27378351e+01, 
          -4.66813441e-01,   1.87703376e+01,   1.69486235e+01,   6.75076580e+00,   1.83449120e+01, 
           1.48488718e+01,   9.47340998e+00,   1.17932793e+01,   1.67868142e+01,   6.10952151e-01, 
           1.27008444e+01,   2.15901214e+01,   1.76087373e+00,   1.40248834e+01,   2.78953850e+01, 
           6.51618548e+00,   1.72532108e+01,   2.04694567e+01,   7.36556309e+00,   9.99912211e+00, 
           2.91964532e+01,  -7.06531579e-01,   2.27219694e+01,  -1.31954187e+00,  -1.54612461e+00, 
           2.75038363e+01,   6.70572831e+00,   5.21401215e+00,   2.84508378e+01,  -1.38701455e+00, 
           5.24874266e+00,   2.15644003e+01,   8.28914156e+00,  -2.21199280e+00,   2.06411930e+01, 
           9.08490967e+00,  -3.69161804e-01,   2.79213183e+01,   1.67707124e+01,   5.77258212e+00, 
           2.95534123e+01,   1.29379476e+01,   5.27372097e+00,   2.29618317e+01,   1.82846335e+01, 
           5.50365226e-01,   2.32915342e+01,   2.26003508e+01,  -3.23975407e-01,   2.71026192e+01, 
           2.69864390e+01,   5.25571146e+00,   2.84281121e+01,   2.43362803e+01,   4.19783582e+00, 
           2.23458941e+01,   2.89351055e+01,   1.30027038e+01,  -2.89260409e+00,  -3.32667625e+00, 
           1.24700611e+01,   5.45576814e+00,   6.79907186e+00,   1.69263149e+01,   5.70732090e+00, 
           1.52975089e-01,   1.72152577e+01,  -5.86473536e-01,   2.60910235e+00,   1.39562777e+01, 
           1.10496755e+00,   9.89893108e+00,   1.27550907e+01,   6.50405608e+00,   1.44860215e+01, 
           1.84418079e+01,   6.98755864e+00,   1.14378627e+01,   1.73685838e+01,   1.03634629e+00, 
           1.72542968e+01,   9.36166090e+00,   1.26996989e+00,   2.48970836e+01,   1.35415180e+01, 
           4.84360499e+00,   2.82597230e+01,   1.28859648e+01,   7.62646315e+00,   2.08202186e+01, 
           1.82323636e+01,  -1.58242560e+00,   2.82645654e+01,   9.67026415e+00,   9.99521608e+00, 
           1.48323928e+00,   1.06202054e+01,   1.74410916e+01,   5.30476845e+00,   1.68915394e+01, 
           1.66028258e+01,  -3.98602304e-01,   1.52286166e+01,   1.15951307e+01,   4.88875152e+00, 
           1.16320855e+01,   1.18462368e+01,   1.17721604e+01,   1.30800856e+01,   1.72687237e+01, 
           1.52362824e+01,   1.86182764e+01,   1.72413013e+01,   1.32638271e+01,   1.90927913e+01, 
           1.01652528e+01,   1.60527418e+01,   9.59785151e+00,   1.16306603e+01,   2.32521891e+01, 
           1.02733588e+01,   1.86418357e+01,   2.65319699e+01,   1.48920616e+01,   1.69296308e+01, 
           2.24345192e+01,   1.44781142e+01,   1.16768928e+01,   2.87742833e+01,   1.26440243e+01, 
           2.31651077e+01,   1.09153308e+00,   9.32620240e+00,   3.18068970e+01,   5.91156305e+00, 
           1.82338682e+01,   2.68163992e+01,  -6.10171355e-01,   1.56193643e+01,   1.99596118e+01, 
           8.12957661e+00,   1.34391603e+01,   2.79448176e+01,   1.21148599e+01,   9.90095353e+00, 
           2.95224900e+01,   1.88551608e+01,   1.63687321e+01,   2.81729033e+01,   7.75414361e+00, 
           2.11290647e+01,   2.30983265e+01,   1.80818117e+01,   1.22179830e+01,   2.36227246e+01, 
           1.85352948e+01,   1.00736995e+01,   2.52569655e+01,   2.39704097e+01,   1.44179838e+01, 
           2.90993728e+01,   2.15195489e+01,   1.95569595e+01,   2.20162082e+01,   2.86888343e+01, 
           2.38790793e+01,   1.81853851e+00,  -8.62424353e-01,   2.30087081e+01,   3.67168316e+00, 
           5.79906646e+00,   2.86237895e+01,   5.77923269e+00,   1.82976727e+00,   2.97992364e+01, 
          -2.44824247e-01,   6.97483848e+00,   1.97479547e+01,   1.28907671e+00,   1.06238401e+01, 
           2.22988651e+01,   3.36189040e+00,   1.99142865e+01,   2.56182622e+01,   4.87467917e+00, 
           1.16104104e+01,   3.01052148e+01,  -1.89720612e-01,   1.52853202e+01,   2.30601562e+01, 
          -3.37897609e+00,   2.20210883e+01,   2.21023714e+01,   7.37999253e+00,   2.99827770e+01, 
           2.83970918e+01,   5.06217176e+00,   2.39324034e+01,   2.36552267e+01,   3.97689851e-01, 
           2.70250248e+01,   2.32913517e+01,   1.10207360e+01,   7.64503581e-01,   2.00178673e+01, 
           1.37487336e+01,   4.25542754e+00,   2.60455321e+01,   1.69122386e+01,   2.31534587e+00, 
           3.04356904e+01,   1.25406626e+01,   5.17675092e+00,   2.38621411e+01,   1.14515762e+01, 
           9.75443924e+00,   2.25731071e+01,   1.62345346e+01,   1.68317268e+01,   2.84171490e+01, 
           1.69913568e+01,   1.42827468e+01,   2.97526886e+01,   9.31307649e+00,   1.67785293e+01, 
           2.17762297e+01,   8.96916957e+00,   2.19718340e+01,   2.22594418e+01,   1.33823144e+01, 
           2.81207945e+01,   2.77005814e+01,   1.50622075e+01,   2.05455699e+01,   2.92151641e+01, 
           1.30044976e+01,   2.67938258e+01,   2.17064822e+01,   2.45224793e+01,   5.39644288e+00, 
           2.09907797e+01,   3.13381910e+01,   6.65786528e+00,   2.44267241e+01,   2.96324924e+01, 
           1.59248807e+00,   2.81352950e+01,   2.52179231e+01,   3.21255854e+00,   2.29984530e+01, 
           1.94459863e+01,   9.90712637e+00,   1.95242101e+01,   2.89090489e+01,   1.59338674e+01, 
           2.54944440e+01,   3.14856070e+01,   1.10580434e+01,   2.91399127e+01,   2.38737698e+01, 
           1.47156065e+01,   2.36566327e+01,   1.94718712e+01,   2.27327251e+01,   2.67255132e+01, 
           2.57714727e+01,   3.15584870e+01,   2.55546714e+01,   2.55331520e+01,   2.06608588e+01, 
           2.85241759e+01,   1.96187079e+01,   2.95686729e+01,  -1.28506833e+00,  -1.19627373e+00, 
          -1.11505578e+00,  -1.26613495e+00,   6.87769487e+00,   8.86664224e+00,   3.22672767e-01, 
           3.60048900e+00,   1.75198909e+00,   3.39985912e+00,  -5.38113592e-01,   4.40630180e+00, 
           2.05527629e+00,   1.04780310e+00,   1.09245524e+01,   1.64433825e+00,   5.07925261e+00, 
           1.66693862e+01,   6.34528032e+00,   6.84652464e+00,   1.30553942e+01,   9.19503930e+00, 
           1.02559973e+00,   1.64900202e+01,   1.50883393e+00,   1.94153184e-01,   2.60419984e+01, 
           2.23637168e-01,   5.88126235e+00,   2.68151686e+01,   6.09330009e+00,   6.41359349e+00, 
           2.27265508e+01,   5.20417493e+00,   3.02351860e+00,   2.90727542e+01,   5.22759441e-01, 
           9.07723226e+00,   3.74357289e-01,   5.28407017e-01,   1.77876299e+01,   3.40818122e+00, 
           4.77500246e+00,   1.61051931e+01,  -7.15798597e-01,   5.35494411e+00,   1.24396028e+01, 
           5.26132317e+00,   3.65101881e+00,   1.45180281e+01,   1.20044556e+01,   6.47702685e-01, 
           1.89647984e+01,   1.63575659e+01,   6.85886982e+00,   1.86666656e+01,   1.39918716e+01, 
           9.63134562e+00,   1.21489398e+01,   1.79744053e+01,  -4.65149892e-02,   1.28820467e+01, 
           2.20848030e+01,   5.38141652e-01,   1.49773108e+01,   2.86234466e+01,   6.69460622e+00, 
           1.70430908e+01,   2.03293501e+01,   7.46084699e+00,   9.27068140e+00,   2.87672652e+01, 
          -1.77446797e+00,   2.31007533e+01,  -1.61541146e+00,  -1.44197270e+00,   2.59669452e+01, 
           7.05366958e+00,   6.78973516e+00,   2.82048010e+01,  -6.81707442e-01,   4.11224811e+00, 
           2.33230735e+01,   7.64143788e+00,  -1.30932484e+00,   2.00341346e+01,   8.43186122e+00, 
          -3.23227570e-01,   2.88456685e+01,   1.71869485e+01,   5.59484664e+00,   2.86861878e+01, 
           1.38255153e+01,   5.39986151e+00,   2.26670663e+01,   1.74856853e+01,   1.31353338e+00, 
           2.27240963e+01,   2.26573999e+01,  -6.43284767e-01,   2.75545414e+01,   2.65487243e+01, 
           6.36781664e+00,   2.89591698e+01,   2.55204798e+01,   4.19690392e+00,   2.20492684e+01, 
           2.90086623e+01,   1.29407803e+01,  -3.28971533e+00,  -3.59953707e+00,   1.30308691e+01, 
           4.52526975e+00,   6.05334642e+00,   1.80200038e+01,   6.86934432e+00,  -6.64799107e-01, 
           1.77004927e+01,  -1.08469207e+00,   2.66573197e+00,   1.33883962e+01,   1.77878946e+00, 
           1.01478623e+01,   1.28332615e+01,   7.20488713e+00,   1.30030127e+01,   1.82890722e+01, 
           5.45538575e+00,   1.26731818e+01,   1.64372459e+01,   1.13264799e+00,   1.68270761e+01, 
           9.29480506e+00,   8.02789471e-01,   2.50004864e+01,   1.30397241e+01,   4.25942991e+00, 
           2.82105770e+01,   1.34839369e+01,   6.59877473e+00,   1.96748658e+01,   1.90248344e+01, 
          -7.34844927e-01,   2.61879859e+01,   1.06994814e+01,   1.04221404e+01,   1.19626201e+00, 
           9.75063627e+00,   1.82675328e+01,   4.79479047e+00,   1.67169178e+01,   1.67708791e+01, 
          -3.25796174e-01,   1.58140826e+01,   1.07514402e+01,   4.16021066e+00,   1.14190484e+01, 
           1.20130431e+01,   1.10359921e+01,   1.23286945e+01,   1.73093633e+01,   1.60093426e+01, 
           1.72472089e+01,   1.71555986e+01,   1.29595403e+01,   1.96515771e+01,   1.07779852e+01, 
           1.55906451e+01,   1.04066011e+01,   1.06852174e+01,   2.41637389e+01,   9.33300851e+00, 
           1.72769290e+01,   2.72366205e+01,   1.43344594e+01,   1.55444449e+01,   2.25613745e+01, 
           1.54876710e+01,   1.23994150e+01,   2.77630051e+01,   1.24465157e+01,   2.22953455e+01, 
           7.07224538e-01,   9.17225571e+00,   3.04541888e+01,   7.00444346e+00,   1.90451094e+01, 
           2.68206460e+01,   2.12443190e-01,   1.40421608e+01,   2.16604155e+01,   8.76748146e+00, 
           1.18599685e+01,   2.63467340e+01,   1.24514910e+01,   9.07508597e+00,   2.94452971e+01, 
           1.81138604e+01,   1.65350863e+01,   2.76724408e+01,   8.10094240e+00,   2.03902238e+01, 
           2.19891729e+01,   1.81613540e+01,   1.28241365e+01,   2.30836693e+01,   1.77077396e+01, 
           1.07839643e+01,   2.43167076e+01,   2.35379387e+01,   1.43368823e+01,   2.99960368e+01, 
           2.18020500e+01,   1.98836259e+01,   2.10543368e+01,   2.77564511e+01,   2.38873187e+01, 
           2.63596088e+00,  -8.45710736e-01,   2.26031998e+01,   4.94875239e+00,   6.06483058e+00, 
           2.72420930e+01,   7.16044030e+00,   2.03664724e+00,   2.83819926e+01,   1.41474271e+00, 
           6.86956553e+00,   1.90297274e+01,   2.08547446e-01,   1.17356589e+01,   2.20093707e+01, 
           3.11015561e+00,   1.84015708e+01,   2.55258414e+01,   4.51413195e+00,   1.15060640e+01, 
           3.04420577e+01,   2.05350822e-01,   1.59037463e+01,   2.20766378e+01,  -3.08680082e+00, 
           2.27928539e+01,   2.19423049e+01,   6.96063455e+00,   2.93175572e+01,   2.63580580e+01, 
           4.17130592e+00,   2.37215427e+01,   2.48207538e+01,  -1.10022388e+00,   2.72061284e+01, 
           2.27735841e+01,   1.10983539e+01,   5.03790539e-01,   2.05447311e+01,   1.35069355e+01, 
           4.99617490e+00,   2.74249691e+01,   1.74389534e+01,   2.12313453e+00,   3.09387285e+01, 
           1.30390672e+01,   4.56728163e+00,   2.49467870e+01,   1.09552706e+01,   1.05134177e+01, 
           2.26330821e+01,   1.67053853e+01,   1.63758180e+01,   2.83218004e+01,   1.73740024e+01, 
           1.40724154e+01,   3.02682616e+01,   8.35484609e+00,   1.66575388e+01,   2.13501708e+01, 
           1.01994161e+01,   2.34754835e+01,   2.17794008e+01,   1.46632688e+01,   2.78344546e+01, 
           2.68554005e+01,   1.40368100e+01,   2.04864069e+01,   2.79509647e+01,   1.19193324e+01, 
           2.79392613e+01,   2.26582097e+01,   2.45440331e+01,   6.30616900e+00,   2.13859764e+01, 
           3.08849664e+01,   6.44869190e+00,   2.64928749e+01,   3.02400532e+01,   8.32685758e-01, 
           2.74640627e+01,   2.40967712e+01,   3.18770838e+00,   2.27412709e+01,   1.85562433e+01, 
           9.23151490e+00,   2.03983609e+01,   2.91681800e+01,   1.56979455e+01,   2.51695730e+01, 
           3.07717754e+01,   1.06821424e+01,   2.92168363e+01,   2.36456995e+01,   1.45948324e+01, 
           2.33527556e+01,   1.93047064e+01,   2.37746530e+01,   2.48248533e+01,   2.61599136e+01, 
           3.04541638e+01,   2.58041186e+01,   2.56474296e+01,   2.02610796e+01,   2.85417157e+01, 
           1.88972442e+01,   2.98568715e+01,  -2.38586496e+00,  -7.58828968e-01,  -1.63156635e+00, 
          -1.24260140e-01,   7.66170676e+00,   8.26519210e+00,   8.18582687e-01,   3.21215177e+00, 
           8.71469426e-01,   3.32445560e+00,  -1.32118548e+00,   3.91101312e+00,   2.32046567e+00, 
           1.58370834e+00,   1.07292588e+01,   1.33792245e+00,   4.76690685e+00,   1.57155304e+01, 
           5.60070334e+00,   7.35450929e+00,   1.13291649e+01,   9.38118665e+00,   1.32457406e+00, 
           1.64112640e+01,   2.06694803e+00,  -1.08774960e-01,   2.51995098e+01,   5.83962037e-01, 
           6.14184963e+00,   2.60031487e+01,   7.65609079e+00,   5.60778423e+00,   2.29300579e+01, 
           5.77114858e+00,   2.13679298e+00,   2.93327862e+01,   2.19806103e+00,   9.68222590e+00, 
           1.57880111e+00,   3.14284164e-01,   1.73107320e+01,   3.17317841e+00,   5.31032205e+00, 
           1.67722718e+01,  -3.21992890e-01,   4.86044703e+00,   1.46302272e+01,   6.21744347e+00, 
           3.23194778e+00,   1.36053502e+01,   1.20906550e+01,   1.05401318e+00,   1.89924170e+01, 
           1.86500989e+01,   7.28920551e+00,   1.90214147e+01,   1.48608421e+01,   8.94579137e+00, 
           1.17939437e+01,   1.76451822e+01,  -2.16292241e-01,   1.27470176e+01,   2.10170183e+01, 
           1.86340865e+00,   1.43620945e+01,   2.88854080e+01,   7.51715045e+00,   1.76892134e+01, 
           2.12086589e+01,   7.40953137e+00,   8.90283609e+00,   2.82643224e+01,  -1.81615954e+00, 
           2.35425566e+01,  -6.35391065e-01,  -1.81429720e+00,   2.64341698e+01,   6.21091555e+00, 
           5.43254354e+00,   2.75836921e+01,  -9.47958758e-01,   4.71567619e+00,   2.21052659e+01, 
           7.88771418e+00,  -1.66841626e+00,   2.04914383e+01,   8.26675658e+00,  -4.59229759e-01, 
           2.71579580e+01,   1.68410204e+01,   5.00100432e+00,   2.90662447e+01,   1.29214242e+01, 
           4.69089603e+00,   2.34759714e+01,   1.67656282e+01,   6.53854823e-01,   2.38352952e+01, 
           2.17931036e+01,  -1.01639060e+00,   2.72103570e+01,   2.59664262e+01,   4.89596274e+00, 
           2.77674695e+01,   2.47617265e+01,   3.70839276e+00,   2.19495406e+01,   2.77068507e+01, 
           1.33883490e+01,  -2.96774368e+00,  -3.88662826e+00,   1.21540528e+01,   4.88520987e+00, 
           6.46250715e+00,   1.58502434e+01,   7.52061809e+00,  -5.94010768e-01,   1.80041063e+01, 
          -1.45785510e+00,   1.90361473e+00,   1.37682126e+01,   1.01096461e+00,   1.05140180e+01, 
           1.32426632e+01,   7.30651107e+00,   1.44595448e+01,   1.87287975e+01,   5.98649586e+00, 
           1.22746034e+01,   1.63100152e+01,   1.15741871e+00,   1.66981121e+01,   9.12913654e+00, 
          -2.92667679e-01,   2.45886138e+01,   1.33050334e+01,   3.97377478e+00,   2.69467178e+01, 
           1.42080442e+01,   6.64595078e+00,   2.01191284e+01,   1.86015542e+01,  -1.75336417e+00, 
           2.83471787e+01,   1.08620615e+01,   1.11988186e+01,   1.95253365e+00,   9.45047887e+00, 
           1.75938537e+01,   4.23821913e+00,   1.70208034e+01,   1.60108143e+01,  -1.22190668e+00, 
           1.50766040e+01,   1.12165304e+01,   5.43990155e+00,   1.09933699e+01,   1.22850779e+01, 
           1.16546326e+01,   1.23781385e+01,   1.80369686e+01,   1.53125056e+01,   1.73516609e+01, 
           1.75785987e+01,   1.18313796e+01,   1.94046667e+01,   1.10166421e+01,   1.62979612e+01, 
           9.66207941e+00,   1.08458701e+01,   2.37048314e+01,   8.44004940e+00,   1.70203943e+01, 
           2.65757559e+01,   1.43027170e+01,   1.63790927e+01,   2.18182624e+01,   1.38144113e+01, 
           1.12481654e+01,   2.87113704e+01,   1.23513270e+01,   2.18980717e+01,   5.17961694e-01, 
           9.82158593e+00,   3.06003668e+01,   6.40959927e+00,   1.97382355e+01,   2.64666452e+01, 
          -2.56886470e-01,   1.51138569e+01,   2.14756928e+01,   7.69843726e+00,   1.13280462e+01, 
           2.53724470e+01,   1.17891597e+01,   9.16645548e+00,   2.85470480e+01,   1.83229821e+01, 
           1.60641629e+01,   2.74309208e+01,   8.14336993e+00,   2.00104262e+01,   2.16691335e+01, 
           1.90509791e+01,   1.35353858e+01,   2.30944654e+01,   1.79157296e+01,   1.01235942e+01, 
           2.45385866e+01,   2.35448360e+01,   1.40749201e+01,   3.01972078e+01,   2.17768651e+01, 
           2.03786050e+01,   2.10805498e+01,   2.76935947e+01,   2.44615615e+01,   3.05749628e+00, 
           4.07414296e-01,   2.16336438e+01,   4.40657970e+00,   5.21060398e+00,   2.88299726e+01, 
           7.01128437e+00,   8.79026008e-01,   2.85241186e+01,   3.14915946e-01,   7.07809470e+00, 
           1.98625917e+01,   4.50200492e-03,   1.15863909e+01,   2.29376845e+01,   2.50348240e+00, 
           1.86113050e+01,   2.47645618e+01,   3.74984924e+00,   1.16835156e+01,   3.00116656e+01, 
           1.33610084e+00,   1.54039934e+01,   2.16664404e+01,  -3.77318264e+00,   2.24073626e+01, 
           2.17213138e+01,   6.32154759e+00,   2.91289015e+01,   2.80778040e+01,   4.04768899e+00, 
           2.51637272e+01,   2.49482621e+01,  -1.80258150e+00,   2.77649841e+01,   2.28639670e+01, 
           9.52095023e+00,   1.12320744e+00,   2.11060298e+01,   1.35966775e+01,   4.52804356e+00, 
           2.65933190e+01,   1.74870802e+01,   3.12917456e+00,   3.12581554e+01,   1.26369216e+01, 
           4.24969839e+00,   2.28577555e+01,   1.09623135e+01,   9.61329928e+00,   2.31292240e+01, 
           1.68635673e+01,   1.59562582e+01,   2.83134554e+01,   1.65993286e+01,   1.34061062e+01, 
           3.07651009e+01,   8.60937322e+00,   1.58164516e+01,   2.15713342e+01,   9.77426434e+00, 
           2.38239983e+01,   2.07170028e+01,   1.44272471e+01,   2.72915473e+01,   2.78094878e+01, 
           1.46067375e+01,   2.02374654e+01,   2.83102299e+01,   1.21902457e+01,   2.73283465e+01, 
           2.25040436e+01,   2.40201181e+01,   7.24105767e+00,   2.16659528e+01,   3.22281603e+01, 
           6.56727556e+00,   2.67438472e+01,   3.14254999e+01,   1.00941523e+00,   2.72477648e+01, 
           2.43062679e+01,   3.91537815e+00,   2.28206020e+01,   1.90617248e+01,   9.50661026e+00, 
           1.95693791e+01,   2.99400820e+01,   1.67827219e+01,   2.52432494e+01,   3.09283864e+01, 
           1.18433291e+01,   3.02997758e+01,   2.26469178e+01,   1.40818435e+01,   2.52061280e+01, 
           1.93512323e+01,   2.29021542e+01,   2.65208970e+01,   2.53952117e+01,   3.08512322e+01, 
           2.76076800e+01,   2.54724293e+01,   1.95719692e+01,   2.94254771e+01,   1.94406409e+01, 
           2.73992646e+01 ]
      </q>
      <p shape='(4, 324)'>
       [   1.40372994e-01,  -1.70336384e+00,   6.37303020e-01,  -3.60483257e-01,  -1.10940109e+00, 
           3.74869623e-01,  -3.25735029e-01,   7.75472220e-01,   1.10757231e+00,  -2.40493336e+00, 
          -1.53716651e+00,   1.37041429e+00,   5.28228491e-01,   1.38616874e+00,  -1.38581237e+00, 
          -3.77690596e-01,   2.35773187e-01,   1.37036828e+00,   1.74363360e+00,   1.46668252e+00, 
           9.19554977e-01,   1.46604384e+00,   7.17395153e-01,   1.16766357e+00,   5.74213643e-01, 
           1.73367931e-01,  -1.66161161e+00,   2.33212598e+00,  -9.77285003e-01,   2.41575083e-01, 
          -1.49585940e-01,  -1.18522916e+00,   1.58553462e-01,  -1.47168505e+00,  -1.24387557e+00, 
           7.68483391e-01,  -1.56677579e+00,   8.39149463e-01,  -7.60108832e-01,  -1.39563512e-01, 
           1.23618455e+00,  -3.39699359e-01,  -9.88358452e-01,  -1.25161119e+00,   5.75688958e-01, 
           3.34908289e-02,  -1.57137545e+00,   9.54873978e-01,   2.21048523e-01,   3.15471131e+00, 
           4.38424417e-01,  -1.41296551e+00,  -6.15293784e-01,   4.54568031e-01,   5.25912190e-01, 
           1.10462750e+00,  -7.33687512e-01,   3.51836732e-01,   1.11696908e+00,  -1.75519514e-01, 
          -9.87401261e-01,  -1.00224818e+00,  -2.06257599e+00,  -8.69995365e-02,   1.96237139e-01, 
          -1.55878661e+00,   2.06187113e+00,   5.21020731e-03,   2.35617406e-01,   1.59018004e+00, 
           1.23310143e+00,  -9.06287741e-01,   1.02772014e+00,  -4.13278400e-01,  -9.73895321e-01, 
           1.26420822e+00,  -6.00372594e-02,  -8.86889397e-01,  -1.35877237e+00,   1.26542138e-01, 
          -1.96996606e+00,   1.16602982e+00,  -1.87715811e+00,  -1.07989580e+00,   1.52684255e-01, 
           2.69202324e+00,  -7.86764932e-01,  -1.26792145e+00,  -2.15985504e-01,   2.83847115e-01, 
          -3.90074815e-02,  -3.21827572e-01,   8.60927158e-01,   1.15174374e+00,  -1.06395947e+00, 
           6.56206723e-01,   1.71687653e+00,   1.88094551e+00,  -1.41246651e-01,   6.67235507e-01, 
           8.02729512e-01,  -5.99750938e-01,   3.86175582e-01,   1.56674025e+00,   1.16770355e-01, 
          -1.25058894e-01,  -6.64317179e-01,  -1.90732529e+00,  -3.49443824e-01,  -1.75313244e+00, 
          -8.93802373e-01,  -8.38911513e-02,  -3.54765784e+00,   3.29189169e-01,  -1.59470714e+00, 
           2.28214169e-01,  -2.04640475e+00,  -1.21363021e+00,   4.43956386e-01,   1.98553407e+00, 
          -6.41921427e-01,   8.31610867e-01,   2.37729074e-01,  -1.96307860e+00,   5.83519443e-01, 
          -9.23373803e-01,  -2.72733993e-01,  -6.80313749e-01,  -4.21629881e-01,   8.24112349e-02, 
          -2.02945940e-02,   4.70239760e-02,  -8.87189426e-01,   2.62362546e-01,   2.90567277e-03, 
          -5.77088646e-01,   8.63734028e-01,   2.12881273e-01,  -1.84398318e+00,  -1.27537888e+00, 
          -8.96390165e-01,   8.67723220e-01,  -7.13233254e-01,   9.98467053e-01,   1.20471615e+00, 
           3.80364988e-02,  -3.86066496e-01,   2.80482433e-01,  -5.55953973e-01,   6.99483364e-01, 
          -6.20862722e-01,  -5.75941665e-01,  -1.01810316e+00,   6.59129210e-01,   3.36528627e-01, 
           1.19657571e+00,   1.16325245e+00,   1.38231876e+00,  -1.62296272e+00,   7.73325492e-01, 
           9.07953738e-01,  -1.56020700e+00,   5.91276288e-01,  -1.45072710e+00,   3.06498507e-01, 
           1.02001412e+00,  -7.79180574e-01,  -1.09202701e+00,   8.60608247e-01,  -8.12517020e-01, 
          -3.29732754e-01,   7.95824769e-02,  -3.53180396e-01,  -6.92843090e-01,   8.08287670e-01, 
          -1.31368002e+00,   8.92275005e-01,   7.74460553e-01,  -4.16315357e-01,   4.13327475e-01, 
           2.07077192e-01,  -2.18589769e+00,  -1.02281048e-01,   9.09167509e-02,  -1.46835347e+00, 
           1.23256338e+00,  -3.07250057e-01,   2.46249432e-01,   7.74791555e-01,   3.98298680e-01, 
          -5.39569195e-02,   4.73911005e-01,   1.79978269e+00,   6.49413046e-01,   1.44049305e+00, 
          -7.54136523e-01,   6.85251391e-01,  -1.03401786e+00,  -1.07121945e+00,   1.15101429e+00, 
          -6.78252322e-01,   3.66963136e-02,  -1.11945652e-01,  -4.17808375e-01,   9.68133746e-02, 
           1.99069757e+00,   1.55013114e+00,  -1.92882805e-02,   1.33795454e+00,   7.39452603e-01, 
           3.77633950e-01,   1.81163711e+00,   2.58943819e+00,   1.29562203e+00,  -1.48713547e+00, 
          -9.55424888e-01,   3.46515063e-01,   4.16880974e-01,  -1.14430760e+00,  -5.41540342e-01, 
           1.15617781e+00,  -8.15311978e-01,  -1.24131679e-01,  -1.01785991e+00,  -6.82587363e-01, 
           1.34485087e+00,   3.95295976e-01,   3.61637052e-01,  -4.79290805e-01,   1.96407902e-02, 
          -6.96427808e-01,   9.65717585e-01,   4.63130635e-01,  -4.12348950e-02,  -6.14114134e-02, 
           3.76909298e-01,   1.31464930e-01,  -1.96943568e+00,  -2.07138054e+00,   1.07506895e+00, 
          -8.47693792e-02,   1.50838082e+00,   9.66357898e-01,   3.29832625e-02,   2.53592195e+00, 
          -8.44613584e-01,  -1.75528218e-01,  -1.51432281e+00,  -1.30241164e+00,  -2.07575407e-01, 
          -1.04844306e+00,  -1.28575451e+00,   4.62727941e-01,   1.46590141e+00,  -2.63004766e-01, 
          -1.01898113e+00,  -1.37875255e+00,  -9.12918530e-01,   1.71033710e+00,   1.02893180e+00, 
          -1.32634968e+00,   8.82495711e-02,  -9.11997611e-01,  -2.42094019e+00,  -6.29467944e-01, 
           8.08788619e-01,   1.94804910e+00,  -8.72566500e-01,   9.20033720e-01,  -1.72884793e+00, 
           3.44191186e-01,   1.21733557e+00,   1.87515471e-01,   5.10808988e-02,   7.94329477e-01, 
          -3.52316495e-01,  -1.00945167e+00,   7.35146276e-01,   1.07654301e+00,   1.04930155e+00, 
          -1.85826022e+00,  -5.07927804e-01,  -9.80771494e-01,  -3.21767737e+00,  -1.49676613e-01, 
          -2.15647041e-01,  -1.82770370e+00,   1.49469246e+00,  -1.68826911e+00,   1.62663223e+00, 
          -3.48742295e-01,  -6.17863065e-01,  -8.81308520e-01,   7.44925882e-01,   1.73070837e+00, 
          -1.28410488e-01,   8.64089144e-01,   3.26440658e-01,   1.10448379e+00,  -1.69522830e-01, 
          -6.53776497e-01,   3.81864979e-01,  -1.07760135e+00,  -3.98562627e-01,   5.38128157e-01, 
          -2.29754635e-01,  -2.33407869e+00,  -1.25116856e-01,  -1.21131987e+00,   1.08298393e+00, 
           1.51546625e-01,  -3.56701517e-01,  -9.98362812e-01,   1.03306121e-01,  -4.42120758e-01, 
          -3.94015959e-02,  -8.12077182e-01,  -5.72762073e-01,  -8.31013031e-01,  -1.16147494e+00, 
          -7.35897383e-02,  -1.09398682e-01,  -1.40219599e+00,   9.63041766e-01,   6.60583424e-02, 
          -1.71857732e+00,   1.99405396e-01,  -8.84068189e-01,  -2.18819685e-01,   2.21366910e+00, 
          -1.84460428e+00,  -1.05848347e+00,  -1.53731311e+00,  -2.25141079e-01,   8.55239543e-02, 
          -5.64991535e-01,  -1.11243253e+00,  -1.48334114e+00,   2.85484662e-01,  -5.98357857e-01, 
          -5.62005083e-01,   5.18476929e-02,   7.20785662e-01,  -9.21464830e-01,  -4.17295452e-01, 
          -7.06470111e-01,  -2.07423207e+00,  -2.82738840e-01,  -7.05765425e-01,   5.71154019e-01, 
           1.41402308e+00,   7.15224885e-01,  -9.01571406e-01,  -1.78966537e-01,  -9.57855925e-01, 
           1.92815188e+00,   3.67644067e-01,  -7.77398627e-01,   3.75573158e-01,  -1.27570871e+00, 
          -1.56269598e-01,  -1.20126128e+00,   5.64996896e-01,  -1.45388556e+00,  -4.64414199e-01, 
           1.88714704e+00,   1.47969578e+00,  -1.96063537e-01,   5.18755530e-01,   2.68937808e+00, 
          -1.69730122e+00,  -5.36576005e-01,   1.04962410e+00,   4.65512668e-01,   1.47912174e+00, 
           8.46469352e-01,   8.08058567e-01,   1.13879268e+00,   6.34831145e-01,   1.43535434e+00, 
           2.04580992e+00,   7.90686500e-04,   1.19722827e+00,  -1.42644546e+00,   1.92405610e-01, 
           8.14926140e-02,  -2.36223884e-01,   1.16089456e+00,   2.24765430e-01,  -1.32752285e+00, 
           1.36642599e+00,  -5.36742312e-01,   4.98821954e-01,   6.00651182e-01,  -2.56801229e+00, 
          -2.36250226e-01,  -8.57842968e-01,  -3.00915036e-01,   2.41807890e+00,   7.24711670e-01, 
           1.36799087e+00,  -1.78428862e-01,  -3.59900038e-01,   3.42306822e-01,  -3.98271527e-01, 
          -1.30912096e-01,  -5.36751004e-01,  -6.45495166e-01,   3.16360509e-02,  -6.38708513e-01, 
           1.33860162e+00,   7.16436859e-01,   8.83639989e-01,  -2.87900422e-01,  -1.77363177e-01, 
           1.75217790e-01,  -2.41654433e+00,  -8.13755792e-02,  -7.71741152e-01,   1.33456387e+00, 
          -5.10830196e-01,  -1.10584683e+00,  -1.31689363e+00,   1.17583053e+00,   6.77964594e-01, 
           2.99895744e-01,   5.12719967e-01,   2.06867244e+00,  -2.89182146e+00,   1.84494668e+00, 
           3.10415200e-01,   1.64179666e+00,  -2.18044104e+00,  -9.27575571e-01,  -8.07814665e-01, 
          -1.85157068e-01,   5.86693996e-01,   1.60605927e+00,  -1.03758631e-01,  -9.65958485e-01, 
          -9.06979038e-01,   5.61735019e-01,   3.35132784e-01,   6.02021180e-01,   1.76689554e-01, 
          -3.36488706e-02,   1.45021360e+00,   6.70122973e-01,  -1.71792295e-01,   8.29616451e-01, 
          -8.05614322e-01,  -2.58079407e+00,   1.01873565e+00,  -3.81060235e-01,   1.00130704e+00, 
           1.55674172e+00,   2.02125219e+00,  -7.48802492e-01,   1.06649929e+00,  -9.65493892e-01, 
          -3.98926995e-01,   1.08567030e+00,  -1.04009627e+00,   1.41394914e+00,   1.80976669e+00, 
          -4.38932124e-01,  -9.96116646e-01,   2.93325605e+00,  -2.65850173e+00,  -2.86627210e-01, 
          -1.13380351e+00,   1.01776593e+00,   3.82798024e-01,  -2.03015905e+00,  -4.77705377e-01, 
          -1.52497126e-01,  -3.08097496e-01,  -1.22388367e+00,   7.72589230e-01,  -1.18620576e+00, 
           7.03396905e-01,  -6.07914021e-01,   1.36665589e+00,   3.05885200e-01,   8.68021103e-01, 
           7.85645067e-01,   6.86344886e-01,   6.60054397e-02,   6.72872685e-01,  -1.72147672e+00, 
          -3.35687107e-01,   6.40280686e-01,   1.90765562e-01,  -1.19759420e+00,   3.98723557e-01, 
           1.01300503e+00,   3.15092859e-01,  -7.48716523e-01,  -6.31490429e-01,   5.03478302e-01, 
          -7.97737020e-01,  -3.64328563e-01,  -6.84865111e-01,  -5.96889804e-01,   8.97320299e-01, 
          -2.74447207e-01,   8.96041854e-01,   8.62447243e-01,   1.14171036e+00,   1.89620219e+00, 
          -2.03086042e-01,   1.21863991e+00,  -7.08332672e-01,   8.65474351e-01,   8.84794271e-02, 
          -7.38048949e-01,  -3.29738572e-01,   6.25639096e-01,   8.73860305e-01,   1.32892575e+00, 
          -1.08731164e+00,   7.42722680e-02,   1.10376262e+00,  -2.70446460e-01,   4.84230480e-01, 
          -7.49397372e-01,  -1.22773789e-01,  -1.73175160e+00,   1.00419017e+00,   4.18612640e-01, 
          -1.19265354e+00,   1.89942453e+00,   2.16924392e-01,   1.98456504e+00,  -4.47127896e-02, 
          -8.13751338e-01,  -1.57721515e+00,  -1.51087464e+00,   1.49149818e-01,   3.34518489e-01, 
          -1.49643992e+00,   3.14649899e-01,   2.07634343e+00,  -6.04070136e-01,   1.87721508e+00, 
          -4.06863898e-01,  -7.83918757e-01,   2.03531050e-01,  -7.64354284e-02,   3.31824344e-01, 
           4.79012974e-01,   1.83535358e+00,   9.02286124e-01,  -1.15207026e+00,   1.28672254e-01, 
          -8.26157812e-01,   1.90407166e+00,  -3.96264466e-01,   1.94392469e-01,  -8.73100373e-01, 
          -3.37468953e-03,   9.76466097e-01,   6.23291758e-02,  -2.37497472e-01,   1.07993508e+00, 
          -3.14201676e-01,   1.70621222e+00,  -9.90965410e-02,   1.20753777e-01,  -6.38441546e-01, 
           1.41774776e+00,  -5.80882309e-01,   1.09405908e+00,   3.93716017e-01,  -1.28958167e+00, 
           4.24488630e-01,   9.55061213e-01,   1.29635151e+00,  -1.96475095e-01,   1.27366715e-01, 
           1.13693192e-01,  -1.99660506e+00,  -7.38934810e-01,   1.27623410e+00,   1.67534486e+00, 
           2.98512870e-01,   1.48183369e+00,   1.03842506e+00,  -1.05881112e+00,   3.59296217e+00, 
           2.33641006e+00,  -4.44058636e-01,  -7.05099765e-02,   3.21036779e-01,  -1.92001349e-01, 
          -1.42762638e+00,  -4.05688476e-01,   4.80851634e-01,   4.74839401e-01,   1.26185094e+00, 
          -1.05552598e-01,   5.56910980e-01,  -5.32621114e-01,   9.34349181e-02,   2.56314544e-01, 
          -1.74582311e+00,   4.17470989e-01,   2.29528051e+00,   2.62392322e-01,   3.18772657e-01, 
           8.17214811e-01,  -8.16325438e-01,  -4.19774898e-01,  -1.79953350e-02,   2.52742913e+00, 
          -2.79795924e-02,  -8.35211211e-01,  -3.49992939e-01,   1.17976432e+00,   1.06455248e+00, 
           4.99693771e-01,  -3.25404106e-01,  -1.19518002e+00,  -1.12107657e+00,   7.08571829e-01, 
          -1.32836392e+00,  -4.05940531e-01,  -1.62901886e+00,   1.94474528e-01,   5.69560181e-01, 
          -1.16097389e+00,  -9.55882892e-01,   8.43738270e-01,   9.60068854e-01,   3.04930133e-02, 
           1.09691130e-01,   5.31002976e-01,  -7.96127056e-02,  -2.90684090e-02,  -2.90427758e-01, 
           6.26093036e-01,   6.57694112e-01,  -4.85835995e-01,   1.80074318e-01,   1.12303284e+00, 
           5.23912334e-01,   5.85300514e-01,   6.21565032e-01,  -6.88438319e-01,   1.76104297e+00, 
           4.69681129e-01,  -1.50756131e+00,  -2.35433970e+00,   2.20926618e-01,  -1.59035655e+00, 
          -2.16680752e-01,  -1.09766225e+00,  -3.66108880e-01,   6.72549669e-01,  -1.39966389e+00, 
          -2.64964223e-01,  -4.47757200e-01,   5.31233808e-01,   1.84834139e+00,  -6.02818313e-01, 
          -1.44473483e+00,   1.52776447e-02,  -7.93366554e-01,  -1.90159337e+00,   1.74463595e-01, 
          -2.11499652e+00,  -2.25655780e+00,   1.18038845e+00,  -3.70794733e-01,  -8.67093500e-01, 
           1.43290672e+00,  -1.38210097e-01,   1.14792213e+00,   1.06670774e+00,   1.03103438e+00, 
          -9.00433225e-02,  -5.34357708e-01,  -1.22908335e+00,  -4.72611965e-01,   2.46111190e-01, 
          -1.70561610e+00,   3.92682358e-01,  -1.55756928e+00,  -2.37928227e-01,   2.03059408e+00, 
          -9.84120137e-01,  -2.11053290e+00,   6.16981710e-01,  -1.12243752e-01,  -1.10029159e-02, 
           9.02048435e-01,   8.56294718e-01,   1.13642549e+00,  -1.50782750e+00,  -3.72301949e-01, 
          -1.66280307e+00,  -1.38174795e+00,   8.97950650e-02,   5.55623559e-01,  -6.05980874e-01, 
          -7.05479352e-01,   7.04832792e-01,  -3.20169261e-02,  -5.46153623e-01,  -4.23996939e-01, 
          -1.87522120e+00,  -4.41626784e-01,   2.28022755e+00,   1.41852748e+00,   7.22573260e-01, 
           2.28863935e+00,   1.32648450e+00,  -1.20732385e+00,   6.48320570e-01,  -5.97367023e-02, 
           1.26207462e-01,  -2.04798081e+00,   1.13007921e+00,  -1.71585140e-01,   3.14833129e-02, 
           1.71558970e-01,   2.30236146e-01,  -2.69742619e+00,   1.36832193e+00,  -4.09947214e-01, 
          -2.00570514e-01,   8.31050179e-01,   1.40744357e+00,  -2.34268444e+00,  -7.42098732e-03, 
           1.03611120e+00,   2.06373254e+00,  -5.02279592e-01,  -7.01081635e-01,   1.25847835e-01, 
           6.02231279e-02,  -4.08815632e-01,  -3.34433187e-01,   1.42676664e+00,  -1.49454672e+00, 
          -1.24564490e+00,   1.71269292e+00,   6.82206821e-01,   8.72601070e-01,  -9.22460387e-01, 
           4.55740724e-02,   1.33030508e+00,   6.53585708e-02,   3.13993497e-01,  -2.11648823e+00, 
          -1.36475580e-02,   2.51552262e+00,   9.25969768e-01,  -6.52019962e-01,   2.03940799e+00, 
           2.55910092e-01,  -7.26525412e-01,  -1.00207723e+00,   1.31950793e+00,  -1.82967630e+00, 
          -4.92805660e-01,   4.07867808e-01,   6.11026922e-02,  -2.11979237e-01,  -2.87253727e-01, 
           1.11856203e+00,  -2.21720426e-01,   1.84350017e+00,   7.84784426e-01,  -1.49696700e+00, 
           9.09038266e-01,  -1.27156936e+00,   9.56717220e-02,  -4.15656486e-01,   4.19788418e-01, 
          -2.61691637e-01,  -1.56861006e+00,  -6.47659675e-01,  -6.83293713e-01,   2.51621894e+00, 
          -4.44034798e-01,   1.78185380e+00,   4.60785269e-01,  -2.68311726e-01,   1.04600391e+00, 
          -5.67576324e-01,   1.13507042e+00,  -1.78393940e+00,  -1.82719464e+00,  -1.84508388e+00, 
          -1.29303124e+00,   1.35664029e+00,  -9.17173260e-01,   9.85863915e-01,   1.07223755e+00, 
           8.84707496e-01,  -1.37852063e+00,   6.19459586e-01,  -2.93677966e-02,  -3.18737198e-01, 
           1.03094159e+00,   4.89778531e-01,   1.73667810e+00,  -2.03090079e-01,   3.64701299e-01, 
           3.48172075e-01,  -1.54091587e+00,   1.04498049e+00,  -1.28639737e+00,  -4.71319136e-01, 
           8.61169102e-01,   1.61610909e+00,   7.69597251e-01,   7.68227380e-01,   1.11224694e+00, 
           8.48919769e-01,   3.12294367e-01,  -4.93201021e-01,   6.42746189e-01,  -2.27293413e-01, 
           2.16505068e-01,   5.52193787e-01,  -1.76108774e+00,  -4.43454137e-01,  -1.10836243e+00, 
           7.49078941e-01,  -5.26434049e-02,   4.23300776e-01,  -1.66554395e+00,   3.10524219e-01, 
           1.19480829e+00,  -6.29200409e-01,   6.41552685e-01,   7.60530128e-01,  -1.44429069e+00, 
          -2.98038448e-01,   5.01177628e-01,   3.97341120e-01,   4.53467676e-01,  -1.35725377e+00, 
           9.43314195e-01,   2.15143758e+00,   3.94302672e-01,   2.26509780e-01,   9.59313828e-01, 
          -1.66404768e-01,   1.65207595e-01,  -2.39340233e+00,   3.14543001e+00,   1.05218765e+00, 
          -8.14714579e-01,  -3.05710147e-01,  -1.74531477e+00,  -3.64151538e-01,  -2.09140760e-01, 
           2.23739053e+00,   6.09477113e-01,   1.16899879e+00,   5.92967924e-01,  -8.17673149e-01, 
          -1.10420428e+00,   4.65350290e-01,   2.11023040e-03,   8.14863971e-01,   1.08315984e+00, 
          -7.25860590e-02,  -4.59896403e-01,   1.38164252e+00,   5.89336792e-01,   1.34519891e+00, 
          -3.63277304e-01,   9.08232031e-01,   2.05775821e-01,   1.01268871e+00,   2.25900629e-01, 
           1.11195741e+00,   1.46383492e+00,   1.15712737e+00,   1.37285918e+00,  -3.27123406e-01, 
           2.10121867e+00,   3.63728898e-01,  -9.64451543e-01,   7.50304023e-02,   2.26045537e+00, 
          -1.07848463e-01,  -5.55058232e-01,   6.46210385e-01,  -3.82173868e-01,   1.02724203e+00, 
           4.75226625e-01,   2.63486832e-01,  -1.87720616e-01,   2.66714045e+00,  -1.37046410e-01, 
          -9.47273326e-01,  -2.21070556e+00,   5.16910020e-01,  -1.00019802e+00,  -6.10344773e-01, 
          -1.23626760e-01,  -7.78025616e-01,   3.54873800e-01,   1.32409224e+00,  -4.96383871e-01, 
          -8.45650299e-01,  -7.06777204e-01,   7.74296088e-01,   5.40594697e-01,  -2.35323920e+00, 
           1.10574355e+00,  -2.71490739e-01,   3.89486537e-01,  -2.25716891e+00,   1.08161436e+00, 
          -7.61396029e-01,  -6.43902282e-01,   2.07071361e-01,  -1.24311778e+00,   1.66718154e+00, 
          -1.12540846e+00,   4.04848060e-01,   9.82172410e-01,  -2.22704668e-01,  -4.41651091e-01, 
           8.11339257e-01,  -1.71211605e+00,  -6.16208091e-02,   8.56110168e-01,   5.66390166e-01, 
           6.39785155e-01,   1.39973994e+00,  -6.88244744e-01,   2.42634138e+00,   3.24544610e-01, 
           4.48313772e-01,   7.45142689e-01,  -7.23045807e-02,   1.83704141e-01,  -1.47171323e+00, 
          -7.09077372e-01,  -6.01038702e-01,  -8.75281454e-01,   5.13919915e-01,  -6.60822470e-01, 
          -1.43487765e+00,   7.49938057e-01,   2.83635875e-01,   3.07045512e-01,   1.48936195e+00, 
          -2.17046249e-01,   2.04101206e+00,   6.02181940e-01,  -1.78421830e-01,  -8.17580831e-01, 
           6.13386299e-01,   1.46247756e-01,  -1.42514706e+00,  -1.93940896e+00,  -8.65275710e-01, 
           1.47462311e-01,  -4.02301576e-01,  -9.63675890e-01,  -1.84120948e+00,   8.14102917e-01, 
           3.80760496e-01,   3.25900148e-01,  -4.87843594e-01,  -1.03508268e+00,   3.57676231e-01, 
          -6.47622001e-01,   2.14181936e+00,  -3.34827796e-01,  -8.07284435e-01,  -8.49708166e-01, 
          -8.31736592e-01,   6.33904552e-01,   4.35249821e-01,  -9.13698624e-01,  -2.96290563e-01, 
           3.77906357e-02,  -1.16936544e+00,  -3.14920460e-03,  -1.18537362e+00,   2.99624644e-01, 
           1.76247250e+00,  -6.49375825e-01,  -1.89211809e-01,  -1.00974570e+00,   1.47455608e+00, 
           1.72728137e+00,   2.18072141e+00,  -7.62571173e-01,  -1.23504812e+00,   2.14290218e-01, 
          -7.46888683e-01,   5.53627395e-01,  -7.82076567e-03,   1.56933507e+00,   1.07155739e+00, 
          -6.42903166e-01,  -9.85900335e-01,  -6.31873346e-01,  -9.85430080e-01,   3.97933623e-01, 
          -2.07587828e+00,   2.76612669e-01,  -1.22060249e+00,  -2.25139829e-01,   1.80572908e+00, 
          -5.58028004e-01,  -8.45859723e-01,  -1.30829100e+00,  -1.65904870e+00,  -9.78603426e-01, 
          -3.70256932e-01,   6.40194479e-01,   1.29842617e+00,   5.79764541e-01,  -2.18955795e+00, 
          -6.34491122e-01,   2.83457214e-01,   2.71316544e-01,   5.79996139e-01,  -1.90426727e+00, 
          -2.20898199e+00,   5.67839219e-01,  -1.04623710e+00,   1.01192986e+00,   1.18567472e+00, 
          -1.73342893e+00,  -2.65618016e+00,   3.03138568e-01,  -1.02196040e+00,  -2.21750759e-01, 
          -1.72682912e+00,  -1.23679339e+00,   3.32640475e-01,  -4.60601000e-01,  -7.81932128e-02, 
           4.11906483e+00,  -1.89283131e+00,  -3.88776684e-01,   1.80199833e+00,   1.96404455e+00, 
           3.43852965e-01,  -6.23609543e-01,   1.81733087e-01,   5.72130123e-01,   1.20715657e+00, 
          -9.16486162e-01,  -5.61833245e-01,   1.67641549e-01,  -1.75329878e+00,   2.02727673e+00, 
          -2.28164354e-01,   8.44422552e-01,  -1.51806276e+00,   1.11571422e+00,  -6.35541493e-01, 
          -7.89951282e-02,   4.72008590e-01,  -8.35642565e-01,   3.68813724e-01,  -7.06411185e-01, 
          -2.06091646e-01,   1.16843231e+00,   2.22169824e+00,  -2.13768098e+00,   2.32776602e-01, 
           2.52900016e-01,  -1.14185849e+00,   1.66528537e-01,   1.98871626e+00,   6.88624657e-01, 
           1.86755853e-01,  -2.60746884e-01,   2.14480822e-01,   5.74795125e-01,  -1.38808062e-01, 
           6.23677175e-01,  -2.74784978e+00,  -8.37018300e-02,  -3.22071295e-01,   3.66767660e-01, 
          -8.23091717e-01,  -7.47733613e-02,   1.51128334e+00,  -1.74266371e+00,  -2.99285140e-01, 
          -5.11163366e-01,   6.42039600e-01,   2.76048507e-01,  -7.37616832e-01,   1.22339395e+00, 
          -2.67566663e-01,  -7.51730239e-02,   2.01868691e-01,   7.07868632e-01,  -1.21711787e+00, 
          -1.85687375e+00,   1.05200890e+00,   1.47295756e+00,   2.54890967e-01,  -1.24936980e+00, 
          -2.57051185e+00,   3.98733877e-01,  -7.23513377e-01,   1.21540059e+00,   8.12283422e-01, 
           1.65554595e+00,  -1.17091747e+00,   1.34992672e-01,  -1.26490262e+00,   1.90743067e+00, 
           1.26996550e+00,   6.84984124e-01,  -2.42826181e+00,   5.82274924e-01,  -6.03997807e-02, 
          -2.34897259e-01,  -2.82126477e+00,   6.99213914e-01,  -6.24173822e-01,   9.13698195e-01, 
           2.30096444e+00,  -7.69519522e-01,  -2.05936269e+00,  -5.04623275e-01,   9.51572220e-01, 
          -1.04990530e+00,   9.29427177e-01,  -1.00119016e+00,   5.58533219e-01,  -1.96190366e+00, 
          -2.19649662e+00,   2.76351981e-01,   1.00882502e+00,   1.77184378e+00,   1.52844587e+00, 
          -6.11090570e-01,   8.38972820e-01,  -1.19408219e+00,   1.09833108e+00,   1.79335203e+00, 
           9.50652921e-01,   2.03016606e-01,  -7.05328950e-01,   2.63976431e+00,   1.32128813e+00, 
          -3.26324584e-01,  -6.03144462e-01,  -1.15795682e+00,  -2.84347500e-01,  -2.70637624e+00, 
           8.99588322e-01,   1.16243638e+00,   6.23042073e-01,  -1.05633172e+00,   7.74870856e-01, 
           1.11703946e+00,   7.31498949e-01,   4.88889866e-02,   5.18543386e-01,  -1.15303239e-01, 
          -3.72740004e-01,   7.18707005e-01,  -1.10160673e-02,  -3.42219376e-01,  -4.07108891e-01, 
           1.46297984e+00,   2.21343521e+00,   1.36672760e+00,  -1.42677666e+00,  -1.53701751e+00, 
           1.20834078e+00,   5.34986888e-01,  -1.09136550e-01,   4.83101030e-01,   7.86715435e-01, 
           1.04015999e-01,   6.21976525e-01,  -2.08139696e+00,   6.95530731e-01,   1.03483749e+00, 
          -1.35308249e+00,   4.56603819e-02,  -2.25926466e-01,   2.43326854e-01,   6.16818669e-01, 
           6.94683652e-02,  -2.33814385e-01,  -2.22136024e+00,   1.86899901e+00,   1.10748320e+00, 
           1.16927626e+00,  -2.45241826e+00,   1.27914126e+00,   1.60261128e+00,  -1.94906569e+00, 
           1.97845616e+00,  -4.46554806e-01,  -8.02072809e-01,  -1.96479219e+00,   3.59615459e-01, 
          -5.74916548e-01,  -1.86520891e-01,   1.24436447e+00,  -7.48666778e-01,  -2.45964718e+00, 
          -2.48723344e-01,   1.49576775e+00,   1.18547459e-01,  -1.24812482e+00,   1.65059802e+00, 
          -8.75251737e-01,  -3.00917161e+00,  -9.70460069e-01,  -6.87370120e-01,  -1.39008336e+00, 
          -4.98646683e-01,   1.53959956e+00,   1.34417230e+00,   7.25609309e-01,  -7.97696169e-01, 
          -8.26531057e-01,  -2.73695934e+00,   2.27172885e+00,   1.58063398e-01,  -5.75734209e-01, 
          -1.20968554e+00,   8.79594164e-01,  -1.97505063e-01,   6.07633769e-01,  -5.23534759e-01, 
           5.39579521e-01,  -1.43180248e+00,  -1.31573180e+00,   2.06689061e-01,   8.44228287e-01, 
           1.01539177e-01,   8.50313924e-01,   1.13773193e+00,  -6.09337003e-01,   1.22573408e+00, 
           1.60308325e+00,  -3.58368736e+00,  -1.44948284e+00,  -1.41743392e+00,  -5.61340107e-01, 
          -9.68290606e-01,  -2.02739053e+00,   2.71090499e-01,   2.51806453e+00,  -9.34553301e-02, 
           5.98489523e-01,   1.00383713e-01,   1.47096663e+00,  -1.87702008e+00,  -9.71287935e-01, 
           1.36813300e+00,  -1.05133427e-01,  -7.45511518e-01,   1.15482681e-02,   7.41538344e-01, 
           4.89211699e-01,   1.78611375e-01,  -3.22591658e-01,  -6.62753734e-01,  -6.79941629e-01, 
          -1.56662518e+00,  -1.30972025e+00,  -9.95839674e-01,   5.78534201e-01,  -3.55251735e-01, 
          -4.20144708e-02,   2.11099051e-01,  -1.37500178e+00,   3.05860052e-01,   2.39801447e+00, 
           1.06806434e-01,  -4.31891309e-02,  -5.92778723e-01,  -2.33810000e-01,   2.73379933e-01, 
          -8.91777478e-01,  -5.54188105e-01,  -7.29232486e-01,  -2.61636425e-02,  -2.56123061e+00, 
          -1.82546639e+00 ]
      </p>
      <m shape='(108)'>
       [   3.67494322e+03,   3.67494322e+03,   3.67494322e+03,   3.67494322e+03,   3.67494322e+03, 
           3.67494322e+03,   3.67494322e+03,   3.67494322e+03,   3.67494322e+03,   3.67494322e+03, 
           3.67494322e+03,   3.67494322e+03,   3.67494322e+03,   3.67494322e+03,   3.67494322e+03, 
           3.67494322e+03,   3.67494322e+03,   3.67494322e+03,   3.67494322e+03,   3.67494322e+03, 
           3.67494322e+03,   3.67494322e+03,   3.67494322e+03,   3.67494322e+03,   3.67494322e+03, 
           3.67494322e+03,   3.67494322e+03,   3.67494322e+03,   3.67494322e+03,   3.67494322e+03, 
           3.67494322e+03,   3.67494322e+03,   3.67494322e+03,   3.67494322e+03,   3.67494322e+03, 
           3.67494322e+03,   3.67494322e+03,   3.67494322e+03,   3.67494322e+03,   3.67494322e+03, 
           3.67494322e+03,   3.67494322e+03,   3.67494322e+03,   3.67494322e+03,   3.67494322e+03, 
           3.67494322e+03,   3.67494322e+03,   3.67494322e+03,   3.67494322e+03,   3.67494322e+03, 
           3.67494322e+03,   3.67494322e+03,   3.67494322e+03,   3.67494322e+03,   3.67494322e+03, 
           3.67494322e+03,   3.67494322e+03,   3.67494322e+03,   3.67494322e+03,   3.67494322e+03, 
           3.67494322e+03,   3.67494322e+03,   3.67494322e+03,   3.67494322e+03,   3.67494322e+03, 
           3.67494322e+03,   3.67494322e+03,   3.67494322e+03,   3.67494322e+03,   3.67494322e+03, 
           3.67494322e+03,   3.67494322e+03,   3.67494322e+03,   3.67494322e+03,   3.67494322e+03, 
           3.67494322e+03,   3.67494322e+03,   3.67494322e+03,   3.67494322e+03,   3.67494322e+03, 
           3.67494322e+03,   3.67494322e+03,   3.67494322e+03,   3.67494322e+03,   3.67494322e+03, 
           3.67494322e+03,   3.67494322e+03,   3.67494322e+03,   3.67494322e+03,   3.67494322e+03, 
           3.67494322e+03,   3.67494322e+03,   3.67494322e+03,   3.67494322e+03,   3.67494322e+03, 
           3.67494322e+03,   3.67494322e+03,   3.67494322e+03,   3.67494322e+03,   3.67494322e+03, 
           3.67494322e+03,   3.67494322e+03,   3.67494322e+03,   3.67494322e+03,   3.67494322e+03, 
           3.67494322e+03,   3.67494322e+03,   3.67494322e+03 ]
      </m>
      <names shape='(108)'>
       [ H2, H2, H2, H2, H2, 
         H2, H2, H2, H2, H2, 
         H2, H2, H2, H2, H2, 
         H2, H2, H2, H2, H2, 
         H2, H2, H2, H2, H2, 
         H2, H2, H2, H2, H2, 
         H2, H2, H2, H2, H2, 
         H2, H2, H2, H2, H2, 
         H2, H2, H2, H2, H2, 
         H2, H2, H2, H2, H2, 
         H2, H2, H2, H2, H2, 
         H2, H2, H2, H2, H2, 
         H2, H2, H2, H2, H2, 
         H2, H2, H2, H2, H2, 
         H2, H2, H2, H2, H2, 
         H2, H2, H2, H2, H2, 
         H2, H2, H2, H2, H2, 
         H2, H2, H2, H2, H2, 
         H2, H2, H2, H2, H2, 
         H2, H2, H2, H2, H2, 
         H2, H2, H2, H2, H2, 
         H2, H2, H2 ]
      </names>
   </beads>
   <total_steps>5000</total_steps>
   <cell shape='(3, 3)'>
    [   3.37259417e+01,   2.06511833e-15,   2.06511833e-15,   0.00000000e+00,   3.37259417e+01, 
        2.06511833e-15,   0.00000000e+00,   0.00000000e+00,   3.37259417e+01 ]
   </cell>
   <forces>
      <socket>
         <port>31415</port>
      </socket>
   </forces>
   <output prefix=''>
      <properties shape='(6)' filename='tut1.md'>
       [ step, time{picosecond}, conserved{kelvin}, temperature{kelvin}, potential{kelvin}, 
         kinetic_cv{kelvin} ]
      </properties>
      <properties stride='20' shape='(1)' filename='tut1.force'> [ atom_f{piconewton}(atom=0;bead=0) ] </properties>
      <trajectory format='pdb' filename='tut1.pos' stride='100' cell_units='angstrom'>positions{angstrom}</trajectory>
      <checkpoint stride='1000' filename='tut1.checkpoint'>6</checkpoint>
   </output>
   <prng>
      <state shape='(624)'>
       [ 2687888409, 4059721984, 529212847, 1944050140, 549951740, 
         753730274, 4256902940, 3644633819, 1619935418, 2926854959, 
         3845596702, 3377185214, 672656208, 1522275289, 2252162595, 
         3840064745, 4027492069, 3675681571, 2579879846, 1816332499, 
         4032401752, 1911816378, 303445975, 1468438718, 4013747657, 
         1340600813, 2333908485, 2694837801, 4170600699, 2510847348, 
         3039951471, 3744192067, 1926386446, 1272375545, 1414207521, 
         66179398, 4083890893, 4151044133, 576437212, 1676792606, 
         434309634, 1907904212, 552501071, 2721977900, 1774218030, 
         2379944892, 895572049, 964207007, 855123501, 322370220, 
         2071560835, 311075834, 2622627631, 3049706185, 2343013325, 
         68709345, 1862864050, 3480897554, 1688711674, 3849088037, 
         2335410691, 2553458415, 3853338058, 2210199727, 2794071459, 
         2398176951, 3934057850, 1698758425, 1011318686, 1806201471, 
         1034736815, 3855360847, 835665231, 2475925733, 233924796, 
         3024757758, 2198530484, 3673044703, 1249768122, 3962863565, 
         3357863236, 2995035040, 307264231, 726406611, 2449569067, 
         2105792248, 2511154863, 1776943467, 1288186977, 1069459630, 
         4142069906, 2662399901, 2976669074, 3587203732, 2374529826, 
         1425481845, 228954896, 829104572, 3792121363, 2155121068, 
         4012537920, 4004560763, 1828234324, 523136808, 212778594, 
         2400962328, 2941249333, 941934455, 1185399473, 1989697055, 
         3876270640, 2356595322, 2240658826, 1455744954, 1294764103, 
         197281598, 3596260716, 1784450322, 4229237399, 2625160461, 
         3437563840, 99534139, 4231199313, 4186457231, 1356327267, 
         11955050, 694326214, 3281619587, 1501920361, 4047724237, 
         254407815, 1209336385, 2469757968, 3247917043, 467877924, 
         714928015, 1424369871, 2112691093, 961450464, 1302826015, 
         1508195287, 2682046824, 1166405749, 130758490, 669915191, 
         3325468865, 2863429703, 99481154, 2455859519, 3512819878, 
         2058734245, 713709489, 92681358, 1270820689, 2875258344, 
         4089059727, 2319856617, 3246994482, 2375401460, 3526989769, 
         2037481502, 1523778672, 4277357577, 3378312673, 1761280988, 
         385602812, 2806072191, 263793228, 3893867788, 1122562696, 
         3292179677, 196613098, 1412940405, 437753556, 2089537898, 
         3093827021, 2543771523, 2707596589, 4247024898, 423016972, 
         1950202748, 619404510, 1524092033, 2603783903, 1668886628, 
         1610491330, 203643004, 378998824, 3077420296, 1135622483, 
         1741156718, 4043803158, 134627695, 3826076900, 2236198903, 
         1299249975, 1841801847, 1664600294, 3214378313, 4189671272, 
         3480243241, 2314880827, 726164864, 1258895459, 1021877225, 
         57278710, 2540601428, 2729779922, 1740214549, 1640865107, 
         1355185385, 2109593488, 2195506700, 672372257, 2178115007, 
         1875949822, 1689867492, 385658740, 2445406785, 271863064, 
         988127097, 1025468932, 2359419817, 30505704, 3740615491, 
         302654725, 68322970, 3937476624, 1133164597, 2115798914, 
         320399345, 783710429, 2653212426, 3534685928, 1799928422, 
         3374564924, 140092188, 2838741355, 118331603, 3274090979, 
         2536288199, 424964681, 2624886533, 930882804, 2205394448, 
         2184146172, 676812400, 3846276446, 3664199786, 1428020191, 
         174713762, 1742043028, 1988587715, 250315220, 3460710952, 
         518855886, 3301263820, 3376830340, 1924596217, 3991359611, 
         4018324691, 2736101407, 3348220756, 4134954748, 1014806456, 
         811815211, 2969949177, 1648717003, 1095340695, 3941199066, 
         1442177871, 2118024477, 3440070762, 2652513624, 2449760687, 
         3263443330, 2902806218, 3234417117, 1849567332, 947381041, 
         3667048364, 951549915, 3479164436, 3858250612, 331400252, 
         2281345388, 2762215954, 3082365401, 683228175, 3454398927, 
         970279118, 2070406438, 3049304524, 1693733059, 175159517, 
         1769171565, 2762326718, 2494712358, 1596534753, 696283870, 
         2018059673, 92137961, 494184422, 392011733, 1385029818, 
         934252405, 333359117, 3764822796, 1330799844, 1968964095, 
         1099463842, 3602247127, 2198538609, 99239880, 3666952197, 
         1538751175, 687515492, 1759850188, 1784319556, 219306934, 
         3607066683, 3549791334, 1244006176, 3168276190, 2506130029, 
         934365798, 4125460139, 2267772610, 4123099235, 3145641762, 
         2282867996, 947174487, 2735752579, 1153570283, 1214198797, 
         3843855592, 226542409, 1556151146, 2140750114, 173612017, 
         3793649149, 513160329, 1696259753, 2196908248, 4236321655, 
         3978054768, 3076169778, 1237756707, 794294503, 2478806329, 
         3270485108, 21511829, 3648378180, 2173244083, 390728983, 
         1613278496, 245589104, 1871555825, 840092166, 2005126608, 
         2086709055, 346538249, 755528088, 4150217063, 1800593080, 
         2996189003, 223378615, 26641502, 1408725657, 1055486622, 
         2783260926, 2418422845, 1425876347, 2681749907, 689577833, 
         2439224882, 1119191698, 3284738598, 3248369824, 2184806341, 
         3827067703, 1403375638, 2039560728, 2026930258, 1439858255, 
         3646642925, 357706083, 801162144, 200302113, 843383109, 
         3953988752, 803642989, 133507707, 1890262095, 2010928680, 
         153102298, 62155903, 277159866, 3184049271, 3470490419, 
         1263803797, 1744789719, 291191777, 2104793752, 3710673355, 
         690715888, 3985842110, 2609560703, 850539005, 86744360, 
         1737104979, 1863808169, 1774594416, 295814460, 349948339, 
         2998856642, 2965669633, 1901828086, 3978738887, 1547972061, 
         3099911135, 2005717380, 567557764, 4005749125, 2160875982, 
         3708061218, 71131479, 4020136758, 2494015768, 1649237263, 
         3904477723, 398737933, 1060721700, 1863476301, 370356512, 
         3071414126, 2579819024, 1413367122, 2902740002, 111597792, 
         3291486874, 2640531015, 3168695648, 2512654909, 3959449531, 
         2099836667, 1724339088, 1513859793, 1867797563, 72940112, 
         150365030, 2695841664, 1822792143, 1313669546, 2967322181, 
         520611643, 353667991, 2717535171, 3765848346, 388428102, 
         1356267895, 3512676772, 370279636, 3846898162, 230096495, 
         1637173159, 611261822, 1005164736, 269482378, 3515088803, 
         3384787851, 219854487, 3527128574, 1621986556, 2351564858, 
         1464556636, 3969432414, 4241153635, 3481875215, 2028710485, 
         2552303669, 398357876, 502240174, 2783848798, 3029135000, 
         3389310739, 2505116094, 142532114, 3164584552, 2476051612, 
         3402430270, 3909441351, 3427500434, 334653597, 3680534388, 
         994471388, 3554495285, 1194116172, 2229772907, 1080120321, 
         764714490, 2033099135, 14870392, 1699063853, 4063486208, 
         1292743360, 2032090912, 72238972, 161094465, 1452285444, 
         2672671278, 1692937611, 1323803845, 3240748400, 4018998180, 
         747254077, 236045767, 3239449578, 983232024, 3337514013, 
         1251769771, 3333700522, 410670915, 987407435, 2475716801, 
         2872258033, 4098868775, 1252507952, 3804640001, 1349395704, 
         3776831082, 2921973556, 4089719272, 2209056770, 4132418611, 
         1349045766, 1096167788, 946557058, 2742739413, 675697683, 
         981116951, 3762459934, 735892043, 2820765771, 3285067216, 
         2160644040, 3791763118, 3326789900, 4049571064, 2680776632, 
         3569204094, 65929649, 3389067210, 3597945585, 1844146738, 
         2700511765, 329482853, 1760204187, 923334769, 4064120545, 
         3501525441, 185277522, 1241941790, 3591317416, 417403194, 
         1300287444, 568015210, 1937417620, 1293297106, 1132926831, 
         2866724791, 3257502829, 2947848120, 3895316838, 522557077, 
         3227142004, 3090084150, 1099385887, 281296826, 1305525858, 
         4048212751, 1083053479, 1851665893, 2417839863, 1623516667, 
         3571192609, 3711731288, 2688150423, 1385750380, 3001410324, 
         3992036671, 438613795, 1675062808, 126103207, 3806023665, 
         3378609204, 3872710810, 3254661971, 3271656093, 2954958773, 
         2955771203, 943499290, 1783244758, 27256593, 2736330207, 
         2854314347, 1414980118, 3499653814, 2716003330, 1906739972, 
         2097871403, 833490830, 860249641, 1359898654, 681385897, 
         768010275, 1337229341, 2176361026, 1243749829, 2535464086, 
         3587794549, 257320265, 1799338138, 2326145708 ]
      </state>
      <seed>12345</seed>
      <set_pos>432</set_pos>
      <gauss> -8.30560467e-01</gauss>
   </prng>
   <ensemble mode='nvt'>
      <thermostat mode='pile_g'>
         <tau>  1.03353433e+03</tau>
         <ethermo>  2.24648494e-02</ethermo>
      </thermostat>
      <timestep>  4.13413730e+01</timestep>
      <temperature>  7.91703800e-05</temperature>
   </ensemble>
</simulation>
