# Interaction between a chaperonin wall and hydrophobic ("B") beads (h=0.475).
# LAMMPS would crash unless I set the minimum radius to a positive value (not 0)

CH_H0.475
N 1181 R 0.00000000001 5.9

1 0.00000000001 -0.018422088583 0.0
2 0.005 -0.0184221525389 2.55824082873e-05
3 0.01 -0.0184223444081 5.11654127471e-05
4 0.015 -0.018422664195 7.67496107175e-05
5 0.02 -0.0184231119071 0.000102335598797
6 0.025 -0.018423687555 0.000127923973785
7 0.03 -0.0184243911519 0.000153515332637
8 0.035 -0.0184252227143 0.000179110272379
9 0.04 -0.0184261822615 0.000204709390236
10 0.045 -0.0184272698161 0.000230313283607
11 0.05 -0.0184284854033 0.000255922550119
12 0.055 -0.0184298290516 0.000281537787625
13 0.06 -0.0184313007922 0.000307159594253
14 0.065 -0.0184329006595 0.000332788568419
15 0.07 -0.0184346286908 0.000358425308862
16 0.075 -0.0184364849265 0.000384070414671
17 0.08 -0.0184384694099 0.000409724485298
18 0.085 -0.0184405821873 0.000435388120601
19 0.09 -0.018442823308 0.000461061920867
20 0.095 -0.0184451928244 0.000486746486835
21 0.1 -0.0184476907918 0.000512442419724
22 0.105 -0.0184503172686 0.00053815032126
23 0.11 -0.018453072316 0.000563870793707
24 0.115 -0.0184559559985 0.00058960443989
25 0.12 -0.0184589683834 0.000615351863219
26 0.125 -0.0184621095411 0.000641113667723
27 0.13 -0.018465379545 0.000666890458074
28 0.135 -0.0184687784716 0.000692682839612
29 0.14 -0.0184723064004 0.000718491418378
30 0.145 -0.0184759634138 0.000744316801133
31 0.15 -0.0184797495974 0.000770159595394
32 0.155 -0.0184836650398 0.000796020409456
33 0.16 -0.0184877098326 0.000821899852421
34 0.165 -0.0184918840704 0.000847798534223
35 0.17 -0.018496187851 0.000873717065662
36 0.175 -0.0185006212752 0.000899656058423
37 0.18 -0.0185051844467 0.000925616125112
38 0.185 -0.0185098774726 0.000951597879278
39 0.19 -0.0185147004627 0.000977601935442
40 0.195 -0.0185196535301 0.00100362890913
41 0.2 -0.018524736791 0.00102967941688
42 0.205 -0.0185299503645 0.00105575407632
43 0.21 -0.018535294373 0.00108185350613
44 0.215 -0.0185407689419 0.00110797832612
45 0.22 -0.0185463741997 0.00113412915723
46 0.225 -0.0185521102779 0.00116030662158
47 0.23 -0.0185579773113 0.00118651134249
48 0.235 -0.0185639754378 0.00121274394448
49 0.24 -0.0185701047983 0.00123900505337
50 0.245 -0.0185763655369 0.00126529529622
51 0.25 -0.0185827578008 0.00129161530144
52 0.255 -0.0185892817405 0.00131796569874
53 0.26 -0.0185959375095 0.00134434711924
54 0.265 -0.0186027252645 0.00137076019543
55 0.27 -0.0186096451653 0.00139720556125
56 0.275 -0.018616697375 0.00142368385209
57 0.28 -0.0186238820597 0.00145019570482
58 0.285 -0.018631199389 0.00147674175783
59 0.29 -0.0186386495354 0.00150332265107
60 0.295 -0.0186462326747 0.00152993902605
61 0.3 -0.0186539489859 0.00155659152589
62 0.305 -0.0186617986512 0.00158328079535
63 0.31 -0.0186697818562 0.00161000748085
64 0.315 -0.0186778987894 0.00163677223051
65 0.32 -0.018686149643 0.00166357569418
66 0.325 -0.018694534612 0.00169041852345
67 0.33 -0.0187030538949 0.00171730137172
68 0.335 -0.0187117076935 0.0017442248942
69 0.34 -0.0187204962128 0.00177118974793
70 0.345 -0.018729419661 0.00179819659187
71 0.35 -0.0187384782498 0.00182524608685
72 0.355 -0.018747672194 0.00185233889566
73 0.36 -0.018757001712 0.00187947568307
74 0.365 -0.0187664670253 0.00190665711585
75 0.37 -0.0187760683587 0.0019338838628
76 0.375 -0.0187858059405 0.00196115659479
77 0.38 -0.0187956800024 0.00198847598479
78 0.385 -0.0188056907793 0.00201584270792
79 0.39 -0.0188158385095 0.00204325744145
80 0.395 -0.0188261234348 0.00207072086484
81 0.4 -0.0188365458004 0.00209823365979
82 0.405 -0.0188471058549 0.00212579651027
83 0.41 -0.0188578038501 0.00215341010252
84 0.415 -0.0188686400416 0.00218107512514
85 0.42 -0.0188796146882 0.00220879226907
86 0.425 -0.0188907280523 0.00223656222766
87 0.43 -0.0189019803997 0.00226438569667
88 0.435 -0.0189133719996 0.00229226337435
89 0.44 -0.0189249031249 0.00232019596142
90 0.445 -0.0189365740519 0.00234818416114
91 0.45 -0.0189483850604 0.00237622867935
92 0.455 -0.0189603364338 0.00240433022447
93 0.46 -0.0189724284589 0.00243248950756
94 0.465 -0.0189846614263 0.00246070724235
95 0.47 -0.0189970356299 0.00248898414528
96 0.475 -0.0190095513675 0.00251732093553
97 0.48 -0.0190222089403 0.00254571833504
98 0.485 -0.0190350086531 0.00257417706858
99 0.49 -0.0190479508144 0.00260269786377
100 0.495 -0.0190610357364 0.00263128145108
101 0.5 -0.0190742637348 0.00265992856393
102 0.505 -0.0190876351291 0.0026886399387
103 0.51 -0.0191011502425 0.00271741631474
104 0.515 -0.0191148094019 0.00274625843445
105 0.52 -0.0191286129377 0.00277516704329
106 0.525 -0.0191425611844 0.00280414288981
107 0.53 -0.0191566544799 0.00283318672573
108 0.535 -0.0191708931662 0.00286229930593
109 0.54 -0.0191852775888 0.00289148138852
110 0.545 -0.0191998080972 0.00292073373487
111 0.55 -0.0192144850445 0.00295005710962
112 0.555 -0.0192293087879 0.00297945228079
113 0.56 -0.0192442796883 0.00300892001972
114 0.565 -0.0192593981104 0.00303846110121
115 0.57 -0.0192746644228 0.00306807630348
116 0.575 -0.0192900789982 0.00309776640827
117 0.58 -0.0193056422131 0.00312753220084
118 0.585 -0.0193213544477 0.00315737447002
119 0.59 -0.0193372160865 0.00318729400826
120 0.595 -0.0193532275179 0.00321729161167
121 0.6 -0.0193693891341 0.00324736808004
122 0.605 -0.0193857013315 0.00327752421692
123 0.61 -0.0194021645104 0.00330776082963
124 0.615 -0.0194187790753 0.00333807872931
125 0.62 -0.0194355454345 0.00336847873097
126 0.625 -0.0194524640008 0.00339896165353
127 0.63 -0.0194695351906 0.00342952831985
128 0.635 -0.0194867594249 0.00346017955681
129 0.64 -0.0195041371285 0.00349091619529
130 0.645 -0.0195216687306 0.00352173907028
131 0.65 -0.0195393546644 0.00355264902089
132 0.655 -0.0195571953673 0.0035836468904
133 0.66 -0.0195751912812 0.0036147335263
134 0.665 -0.019593342852 0.00364590978035
135 0.67 -0.0196116505298 0.00367717650862
136 0.675 -0.0196301147693 0.00370853457151
137 0.68 -0.0196487360292 0.00373998483385
138 0.685 -0.0196675147727 0.0037715281649
139 0.69 -0.0196864514674 0.00380316543841
140 0.695 -0.0197055465851 0.00383489753267
141 0.7 -0.0197248006022 0.00386672533057
142 0.705 -0.0197442139994 0.00389864971962
143 0.71 -0.0197637872619 0.00393067159203
144 0.715 -0.0197835208793 0.00396279184472
145 0.72 -0.0198034153458 0.00399501137941
146 0.725 -0.0198234711601 0.00402733110266
147 0.73 -0.0198436888254 0.00405975192588
148 0.735 -0.0198640688494 0.00409227476545
149 0.74 -0.0198846117446 0.00412490054269
150 0.745 -0.0199053180279 0.004157630184
151 0.75 -0.0199261882211 0.00419046462082
152 0.755 -0.0199472228503 0.00422340478976
153 0.76 -0.0199684224468 0.00425645163261
154 0.765 -0.019989787546 0.00428960609639
155 0.77 -0.0200113186887 0.00432286913342
156 0.775 -0.0200330164199 0.00435624170138
157 0.78 -0.0200548812898 0.00438972476334
158 0.785 -0.0200769138533 0.00442331928783
159 0.79 -0.0200991146701 0.00445702624889
160 0.795 -0.0201214843048 0.00449084662613
161 0.8 -0.020144023327 0.00452478140479
162 0.805 -0.0201667323112 0.00455883157576
163 0.81 -0.0201896118368 0.0045929981357
164 0.815 -0.0202126624882 0.00462728208704
165 0.82 -0.020235884855 0.00466168443808
166 0.825 -0.0202592795316 0.00469620620299
167 0.83 -0.0202828471177 0.00473084840195
168 0.835 -0.0203065882181 0.00476561206114
169 0.84 -0.0203305034425 0.00480049821283
170 0.845 -0.0203545934061 0.00483550789544
171 0.85 -0.0203788587291 0.00487064215359
172 0.855 -0.020403300037 0.00490590203817
173 0.86 -0.0204279179606 0.00494128860638
174 0.865 -0.020452713136 0.00497680292184
175 0.87 -0.0204776862045 0.00501244605461
176 0.875 -0.020502837813 0.00504821908124
177 0.88 -0.0205281686136 0.00508412308491
178 0.885 -0.020553679264 0.00512015915539
179 0.89 -0.0205793704271 0.0051563283892
180 0.895 -0.0206052427716 0.0051926318896
181 0.9 -0.0206312969716 0.00522907076671
182 0.905 -0.0206575337068 0.00526564613755
183 0.91 -0.0206839536624 0.00530235912611
184 0.915 -0.0207105575293 0.00533921086343
185 0.92 -0.0207373460042 0.00537620248763
186 0.925 -0.0207643197892 0.00541333514403
187 0.93 -0.0207914795926 0.0054506099852
188 0.935 -0.020818826128 0.00548802817101
189 0.94 -0.0208463601151 0.00552559086871
190 0.945 -0.0208740822795 0.00556329925304
191 0.95 -0.0209019933525 0.00560115450624
192 0.955 -0.0209300940713 0.00563915781816
193 0.96 -0.0209583851794 0.00567731038631
194 0.965 -0.020986867426 0.00571561341599
195 0.97 -0.0210155415663 0.00575406812027
196 0.975 -0.021044408362 0.00579267572016
197 0.98 -0.0210734685804 0.00583143744461
198 0.985 -0.0211027229954 0.00587035453065
199 0.99 -0.0211321723867 0.00590942822342
200 0.995 -0.0211618175407 0.00594865977625
201 1.0 -0.0211916592497 0.00598805045079
202 1.005 -0.0212216983125 0.00602760151701
203 1.01 -0.0212519355343 0.00606731425336
204 1.015 -0.0212823717267 0.00610718994679
205 1.02 -0.0213130077075 0.00614722989286
206 1.025 -0.0213438443015 0.00618743539581
207 1.03 -0.0213748823396 0.00622780776866
208 1.035 -0.0214061226595 0.00626834833326
209 1.04 -0.0214375661055 0.00630905842043
210 1.045 -0.0214692135285 0.00634993936999
211 1.05 -0.0215010657862 0.00639099253086
212 1.055 -0.0215331237431 0.00643221926118
213 1.06 -0.0215653882704 0.00647362092835
214 1.065 -0.0215978602462 0.00651519890914
215 1.07 -0.0216305405556 0.0065569545898
216 1.075 -0.0216634300906 0.00659888936611
217 1.08 -0.0216965297501 0.00664100464349
218 1.085 -0.0217298404402 0.00668330183711
219 1.09 -0.0217633630741 0.00672578237194
220 1.095 -0.0217970985719 0.00676844768288
221 1.1 -0.0218310478613 0.00681129921484
222 1.105 -0.0218652118769 0.00685433842285
223 1.11 -0.0218995915607 0.00689756677211
224 1.115 -0.0219341878623 0.00694098573816
225 1.12 -0.0219690017383 0.0069845968069
226 1.125 -0.022004034153 0.00702840147476
227 1.13 -0.0220392860782 0.00707240124874
228 1.135 -0.0220747584932 0.00711659764655
229 1.14 -0.0221104523849 0.00716099219671
230 1.145 -0.022146368748 0.00720558643861
231 1.15 -0.0221825085847 0.00725038192267
232 1.155 -0.0222188729052 0.00729538021041
233 1.16 -0.0222554627274 0.00734058287457
234 1.165 -0.0222922790772 0.0073859914992
235 1.17 -0.0223293229884 0.0074316076798
236 1.175 -0.0223665955026 0.0074774330234
237 1.18 -0.0224040976699 0.00752346914866
238 1.185 -0.0224418305481 0.00756971768601
239 1.19 -0.0224797952035 0.00761618027777
240 1.195 -0.0225179927104 0.00766285857821
241 1.2 -0.0225564241516 0.00770975425373
242 1.205 -0.0225950906181 0.00775686898291
243 1.21 -0.0226339932093 0.00780420445668
244 1.215 -0.0226731330334 0.00785176237842
245 1.22 -0.0227125112067 0.00789954446406
246 1.225 -0.0227521288545 0.00794755244222
247 1.23 -0.0227919871105 0.00799578805433
248 1.235 -0.0228320871174 0.00804425305474
249 1.24 -0.0228724300263 0.00809294921086
250 1.245 -0.0229130169977 0.00814187830327
251 1.25 -0.0229538492006 0.00819104212586
252 1.255 -0.0229949278132 0.00824044248594
253 1.26 -0.0230362540227 0.00829008120437
254 1.265 -0.0230778290255 0.00833996011571
255 1.27 -0.0231196540273 0.00839008106834
256 1.275 -0.0231617302427 0.00844044592457
257 1.28 -0.0232040588961 0.00849105656081
258 1.285 -0.0232466412211 0.00854191486768
259 1.29 -0.0232894784608 0.00859302275016
260 1.295 -0.0233325718678 0.00864438212772
261 1.3 -0.0233759227044 0.00869599493446
262 1.305 -0.0234195322428 0.00874786311924
263 1.31 -0.0234634017645 0.00879998864585
264 1.315 -0.0235075325614 0.00885237349313
265 1.32 -0.023551925935 0.00890501965511
266 1.325 -0.0235965831968 0.00895792914117
267 1.33 -0.0236415056686 0.00901110397621
268 1.335 -0.0236866946822 0.00906454620074
269 1.34 -0.0237321515797 0.00911825787107
270 1.345 -0.0237778777135 0.00917224105947
271 1.35 -0.0238238744463 0.00922649785429
272 1.355 -0.0238701431515 0.00928103036016
273 1.36 -0.023916685213 0.00933584069811
274 1.365 -0.0239635020251 0.00939093100572
275 1.37 -0.0240105949932 0.00944630343733
276 1.375 -0.0240579655333 0.00950196016416
277 1.38 -0.0241056150724 0.00955790337448
278 1.385 -0.0241535450482 0.00961413527379
279 1.39 -0.0242017569099 0.00967065808498
280 1.395 -0.0242502521177 0.00972747404847
281 1.4 -0.0242990321428 0.00978458542245
282 1.405 -0.024348098468 0.00984199448296
283 1.41 -0.0243974525876 0.00989970352414
284 1.415 -0.0244470960071 0.00995771485838
285 1.42 -0.0244970302439 0.0100160308165
286 1.425 -0.0245472568269 0.0100746537479
287 1.43 -0.0245977772969 0.0101335860207
288 1.435 -0.0246485932066 0.0101928300222
289 1.44 -0.0246997061207 0.0102523881586
290 1.445 -0.0247511176158 0.0103122628557
291 1.45 -0.0248028292809 0.0103724565585
292 1.455 -0.0248548427172 0.010432971732
293 1.46 -0.0249071595382 0.0104938108611
294 1.465 -0.0249597813699 0.0105549764506
295 1.47 -0.025012709851 0.0106164710259
296 1.475 -0.0250659466327 0.0106782971325
297 1.48 -0.0251194933791 0.010740457337
298 1.485 -0.0251733517672 0.0108029542267
299 1.49 -0.0252275234869 0.0108657904101
300 1.495 -0.0252820102412 0.010928968517
301 1.5 -0.0253368137464 0.0109924911986
302 1.505 -0.0253919357319 0.0110563611281
303 1.51 -0.0254473779409 0.0111205810005
304 1.515 -0.0255031421297 0.0111851535329
305 1.52 -0.0255592300685 0.0112500814649
306 1.525 -0.0256156435413 0.0113153675588
307 1.53 -0.0256723843457 0.0113810145995
308 1.535 -0.0257294542935 0.0114470253952
309 1.54 -0.0257868552106 0.0115134027773
310 1.545 -0.025844588937 0.0115801496006
311 1.55 -0.0259026573272 0.0116472687439
312 1.555 -0.0259610622498 0.0117147631099
313 1.56 -0.0260198055885 0.0117826356253
314 1.565 -0.0260788892413 0.0118508892417
315 1.57 -0.0261383151211 0.011919526935
316 1.575 -0.0261980851557 0.0119885517064
317 1.58 -0.0262582012883 0.0120579665821
318 1.585 -0.0263186654768 0.0121277746138
319 1.59 -0.0263794796948 0.012197978879
320 1.595 -0.0264406459312 0.012268582481
321 1.6 -0.0265021661904 0.0123395885496
322 1.605 -0.0265640424927 0.012411000241
323 1.61 -0.0266262768742 0.0124828207379
324 1.615 -0.0266888713868 0.0125550532504
325 1.62 -0.0267518280987 0.0126277010158
326 1.625 -0.0268151490945 0.0127007672988
327 1.63 -0.0268788364747 0.0127742553922
328 1.635 -0.0269428923569 0.0128481686167
329 1.64 -0.027007318875 0.0129225103217
330 1.645 -0.0270721181799 0.0129972838851
331 1.65 -0.0271372924393 0.0130724927139
332 1.655 -0.0272028438382 0.0131481402442
333 1.66 -0.0272687745787 0.0132242299421
334 1.665 -0.0273350868804 0.0133007653031
335 1.67 -0.0274017829804 0.0133777498532
336 1.675 -0.0274688651335 0.0134551871488
337 1.68 -0.0275363356124 0.0135330807772
338 1.685 -0.0276041967079 0.0136114343567
339 1.69 -0.0276724507287 0.0136902515371
340 1.695 -0.027741100002 0.0137695359999
341 1.7 -0.0278101468737 0.0138492914588
342 1.705 -0.0278795937079 0.0139295216598
343 1.71 -0.0279494428878 0.0140102303818
344 1.715 -0.0280196968156 0.0140914214365
345 1.72 -0.0280903579125 0.0141730986693
346 1.725 -0.028161428619 0.0142552659592
347 1.73 -0.0282329113953 0.0143379272194
348 1.735 -0.0283048087211 0.0144210863974
349 1.74 -0.0283771230958 0.0145047474758
350 1.745 -0.028449857039 0.0145889144721
351 1.75 -0.0285230130905 0.0146735914394
352 1.755 -0.0285965938102 0.0147587824667
353 1.76 -0.0286706017788 0.0148444916794
354 1.765 -0.0287450395976 0.0149307232394
355 1.77 -0.0288199098888 0.0150174813458
356 1.775 -0.0288952152957 0.0151047702347
357 1.78 -0.0289709584829 0.0151925941806
358 1.785 -0.0290471421364 0.0152809574956
359 1.79 -0.029123768964 0.0153698645308
360 1.795 -0.0292008416952 0.0154593196762
361 1.8 -0.0292783630817 0.0155493273611
362 1.805 -0.0293563358972 0.0156398920546
363 1.81 -0.0294347629381 0.0157310182661
364 1.815 -0.0295136470233 0.0158227105457
365 1.82 -0.0295929909946 0.0159149734844
366 1.825 -0.029672797717 0.0160078117148
367 1.83 -0.0297530700784 0.0161012299115
368 1.835 -0.0298338109905 0.0161952327913
369 1.84 -0.0299150233887 0.016289825114
370 1.845 -0.0299967102321 0.0163850116825
371 1.85 -0.030078874504 0.0164807973437
372 1.855 -0.0301615192122 0.0165771869883
373 1.86 -0.0302446473888 0.016674185552
374 1.865 -0.0303282620908 0.0167717980155
375 1.87 -0.0304123664005 0.0168700294049
376 1.875 -0.0304969634249 0.0169688847928
377 1.88 -0.0305820562969 0.0170683692981
378 1.885 -0.030667648175 0.0171684880868
379 1.89 -0.0307537422436 0.0172692463725
380 1.895 -0.0308403417133 0.0173706494169
381 1.9 -0.0309274498212 0.0174727025303
382 1.905 -0.031015069831 0.017575411072
383 1.91 -0.0311032050333 0.017678780451
384 1.915 -0.031191858746 0.0177828161266
385 1.92 -0.0312810343143 0.0178875236086
386 1.925 -0.031370735111 0.0179929084582
387 1.93 -0.0314609645372 0.0180989762881
388 1.935 -0.0315517260217 0.0182057327638
389 1.94 -0.0316430230221 0.0183131836033
390 1.945 -0.0317348590246 0.0184213345784
391 1.95 -0.0318272375444 0.0185301915148
392 1.955 -0.0319201621261 0.0186397602927
393 1.96 -0.0320136363437 0.0187500468479
394 1.965 -0.0321076638009 0.0188610571717
395 1.97 -0.0322022481317 0.018972797312
396 1.975 -0.0322973930005 0.0190852733736
397 1.98 -0.0323931021023 0.0191984915193
398 1.985 -0.0324893791629 0.0193124579697
399 1.99 -0.0325862279396 0.0194271790047
400 1.995 -0.0326836522212 0.0195426609637
401 2.0 -0.0327816558281 0.0196589102462
402 2.005 -0.0328802426133 0.0197759333127
403 2.01 -0.0329794164618 0.0198937366852
404 2.015 -0.0330791812916 0.0200123269477
405 2.02 -0.0331795410538 0.0201317107476
406 2.025 -0.0332804997328 0.0202518947953
407 2.03 -0.0333820613468 0.020372885866
408 2.035 -0.0334842299479 0.0204946907995
409 2.04 -0.0335870096227 0.0206173165015
410 2.045 -0.0336904044925 0.0207407699441
411 2.05 -0.0337944187135 0.0208650581666
412 2.055 -0.0338990564773 0.020990188276
413 2.06 -0.0340043220113 0.0211161674483
414 2.065 -0.0341102195789 0.0212430029286
415 2.07 -0.03421675348 0.0213707020324
416 2.075 -0.0343239280509 0.0214992721461
417 2.08 -0.0344317476655 0.0216287207278
418 2.085 -0.0345402167349 0.0217590553081
419 2.09 -0.034649339708 0.0218902834912
420 2.095 -0.0347591210719 0.0220224129553
421 2.1 -0.0348695653526 0.0221554514537
422 2.105 -0.0349806771146 0.0222894068153
423 2.11 -0.035092460962 0.0224242869461
424 2.115 -0.0352049215386 0.0225600998293
425 2.12 -0.0353180635283 0.0226968535268
426 2.125 -0.0354318916555 0.0228345561796
427 2.13 -0.0355464106854 0.022973216009
428 2.135 -0.0356616254247 0.0231128413174
429 2.14 -0.0357775407217 0.0232534404893
430 2.145 -0.0358941614668 0.0233950219919
431 2.15 -0.036011492593 0.0235375943765
432 2.155 -0.0361295390764 0.0236811662793
433 2.16 -0.0362483059362 0.0238257464221
434 2.165 -0.0363677982357 0.0239713436135
435 2.17 -0.0364880210823 0.0241179667499
436 2.175 -0.0366089796281 0.0242656248166
437 2.18 -0.0367306790704 0.0244143268884
438 2.185 -0.0368531246523 0.0245640821311
439 2.19 -0.0369763216625 0.0247148998022
440 2.195 -0.0371002754366 0.0248667892521
441 2.2 -0.037224991357 0.0250197599252
442 2.205 -0.0373504748537 0.0251738213609
443 2.21 -0.0374767314046 0.0253289831948
444 2.215 -0.0376037665359 0.0254852551594
445 2.22 -0.0377315858228 0.0256426470859
446 2.225 -0.0378601948899 0.0258011689049
447 2.23 -0.0379895994117 0.0259608306473
448 2.235 -0.0381198051131 0.0261216424461
449 2.24 -0.03825081777 0.0262836145373
450 2.245 -0.0383826432096 0.0264467572608
451 2.25 -0.0385152873111 0.026611081062
452 2.255 -0.0386487560062 0.0267765964928
453 2.26 -0.0387830552798 0.026943314213
454 2.265 -0.0389181911701 0.0271112449915
455 2.27 -0.0390541697696 0.0272803997074
456 2.275 -0.0391909972254 0.0274507893516
457 2.28 -0.0393286797398 0.0276224250278
458 2.285 -0.0394672235711 0.0277953179541
459 2.29 -0.0396066350337 0.027969479464
460 2.295 -0.0397469204991 0.0281449210082
461 2.3 -0.0398880863964 0.0283216541556
462 2.305 -0.0400301392128 0.0284996905948
463 2.31 -0.0401730854942 0.0286790421356
464 2.315 -0.0403169318459 0.0288597207103
465 2.32 -0.0404616849331 0.0290417383752
466 2.325 -0.0406073514818 0.0292251073121
467 2.33 -0.0407539382789 0.0294098398298
468 2.335 -0.0409014521734 0.0295959483656
469 2.34 -0.0410499000768 0.0297834454867
470 2.345 -0.0411992889637 0.0299723438918
471 2.35 -0.0413496258726 0.0301626564128
472 2.355 -0.0415009179063 0.0303543960162
473 2.36 -0.0416531722331 0.030547575805
474 2.365 -0.0418063960867 0.0307422090198
475 2.37 -0.0419605967679 0.0309383090411
476 2.375 -0.0421157816444 0.0311358893905
477 2.38 -0.0422719581518 0.0313349637324
478 2.385 -0.0424291337947 0.031535545876
479 2.39 -0.0425873161468 0.0317376497771
480 2.395 -0.0427465128522 0.0319412895392
481 2.4 -0.0429067316257 0.0321464794162
482 2.405 -0.0430679802539 0.0323532338136
483 2.41 -0.0432302665957 0.0325615672902
484 2.415 -0.0433935985831 0.0327714945608
485 2.42 -0.0435579842224 0.0329830304972
486 2.425 -0.0437234315942 0.0331961901304
487 2.43 -0.0438899488551 0.0334109886528
488 2.435 -0.0440575442378 0.0336274414198
489 2.44 -0.0442262260523 0.0338455639519
490 2.445 -0.0443960026864 0.0340653719371
491 2.45 -0.0445668826072 0.034286881232
492 2.455 -0.044738874361 0.0345101078651
493 2.46 -0.044911986575 0.0347350680378
494 2.465 -0.0450862279579 0.0349617781271
495 2.47 -0.0452616073004 0.0351902546879
496 2.475 -0.0454381334767 0.0354205144546
497 2.48 -0.0456158154451 0.0356525743439
498 2.485 -0.0457946622489 0.0358864514565
499 2.49 -0.0459746830172 0.0361221630801
500 2.495 -0.0461558869663 0.0363597266909
501 2.5 -0.0463382834002 0.0365991599565
502 2.505 -0.0465218817117 0.0368404807381
503 2.51 -0.0467066913835 0.0370837070928
504 2.515 -0.046892721989 0.0373288572762
505 2.52 -0.0470799831934 0.0375759497449
506 2.525 -0.0472684847547 0.0378250031587
507 2.53 -0.0474582365247 0.0380760363836
508 2.535 -0.04764924845 0.0383290684938
509 2.54 -0.0478415305732 0.0385841187751
510 2.545 -0.0480350930339 0.0388412067266
511 2.55 -0.0482299460695 0.0391003520642
512 2.555 -0.0484261000167 0.0393615747229
513 2.56 -0.0486235653125 0.0396248948596
514 2.565 -0.048822352495 0.039890332856
515 2.57 -0.0490224722051 0.0401579093214
516 2.575 -0.0492239351871 0.0404276450956
517 2.58 -0.04942675229 0.0406995612517
518 2.585 -0.0496309344691 0.0409736790992
519 2.59 -0.0498364927864 0.0412500201869
520 2.595 -0.0500434384127 0.0415286063059
521 2.6 -0.0502517826279 0.0418094594931
522 2.605 -0.0504615368232 0.0420926020336
523 2.61 -0.0506727125014 0.0423780564645
524 2.615 -0.0508853212789 0.0426658455778
525 2.62 -0.0510993748867 0.0429559924239
526 2.625 -0.0513148851716 0.0432485203146
527 2.63 -0.0515318640975 0.0435434528266
528 2.635 -0.0517503237473 0.043840813805
529 2.64 -0.0519702763232 0.0441406273667
530 2.645 -0.0521917341492 0.0444429179039
531 2.65 -0.0524147096717 0.0447477100876
532 2.655 -0.0526392154611 0.0450550288711
533 2.66 -0.0528652642134 0.045364899494
534 2.665 -0.0530928687516 0.0456773474856
535 2.67 -0.0533220420269 0.0459923986687
536 2.675 -0.0535527971205 0.0463100791636
537 2.68 -0.0537851472447 0.0466304153918
538 2.685 -0.0540191057451 0.0469534340798
539 2.69 -0.0542546861014 0.0472791622635
540 2.695 -0.0544919019292 0.0476076272918
541 2.7 -0.0547307669818 0.0479388568311
542 2.705 -0.0549712951516 0.0482728788689
543 2.71 -0.0552135004718 0.0486097217187
544 2.715 -0.0554573971179 0.0489494140237
545 2.72 -0.0557029994094 0.0492919847616
546 2.725 -0.0559503218117 0.0496374632485
547 2.73 -0.0561993789375 0.049985879144
548 2.735 -0.0564501855488 0.0503372624549
549 2.74 -0.0567027565584 0.0506916435408
550 2.745 -0.0569571070317 0.0510490531179
551 2.75 -0.0572132521888 0.0514095222643
552 2.755 -0.057471207406 0.0517730824244
553 2.76 -0.0577309882178 0.0521397654141
554 2.765 -0.0579926103185 0.0525096034255
555 2.77 -0.0582560895646 0.0528826290321
556 2.775 -0.0585214419764 0.0532588751939
557 2.78 -0.0587886837397 0.0536383752624
558 2.785 -0.0590578312084 0.054021162986
559 2.79 -0.0593289009059 0.0544072725151
560 2.795 -0.0596019095275 0.0547967384078
561 2.8 -0.0598768739422 0.0551895956353
562 2.805 -0.060153811195 0.0555858795873
563 2.81 -0.0604327385089 0.0559856260778
564 2.815 -0.0607136732871 0.0563888713509
565 2.82 -0.0609966331149 0.0567956520862
566 2.825 -0.0612816357622 0.0572060054054
567 2.83 -0.0615686991858 0.0576199688775
568 2.835 -0.0618578415313 0.0580375805256
569 2.84 -0.0621490811355 0.0584588788326
570 2.845 -0.0624424365289 0.0588839027477
571 2.85 -0.062737926438 0.0593126916926
572 2.855 -0.0630355697874 0.059745285568
573 2.86 -0.0633353857025 0.0601817247602
574 2.865 -0.0636373935119 0.0606220501479
575 2.87 -0.0639416127499 0.0610663031085
576 2.875 -0.0642480631587 0.0615145255255
577 2.88 -0.0645567646915 0.061966759795
578 2.885 -0.0648677375146 0.062423048833
579 2.89 -0.0651810020102 0.0628834360827
580 2.895 -0.0654965787791 0.0633479655213
581 2.9 -0.0658144886432 0.0638166816678
582 2.905 -0.0661347526487 0.0642896295906
583 2.91 -0.0664573920681 0.0647668549147
584 2.915 -0.0667824284038 0.0652484038296
585 2.92 -0.0671098833903 0.0657343230973
586 2.925 -0.0674397789975 0.0662246600603
587 2.93 -0.0677721374336 0.0667194626491
588 2.935 -0.0681069811476 0.0672187793915
589 2.94 -0.0684443328329 0.0677226594197
590 2.945 -0.0687842154301 0.0682311524798
591 2.95 -0.06912665213 0.0687443089398
592 2.955 -0.0694716663768 0.0692621797986
593 2.96 -0.0698192818714 0.0697848166948
594 2.965 -0.0701695225743 0.0703122719156
595 2.97 -0.0705224127093 0.0708445984062
596 2.975 -0.0708779767664 0.0713818497788
597 2.98 -0.0712362395056 0.0719240803221
598 2.985 -0.0715972259599 0.0724713450112
599 2.99 -0.0719609614387 0.0730236995168
600 2.995 -0.072327471532 0.0735812002155
601 3.0 -0.072696782113 0.0741439041996
602 3.005 -0.0730689193424 0.0747118692875
603 3.01 -0.0734439096719 0.0752851540336
604 3.015 -0.0738217798477 0.0758638177395
605 3.02 -0.0742025569143 0.076447920464
606 3.025 -0.0745862682187 0.0770375230344
607 3.03 -0.0749729414137 0.0776326870572
608 3.035 -0.0753626044623 0.0782334749297
609 3.04 -0.0757552856414 0.0788399498508
610 3.045 -0.0761510135458 0.0794521758329
611 3.05 -0.0765498170928 0.0800702177136
612 3.055 -0.0769517255256 0.0806941411676
613 3.06 -0.0773567684179 0.0813240127186
614 3.065 -0.0777649756785 0.0819598997517
615 3.07 -0.078176377555 0.0826018705261
616 3.075 -0.0785910046385 0.0832499941874
617 3.08 -0.0790088878683 0.0839043407808
618 3.085 -0.0794300585361 0.0845649812639
619 3.09 -0.0798545482906 0.0852319875201
620 3.095 -0.0802823891422 0.0859054323723
621 3.1 -0.0807136134682 0.0865853895963
622 3.105 -0.0811482540167 0.0872719339348
623 3.11 -0.0815863439122 0.0879651411118
624 3.115 -0.0820279166603 0.0886650878468
625 3.12 -0.0824730061528 0.0893718518691
626 3.125 -0.0829216466724 0.0900855119335
627 3.13 -0.0833738728984 0.0908061478343
628 3.135 -0.0838297199118 0.0915338404215
629 3.14 -0.0842892232003 0.0922686716159
630 3.145 -0.0847524186639 0.0930107244251
631 3.15 -0.0852193426207 0.0937600829595
632 3.155 -0.0856900318117 0.0945168324488
633 3.16 -0.0861645234073 0.0952810592582
634 3.165 -0.0866428550123 0.0960528509057
635 3.17 -0.0871250646721 0.0968322960791
636 3.175 -0.0876111908787 0.0976194846531
637 3.18 -0.0881012725761 0.0984145077076
638 3.185 -0.088595349167 0.0992174575452
639 3.19 -0.0890934605187 0.100028427709
640 3.195 -0.0895956469692 0.100847513004
641 3.2 -0.090101949334 0.10167480951
642 3.205 -0.0906124089119 0.102510414608
643 3.21 -0.0911270674921 0.103354426995
644 3.215 -0.0916459673607 0.104206946703
645 3.22 -0.092169151307 0.105068075125
646 3.225 -0.092696662631 0.105937915029
647 3.23 -0.0932285451499 0.106816570581
648 3.235 -0.0937648432054 0.107704147368
649 3.24 -0.0943056016706 0.108600752417
650 3.245 -0.0948508659574 0.109506494219
651 3.25 -0.0954006820239 0.110421482747
652 3.255 -0.0959550963818 0.111345829486
653 3.26 -0.0965141561041 0.112279647447
654 3.265 -0.0970779088325 0.113223051197
655 3.27 -0.0976464027858 0.11417615688
656 3.275 -0.0982196867674 0.115139082241
657 3.28 -0.0987978101732 0.116111946652
658 3.285 -0.0993808230006 0.117094871132
659 3.29 -0.0999687758558 0.118087978381
660 3.295 -0.100561719963 0.119091392797
661 3.3 -0.101159707172 0.120105240507
662 3.305 -0.10176278997 0.121129649392
663 3.31 -0.102371021484 0.122164749113
664 3.315 -0.102984455498 0.123210671142
665 3.32 -0.103603146455 0.124267548785
666 3.325 -0.10422714947 0.125335517213
667 3.33 -0.10485652034 0.126414713492
668 3.335 -0.10549131555 0.127505276609
669 3.34 -0.106131592286 0.128607347503
670 3.345 -0.106777408443 0.129721069099
671 3.35 -0.107428822636 0.13084658633
672 3.355 -0.10808589421 0.131984046179
673 3.36 -0.10874868325 0.1331335977
674 3.365 -0.109417250592 0.134295392061
675 3.37 -0.110091657831 0.135469582566
676 3.375 -0.110771967337 0.136656324697
677 3.38 -0.11145824226 0.137855776144
678 3.385 -0.112150546547 0.139068096839
679 3.39 -0.112848944948 0.140293448992
680 3.395 -0.11355350303 0.141531997128
681 3.4 -0.11426428719 0.14278390812
682 3.405 -0.114981364665 0.144049351229
683 3.41 -0.115704803542 0.145328498138
684 3.415 -0.116434672776 0.146621522993
685 3.42 -0.117171042196 0.14792860244
686 3.425 -0.117913982523 0.149249915665
687 3.43 -0.118663565378 0.150585644435
688 3.435 -0.1194198633 0.151935973133
689 3.44 -0.120182949755 0.153301088807
690 3.445 -0.120952899149 0.154681181208
691 3.45 -0.121729786849 0.15607644283
692 3.455 -0.122513689185 0.15748706896
693 3.46 -0.123304683476 0.158913257716
694 3.465 -0.124102848035 0.160355210092
695 3.47 -0.124908262189 0.161813130009
696 3.475 -0.125721006292 0.163287224355
697 3.48 -0.12654116174 0.164777703034
698 3.485 -0.127368810984 0.166284779018
699 3.49 -0.128204037552 0.167808668386
700 3.495 -0.129046926056 0.169349590382
701 3.5 -0.129897562214 0.170907767463
702 3.505 -0.130756032865 0.172483425346
703 3.51 -0.131622425984 0.174076793065
704 3.515 -0.132496830699 0.17568810302
705 3.52 -0.13337933731 0.177317591031
706 3.525 -0.134270037305 0.178965496396
707 3.53 -0.135169023375 0.180632061939
708 3.535 -0.136076389435 0.182317534072
709 3.54 -0.136992230643 0.184022162851
710 3.545 -0.137916643414 0.185746202031
711 3.55 -0.138849725443 0.187489909128
712 3.555 -0.13979157572 0.189253545477
713 3.56 -0.140742294555 0.191037376294
714 3.565 -0.141701983589 0.192841670736
715 3.57 -0.142670745823 0.194666701964
716 3.575 -0.143648685632 0.196512747208
717 3.58 -0.144635908787 0.198380087831
718 3.585 -0.145632522478 0.200269009394
719 3.59 -0.146638635332 0.202179801723
720 3.595 -0.147654357437 0.204112758976
721 3.6 -0.148679800361 0.206068179714
722 3.605 -0.149715077178 0.20804636697
723 3.61 -0.150760302487 0.210047628318
724 3.615 -0.151815592438 0.212072275946
725 3.62 -0.152881064752 0.214120626731
726 3.625 -0.153956838746 0.216193002312
727 3.63 -0.15504303536 0.218289729165
728 3.635 -0.156139777175 0.22041113868
729 3.64 -0.157247188445 0.222557567237
730 3.645 -0.158365395115 0.22472935629
731 3.65 -0.159494524853 0.226926852439
732 3.655 -0.160634707071 0.22915040752
733 3.66 -0.161786072954 0.231400378681
734 3.665 -0.162948755488 0.233677128469
735 3.67 -0.164122889483 0.235981024912
736 3.675 -0.165308611604 0.238312441609
737 3.68 -0.166506060398 0.240671757814
738 3.685 -0.167715376323 0.243059358527
739 3.69 -0.168936701775 0.245475634581
740 3.695 -0.170170181122 0.247920982739
741 3.7 -0.171415960727 0.250395805777
742 3.705 -0.172674188986 0.252900512587
743 3.71 -0.173945016351 0.255435518267
744 3.715 -0.175228595368 0.258001244218
745 3.72 -0.176525080706 0.260598118242
746 3.725 -0.177834629188 0.263226574642
747 3.73 -0.179157399824 0.265887054319
748 3.735 -0.180493553849 0.268580004878
749 3.74 -0.181843254748 0.271305880726
750 3.745 -0.1832066683 0.27406514318
751 3.75 -0.184583962604 0.276858260569
752 3.755 -0.185975308122 0.279685708345
753 3.76 -0.187380877709 0.282547969188
754 3.765 -0.188800846652 0.285445533112
755 3.77 -0.190235392708 0.288378897585
756 3.775 -0.191684696137 0.291348567631
757 3.78 -0.193148939747 0.294355055948
758 3.785 -0.194628308927 0.297398883023
759 3.79 -0.196122991689 0.300480577245
760 3.795 -0.197633178705 0.303600675021
761 3.8 -0.199159063352 0.306759720899
762 3.805 -0.200700841749 0.309958267681
763 3.81 -0.202258712799 0.313196876548
764 3.815 -0.203832878233 0.316476117178
765 3.82 -0.205423542653 0.319796567869
766 3.825 -0.207030913573 0.323158815667
767 3.83 -0.208655201465 0.326563456482
768 3.835 -0.210296619801 0.330011095221
769 3.84 -0.211955385103 0.333502345911
770 3.845 -0.213631716985 0.337037831826
771 3.85 -0.2153258382 0.340618185618
772 3.855 -0.21703797469 0.344244049441
773 3.86 -0.218768355631 0.347916075085
774 3.865 -0.22051721348 0.351634924104
775 3.87 -0.222284784029 0.355401267945
776 3.875 -0.224071306452 0.359215788086
777 3.88 -0.225877023356 0.363079176157
778 3.885 -0.22770218083 0.366992134082
779 3.89 -0.2295470285 0.370955374206
780 3.895 -0.23141181958 0.374969619426
781 3.9 -0.233296810925 0.379035603328
782 3.905 -0.235202263084 0.383154070315
783 3.91 -0.237128440358 0.38732577574
784 3.915 -0.239075610849 0.391551486037
785 3.92 -0.241044046522 0.395831978854
786 3.925 -0.243034023256 0.40016804318
787 3.93 -0.245045820906 0.404560479478
788 3.935 -0.247079723357 0.409010099809
789 3.94 -0.249136018583 0.413517727963
790 3.945 -0.251214998709 0.418084199581
791 3.95 -0.253316960064 0.422710362284
792 3.955 -0.255442203249 0.427397075789
793 3.96 -0.257591033192 0.432145212035
794 3.965 -0.259763759213 0.436955655296
795 3.97 -0.261960695084 0.441829302299
796 3.975 -0.264182159091 0.446767062333
797 3.98 -0.266428474098 0.451769857364
798 3.985 -0.268699967613 0.456838622132
799 3.99 -0.270996971848 0.46197430426
800 3.995 -0.273319823785 0.467177864346
801 4.0 -0.275668865243 0.47245027606
802 4.005 -0.278044442942 0.477792526225
803 4.01 -0.280446908569 0.483205614907
804 4.015 -0.282876618844 0.488690555486
805 4.02 -0.285333935588 0.494248374726
806 4.025 -0.287819225788 0.499880112838
807 4.03 -0.290332861669 0.505586823538
808 4.035 -0.292875220756 0.511369574089
809 4.04 -0.295446685944 0.517229445342
810 4.045 -0.298047645567 0.523167531767
811 4.05 -0.300678493466 0.529184941468
812 4.055 -0.303339629056 0.535282796195
813 4.06 -0.306031457395 0.541462231336
814 4.065 -0.308754389251 0.547724395906
815 4.07 -0.311508841173 0.554070452518
816 4.075 -0.314295235556 0.560501577335
817 4.08 -0.317114000709 0.567018960018
818 4.085 -0.319965570924 0.573623803648
819 4.09 -0.32285038654 0.580317324637
820 4.095 -0.325768894014 0.587100752618
821 4.1 -0.328721545982 0.593975330315
822 4.105 -0.331708801326 0.600942313394
823 4.11 -0.334731125238 0.608002970291
824 4.115 -0.337788989286 0.615158582019
825 4.12 -0.340882871472 0.622410441943
826 4.125 -0.344013256294 0.629759855538
827 4.13 -0.347180634811 0.63720814011
828 4.135 -0.350385504695 0.644756624497
829 4.14 -0.353628370289 0.652406648722
830 4.145 -0.356909742666 0.660159563634
831 4.15 -0.360230139678 0.668016730494
832 4.155 -0.363590086009 0.675979520531
833 4.16 -0.366990113222 0.684049314461
834 4.165 -0.370430759809 0.692227501954
835 4.17 -0.373912571228 0.700515481066
836 4.175 -0.377436099948 0.708914657613
837 4.18 -0.381001905487 0.717426444503
838 4.185 -0.384610554442 0.726052261004
839 4.19 -0.388262620521 0.734793531967
840 4.195 -0.391958684568 0.743651686977
841 4.2 -0.395699334586 0.752628159445
842 4.205 -0.399485165752 0.761724385632
843 4.21 -0.403316780429 0.7709418036
844 4.215 -0.407194788172 0.780281852088
845 4.22 -0.411119805731 0.789745969306
846 4.225 -0.415092457041 0.799335591639
847 4.23 -0.419113373212 0.809052152272
848 4.235 -0.423183192509 0.81889707971
849 4.24 -0.427302560324 0.828871796197
850 4.245 -0.431472129143 0.838977716032
851 4.25 -0.435692558498 0.849216243769
852 4.255 -0.439964514917 0.859588772296
853 4.26 -0.444288671856 0.870096680792
854 4.265 -0.448665709631 0.880741332542
855 4.27 -0.453096315329 0.891524072616
856 4.275 -0.457581182713 0.902446225396
857 4.28 -0.462121012108 0.913509091945
858 4.285 -0.466716510282 0.924713947201
859 4.29 -0.471368390306 0.936062037005
860 4.295 -0.476077371401 0.947554574933
861 4.3 -0.480844178767 0.959192738927
862 4.305 -0.4856695434 0.970977667723
863 4.31 -0.490554201881 0.982910457054
864 4.315 -0.495498896156 0.994992155608
865 4.32 -0.500504373285 1.00722376076
866 4.325 -0.50557138518 1.019606214
867 4.33 -0.51070068831 1.03214039614
868 4.335 -0.515893043385 1.04482712218
869 4.34 -0.521149215016 1.05766713585
870 4.345 -0.526469971339 1.07066110392
871 4.35 -0.531856083623 1.08380961
872 4.355 -0.537308325831 1.09711314813
873 4.36 -0.542827474159 1.11057211588
874 4.365 -0.548414306535 1.12418680708
875 4.37 -0.55406960208 1.1379574041
876 4.375 -0.559794140531 1.15188396965
877 4.38 -0.565588701622 1.16596643814
878 4.385 -0.57145406442 1.18020460647
879 4.39 -0.577391006612 1.19459812431
880 4.395 -0.583400303742 1.20914648375
881 4.4 -0.589482728401 1.22384900844
882 4.405 -0.595639049352 1.23870484192
883 4.41 -0.601870030599 1.25371293544
884 4.415 -0.608176430395 1.26887203492
885 4.42 -0.614559000182 1.28418066719
886 4.425 -0.621018483457 1.29963712541
887 4.43 -0.627555614568 1.31523945365
888 4.435 -0.634171117424 1.33098543049
889 4.44 -0.64086570413 1.34687255174
890 4.445 -0.647640073524 1.36289801205
891 4.45 -0.654494909625 1.37905868549
892 4.455 -0.661430879976 1.39535110493
893 4.46 -0.668448633889 1.41177144029
894 4.465 -0.675548800568 1.42831547536
895 4.47 -0.682731987121 1.44497858338
896 4.475 -0.689998776444 1.4617557011
897 4.48 -0.697349724964 1.4786413013
898 4.485 -0.704785360256 1.49562936372
899 4.49 -0.712306178496 1.5127133442
900 4.495 -0.71991264176 1.52988614206
901 4.5 -0.72760517516 1.54714006548
902 4.505 -0.735384163795 1.56446679483
903 4.51 -0.743249949514 1.58185734382
904 4.515 -0.751202827484 1.59930201832
905 4.52 -0.759243042541 1.61679037275
906 4.525 -0.767370785319 1.63431116379
907 4.53 -0.77558618814 1.65185230141
908 4.535 -0.78388932065 1.66940079684
909 4.54 -0.79228018519 1.68694270756
910 4.545 -0.800758711886 1.70446307883
911 4.55 -0.809324753428 1.72194588179
912 4.555 -0.817978079543 1.73937394779
913 4.56 -0.826718371119 1.75672889875
914 4.565 -0.835545213978 1.77399107329
915 4.57 -0.844458092266 1.79113944839
916 4.575 -0.853456381435 1.80815155628
917 4.58 -0.862539340806 1.82500339624
918 4.585 -0.871706105668 1.84166934106
919 4.59 -0.880955678905 1.85812203774
920 4.595 -0.8902869221 1.87433230212
921 4.6 -0.899698546108 1.89026900701
922 4.605 -0.909189101044 1.90589896347
923 4.61 -0.918756965663 1.92118679472
924 4.615 -0.928400336089 1.93609480232
925 4.62 -0.938117213855 1.95058282394
926 4.625 -0.94790539321 1.96460808242
927 4.63 -0.95776244765 1.97812502534
928 4.635 -0.967685715614 1.9910851546
929 4.64 -0.977672285316 2.00343684534
930 4.645 -0.987718978626 2.01512515349
931 4.65 -0.997822333974 2.0260916112
932 4.655 -1.00797858819 2.03627400941
933 4.66 -1.01818365723 2.0456061666
934 4.665 -1.02843311571 2.05401768294
935 4.67 -1.03872217513 2.06143367876
936 4.675 -1.04904566084 2.06777451638
937 4.68 -1.05939798751 2.07295550412
938 4.685 -1.06977313302 2.07688658137
939 4.69 -1.08016461086 2.07947198337
940 4.695 -1.09056544071 2.08060988437
941 4.7 -1.10096811714 2.08019201773
942 4.705 -1.11136457649 2.07810327136
943 4.71 -1.1217461615 2.07422125684
944 4.715 -1.13210358386 2.06841585038
945 4.72 -1.14242688426 2.06054870374
946 4.725 -1.15270539002 2.05047272306
947 4.73 -1.16292766999 2.03803151329
948 4.735 -1.17308148655 2.02305878586
949 4.74 -1.18315374459 2.00537772722
950 4.745 -1.19313043724 1.98480032515
951 4.75 -1.20299658809 1.96112665025
952 4.755 -1.21273618968 1.93414408924
953 4.76 -1.22233213811 1.90362652669
954 4.765 -1.23176616331 1.86933347163
955 4.77 -1.24101875491 1.83100912501
956 4.775 -1.2500690832 1.78838138382
957 4.78 -1.258894915 1.74116077734
958 4.785 -1.267472524 1.68903933065
959 4.79 -1.27577659525 1.63168935008
960 4.795 -1.28378012334 1.56876212507
961 4.8 -1.2914543039 1.49988654016
962 4.805 -1.29876841788 1.42466759075
963 4.81 -1.30568970824 1.34268479539
964 4.815 -1.31218324828 1.25349049712
965 4.82 -1.31821180134 1.15660804558
966 4.825 -1.32373567099 1.05152985099
967 4.83 -1.32871254121 0.93771530055
968 4.835 -1.33309730572 0.814588526929
969 4.84 -1.33684188582 0.681536017635
970 4.845 -1.33989503585 0.537904053371
971 4.85 -1.34220213536 0.382995962332
972 4.855 -1.34370496704 0.216069176468
973 4.86 -1.34434147951 0.0363320745594
974 4.865 -1.34404553361 -0.157059404273
975 4.87 -1.34274663128 -0.365005394306
976 4.875 -1.34036962553 -0.588466003368
977 4.88 -1.33683441024 -0.828465500116
978 4.885 -1.33205558825 -1.08609681088
979 4.89 -1.32594211612 -1.36252635035
980 4.895 -1.31839692389 -1.65899921243
981 4.9 -1.30931650788 -1.97684474978
982 4.905 -1.29859049462 -2.31748257288
983 4.91 -1.28610117356 -2.68242900227
984 4.915 -1.27172299647 -3.07330401019
985 4.92 -1.25532204062 -3.4918386911
986 4.925 -1.23675543343 -3.93988330397
987 4.93 -1.21587073517 -4.41941593278
988 4.935 -1.19250527685 -4.93255181575
989 4.94 -1.16648544962 -5.48155339828
990 4.945 -1.13762594198 -6.06884116921
991 4.95 -1.10572892071 -6.69700534538
992 4.955 -1.07058315115 -7.36881847509
993 4.96 -1.03196305193 -8.08724903738
994 4.965 -0.989627679145 -8.85547612082
995 4.97 -0.943319634133 -9.67690527303
996 4.975 -0.892763888973 -10.5551856203
997 4.98 -0.837666522926 -11.4942283658
998 4.985 -0.77771336272 -12.498226784
999 4.99 -0.712568518846 -13.5716778411
1000 4.995 -0.641872809399 -14.7194055819
1001 5.0 -0.565242062256 -15.9465864356
1002 5.005 -0.482265285572 -17.2587766109
1003 5.01 -0.392502695703 -18.6619417618
1004 5.015 -0.295483590714 -20.1624891252
1005 5.02 -0.190704056557 -21.7673023508
1006 5.025 -0.0776244918804 -23.4837792622
1007 5.03 0.044333063847 -25.3198728136
1008 5.035 0.175787815566 -27.2841355285
1009 5.04 0.317403329421 -29.3857677386
1010 5.045 0.469890900953 -31.6346699663
1011 5.05 0.634013196354 -34.0414998331
1012 5.055 0.810588190438 -36.6177339091
1013 5.06 1.00049342715 -39.3757349624
1014 5.065 1.20467063088 -42.3288251097
1015 5.07 1.42413069938 -45.4913654226
1016 5.075 1.65995911215 -48.8788425956
1017 5.08 1.91332179119 -52.5079633448
1018 5.085 2.18547145457 -56.3967572736
1019 5.09 2.47775450717 -60.5646890155
1020 5.095 2.79161851719 -65.0327805461
1021 5.1 3.12862033165 -69.8237446502
1022 5.105 3.49043488938 -74.9621306288
1023 5.11 3.87886479557 -80.4744834443
1024 5.115 4.29585072846 -86.3895176278
1025 5.12 4.74348275533 -92.7383074106
1026 5.125 5.22401264325 -99.5544946944
1027 5.13 5.73986725775 -106.87451665
1028 5.135 6.29366315281 -114.737854923
1029 5.14 6.8882224653 -123.18730863
1030 5.145 7.52659023892 -132.26929359
1031 5.15 8.21205331545 -142.034170457
1032 5.155 8.94816094502 -152.536604761
1033 5.16 9.73874728327 -163.835962162
1034 5.165 10.5879559603 -175.996742589
1035 5.17 11.5002669259 -189.089057369
1036 5.175 12.4805257976 -203.189153881
1037 5.18 13.5339759609 -218.379992806
1038 5.185 14.6662936987 -234.751883587
1039 5.19 15.8836266573 -252.403184411
1040 5.195 17.1926359869 -271.44107367
1041 5.2 18.6005425349 -291.982400745
1042 5.205 20.1151775097 -314.154624805
1043 5.21 21.7450380773 -338.096851371
1044 5.215 23.4993484093 -363.960977527
1045 5.22 25.3881267519 -391.912957955
1046 5.225 27.4222591567 -422.134205425
1047 5.23 29.6135805806 -454.823141013
1048 5.235 31.9749641465 -490.196911175
1049 5.24 34.5204194465 -528.493290872
1050 5.245 37.2652008698 -569.972794324
1051 5.25 40.2259270534 -614.921017618
1052 5.255 43.420712682 -663.651240426
1053 5.26 46.8693140065 -716.507317483
1054 5.265 50.5932896164 -773.866894362
1055 5.27 54.616178181 -836.14498648
1056 5.275 58.9636950846 -903.797965209
1057 5.28 63.6639501118 -977.328000686
1058 5.285 68.747688604 -1057.2880173
1059 5.29 74.2485588048 -1144.28722519
1060 5.295 80.2034084511 -1238.99729941
1061 5.3 86.6526140455 -1342.159288
1062 5.305 93.6404466809 -1454.59134086
1063 5.31 101.215478776 -1577.19736408
1064 5.315 109.431036641 -1710.97671817
1065 5.32 118.34570442 -1857.03509508
1066 5.325 128.023885682 -2016.59672751
1067 5.33 138.536429746 -2191.01810522
1068 5.335 149.961330771 -2381.80339751
1069 5.34 162.384508682 -2590.62180929
1070 5.345 175.900682252 -2819.32713038
1071 5.35 190.614346018 -3069.97977484
1072 5.355 206.640864322 -3344.87165027
1073 5.36 224.107697564 -3646.55424631
1074 5.365 243.155777879 -3977.87038879
1075 5.37 263.94105378 -4341.99017232
1076 5.375 286.636226144 -4742.45166023
1077 5.38 311.432700984 -5183.20703007
1078 5.385 338.542788186 -5668.67494529
1079 5.39 368.202179507 -6203.80005377
1080 5.395 400.672744018 -6794.12065257
1081 5.4 436.245684759 -7445.84572074
1082 5.405 475.24510682 -8165.94271045
1083 5.41 518.032054593 -8962.23770766
1084 5.415 565.009084574 -9843.52983097
1085 5.42 616.625450212 -10819.7220392
1086 5.425 673.382986997 -11901.9708721
1087 5.43 735.842799605 -13102.8580625
1088 5.435 804.63286882 -14436.5874481
1089 5.44 880.456714455 -15919.2111828
1090 5.445 964.103272175 -17568.8899241
1091 5.45 1056.45816742 -19406.1924747
1092 5.455 1158.5165993 -21454.4412936
1093 5.46 1271.39808224 -23740.1114163
1094 5.465 1396.36333377 -26293.2916416
1095 5.47 1534.83364542 -29148.2184174
1096 5.475 1688.41312989 -32343.8947285
1097 5.48 1858.91430495 -35924.8085125
1098 5.485 2048.38755344 -39941.7677902
1099 5.49 2259.15509234 -44452.8728701
1100 5.495 2493.85019506 -49524.6497873
1101 5.5 2755.46254268 -55233.3736945
1102 5.505 3047.39073711 -61666.616398
1103 5.51 3373.50319557 -68925.0588203
1104 5.515 3738.20886949 -77124.6171126
1105 5.52 4146.5394972 -86398.9407376
1106 5.525 4604.24542007 -96902.3524517
1107 5.53 5117.90737492 -108813.314199
1108 5.535 5695.06713732 -122338.52003
1109 5.54 6344.38044627 -137717.737992
1110 5.545 7075.79631164 -155229.548338
1111 5.55 7900.76761787 -175198.156456
1112 5.555 8832.49892104 -198001.497004
1113 5.56 9886.23853195 -224080.892415
1114 5.565 11079.6234321 -253952.586497
1115 5.57 12433.0873442 -288221.54474
1116 5.575 13970.3444496 -327598.000683
1117 5.58 15718.9639006 -372917.336362
1118 5.585 17711.0535455 -425164.019948
1119 5.59 19984.0753011 -485500.491894
1120 5.595 22581.8195717 -555302.100981
1121 5.6 25555.5722525 -636199.454754
1122 5.605 28965.5154724 -730129.879058
1123 5.61 32882.4127048 -839400.097247
1124 5.615 37389.6406876 -966762.764619
1125 5.62 42585.6453685 -1115510.15847
1126 5.625 48586.9176207 -1289589.16849
1127 5.63 55531.6077773 -1493742.80799
1128 5.635 63583.9274287 -1733684.84106
1129 5.64 72939.5241308 -2016315.88337
1130 5.645 83832.0618829 -2349991.60166
1131 5.65 96541.300368 -2744856.56324
1132 5.655 111403.042767 -3213261.07776
1133 5.66 128821.420452 -3770283.30061
1134 5.665 149284.109551 -4434385.29693
1135 5.67 173381.238005 -5228240.185
1136 5.675 201828.953692 -6179778.54971
1137 5.68 235498.900026 -7323516.93224
1138 5.685 275455.2056 -8702250.57742
1139 5.69 323001.06674 -10369218.4143
1140 5.695 379737.623748 -12390882.7371
1141 5.7 447638.654038 -14850512.384
1142 5.705 529145.697826 -17852820.7393
1143 5.71 627289.689791 -21529994.6762
1144 5.715 745847.124656 -26049566.1236
1145 5.72 889541.417924 -31624736.2614
1146 5.725 1064303.6889 -38527980.3963
1147 5.73 1277612.0471 -47109063.5591
1148 5.735 1538935.10642 -57819017.4811
1149 5.74 1860314.59485 -71242218.9505
1150 5.745 2257134.5845 -88139540.3817
1151 5.75 2749142.49547 -109506722.176
1152 5.755 3361811.73098 -136653799.897
1153 5.76 4128170.65016 -171313840.077
1154 5.765 5091272.07333 -215792744.495
1155 5.77 6307548.29223 -273176998.31
1156 5.775 7851398.52158 -347623759.363
1157 5.78 9821503.74726 -444768835.455
1158 5.785 12349580.5127 -572304762.479
1159 5.79 15612604.744 -740806327.342
1160 5.795 19850012.3018 -964919124.004
1161 5.8 25388097.1921 -1265085490.72
1162 5.805 32674911.255 -1670073366.45
1163 5.81 42330627.3386 -2220716617.13
1164 5.815 55220893.742 -2975502155.22
1165 5.82 72564721.5485 -4019002953.22
1166 5.825 96094798.4335 -5474746758.15
1167 5.83 128298297.388 -7525081897.32
1168 5.835 172782757.396 -10442221387.6
1169 5.84 234838762.891 -14637386017.7
1170 5.845 322316442.616 -20739670704.4
1171 5.85 447009526.718 -29724465089.5
1172 5.855 626872755.056 -43125823862.6
1173 5.86 889629660.718 -63393502739.0
1174 5.865 1278740106.83 -94503868935.1
1175 5.87 1863446791.23 -1.43025101229e+11
1176 5.875 2756012237.96 -2.20012469835e+11
1177 5.88 4141901662.1 -3.44454801129e+11
1178 5.885 6333810219.82 -5.49690750348e+11
1179 5.89 9870702215.02 -8.95661856872e+11
1180 5.895 15704120493.1 -1.49296797827e+12
1181 5.9 25558689542.6 -2.55153879404e+12

