# DATE: 2023-02-23 UNITS: real
HARMONIC
N 400 FP  199.99999998802        200.000000002102     

       1  0.01                   1592.01                798                  
       2  0.02                   1584.04                796                  
       3  0.03                   1576.09                794                  
       4  0.04                   1568.16                792                  
       5  0.05                   1560.25                790                  
       6  0.06                   1552.36                788                  
       7  0.07                   1544.49                786                  
       8  0.08                   1536.64                784                  
       9  0.09                   1528.81                782                  
      10  0.1                    1521                   780                  
      11  0.11                   1513.21                778                  
      12  0.12                   1505.44                776                  
      13  0.13                   1497.69                774                  
      14  0.14                   1489.96                772                  
      15  0.15                   1482.25                770                  
      16  0.16                   1474.56                768                  
      17  0.17                   1466.89                766                  
      18  0.18                   1459.24                764                  
      19  0.19                   1451.61                762                  
      20  0.2                    1444                   760                  
      21  0.21                   1436.41                758                  
      22  0.22                   1428.84                756                  
      23  0.23                   1421.29                754                  
      24  0.24                   1413.76                752                  
      25  0.25                   1406.25                750                  
      26  0.26                   1398.76                748                  
      27  0.27                   1391.29                746                  
      28  0.28                   1383.84                744                  
      29  0.29                   1376.41                742                  
      30  0.3                    1369                   740                  
      31  0.31                   1361.61                738                  
      32  0.32                   1354.24                736                  
      33  0.33                   1346.89                734                  
      34  0.34                   1339.56                732                  
      35  0.35                   1332.25                730                  
      36  0.36                   1324.96                728                  
      37  0.37                   1317.69                726                  
      38  0.38                   1310.44                724                  
      39  0.39                   1303.21                722                  
      40  0.4                    1296                   720                  
      41  0.41                   1288.81                718                  
      42  0.42                   1281.64                716                  
      43  0.43                   1274.49                714                  
      44  0.44                   1267.36                712                  
      45  0.45                   1260.25                710                  
      46  0.46                   1253.16                708                  
      47  0.47                   1246.09                706                  
      48  0.48                   1239.04                704                  
      49  0.49                   1232.01                702                  
      50  0.5                    1225                   700                  
      51  0.51                   1218.01                698                  
      52  0.52                   1211.04                696                  
      53  0.53                   1204.09                694                  
      54  0.54                   1197.16                692                  
      55  0.55                   1190.25                690                  
      56  0.56                   1183.36                688                  
      57  0.57                   1176.49                686                  
      58  0.58                   1169.64                684                  
      59  0.59                   1162.81                682                  
      60  0.6                    1156                   680                  
      61  0.61                   1149.21                678                  
      62  0.62                   1142.44                676                  
      63  0.63                   1135.69                674                  
      64  0.64                   1128.96                672                  
      65  0.65                   1122.25                670                  
      66  0.66                   1115.56                668                  
      67  0.67                   1108.89                666                  
      68  0.68                   1102.24                664                  
      69  0.69                   1095.61                662                  
      70  0.7                    1089                   660                  
      71  0.71                   1082.41                658                  
      72  0.72                   1075.84                656                  
      73  0.73                   1069.29                654                  
      74  0.74                   1062.76                652                  
      75  0.75                   1056.25                650                  
      76  0.76                   1049.76                648                  
      77  0.77                   1043.29                646                  
      78  0.78                   1036.84                644                  
      79  0.79                   1030.41                642                  
      80  0.8                    1024                   640                  
      81  0.81                   1017.61                638                  
      82  0.82                   1011.24                636                  
      83  0.83                   1004.89                634                  
      84  0.84                   998.56                 632                  
      85  0.85                   992.25                 630                  
      86  0.86                   985.96                 628                  
      87  0.87                   979.69                 626                  
      88  0.88                   973.44                 624                  
      89  0.89                   967.21                 622                  
      90  0.9                    961                    620                  
      91  0.91                   954.81                 618                  
      92  0.92                   948.64                 616                  
      93  0.93                   942.49                 614                  
      94  0.94                   936.36                 612                  
      95  0.95                   930.25                 610                  
      96  0.96                   924.16                 608                  
      97  0.97                   918.09                 606                  
      98  0.98                   912.04                 604                  
      99  0.99                   906.01                 602                  
     100  1                      900                    600                  
     101  1.01                   894.01                 598                  
     102  1.02                   888.04                 596                  
     103  1.03                   882.09                 594                  
     104  1.04                   876.16                 592                  
     105  1.05                   870.25                 590                  
     106  1.06                   864.36                 588                  
     107  1.07                   858.49                 586                  
     108  1.08                   852.64                 584                  
     109  1.09                   846.81                 582                  
     110  1.1                    841                    580                  
     111  1.11                   835.21                 578                  
     112  1.12                   829.44                 576                  
     113  1.13                   823.69                 574                  
     114  1.14                   817.96                 572                  
     115  1.15                   812.25                 570                  
     116  1.16                   806.56                 568                  
     117  1.17                   800.89                 566                  
     118  1.18                   795.24                 564                  
     119  1.19                   789.61                 562                  
     120  1.2                    784                    560                  
     121  1.21                   778.41                 558                  
     122  1.22                   772.84                 556                  
     123  1.23                   767.29                 554                  
     124  1.24                   761.76                 552                  
     125  1.25                   756.25                 550                  
     126  1.26                   750.76                 548                  
     127  1.27                   745.29                 546                  
     128  1.28                   739.84                 544                  
     129  1.29                   734.41                 542                  
     130  1.3                    729                    540                  
     131  1.31                   723.61                 538                  
     132  1.32                   718.24                 536                  
     133  1.33                   712.89                 534                  
     134  1.34                   707.56                 532                  
     135  1.35                   702.25                 530                  
     136  1.36                   696.96                 528                  
     137  1.37                   691.69                 526                  
     138  1.38                   686.44                 524                  
     139  1.39                   681.21                 522                  
     140  1.4                    676                    520                  
     141  1.41                   670.81                 518                  
     142  1.42                   665.64                 516                  
     143  1.43                   660.49                 514                  
     144  1.44                   655.36                 512                  
     145  1.45                   650.25                 510                  
     146  1.46                   645.16                 508                  
     147  1.47                   640.09                 506                  
     148  1.48                   635.04                 504                  
     149  1.49                   630.01                 502                  
     150  1.5                    625                    500                  
     151  1.51                   620.01                 498                  
     152  1.52                   615.04                 496                  
     153  1.53                   610.09                 494                  
     154  1.54                   605.16                 492                  
     155  1.55                   600.25                 490                  
     156  1.56                   595.36                 488                  
     157  1.57                   590.49                 486                  
     158  1.58                   585.64                 484                  
     159  1.59                   580.81                 482                  
     160  1.6                    576                    480                  
     161  1.61                   571.21                 478                  
     162  1.62                   566.44                 476                  
     163  1.63                   561.69                 474                  
     164  1.64                   556.96                 472                  
     165  1.65                   552.25                 470                  
     166  1.66                   547.56                 468                  
     167  1.67                   542.89                 466                  
     168  1.68                   538.24                 464                  
     169  1.69                   533.61                 462                  
     170  1.7                    529                    460                  
     171  1.71                   524.41                 458                  
     172  1.72                   519.84                 456                  
     173  1.73                   515.29                 454                  
     174  1.74                   510.76                 452                  
     175  1.75                   506.25                 450                  
     176  1.76                   501.76                 448                  
     177  1.77                   497.29                 446                  
     178  1.78                   492.84                 444                  
     179  1.79                   488.41                 442                  
     180  1.8                    484                    440                  
     181  1.81                   479.61                 438                  
     182  1.82                   475.24                 436                  
     183  1.83                   470.89                 434                  
     184  1.84                   466.56                 432                  
     185  1.85                   462.25                 430                  
     186  1.86                   457.96                 428                  
     187  1.87                   453.69                 426                  
     188  1.88                   449.44                 424                  
     189  1.89                   445.21                 422                  
     190  1.9                    441                    420                  
     191  1.91                   436.81                 418                  
     192  1.92                   432.64                 416                  
     193  1.93                   428.49                 414                  
     194  1.94                   424.36                 412                  
     195  1.95                   420.25                 410                  
     196  1.96                   416.16                 408                  
     197  1.97                   412.09                 406                  
     198  1.98                   408.04                 404                  
     199  1.99                   404.01                 402                  
     200  2                      400                    400                  
     201  2.01                   396.01                 398                  
     202  2.02                   392.04                 396                  
     203  2.03                   388.09                 394                  
     204  2.04                   384.16                 392                  
     205  2.05                   380.25                 390                  
     206  2.06                   376.36                 388                  
     207  2.07                   372.49                 386                  
     208  2.08                   368.64                 384                  
     209  2.09                   364.81                 382                  
     210  2.1                    361                    380                  
     211  2.11                   357.21                 378                  
     212  2.12                   353.44                 376                  
     213  2.13                   349.69                 374                  
     214  2.14                   345.96                 372                  
     215  2.15                   342.25                 370                  
     216  2.16                   338.56                 368                  
     217  2.17                   334.89                 366                  
     218  2.18                   331.24                 364                  
     219  2.19                   327.61                 362                  
     220  2.2                    324                    360                  
     221  2.21                   320.41                 358                  
     222  2.22                   316.84                 356                  
     223  2.23                   313.29                 354                  
     224  2.24                   309.76                 352                  
     225  2.25                   306.25                 350                  
     226  2.26                   302.76                 348                  
     227  2.27                   299.29                 346                  
     228  2.28                   295.84                 344                  
     229  2.29                   292.41                 342                  
     230  2.3                    289                    340                  
     231  2.31                   285.61                 338                  
     232  2.32                   282.24                 336                  
     233  2.33                   278.89                 334                  
     234  2.34                   275.56                 332                  
     235  2.35                   272.25                 330                  
     236  2.36                   268.96                 328                  
     237  2.37                   265.69                 326                  
     238  2.38                   262.44                 324                  
     239  2.39                   259.21                 322                  
     240  2.4                    256                    320                  
     241  2.41                   252.81                 318                  
     242  2.42                   249.64                 316                  
     243  2.43                   246.49                 314                  
     244  2.44                   243.36                 312                  
     245  2.45                   240.25                 310                  
     246  2.46                   237.16                 308                  
     247  2.47                   234.09                 306                  
     248  2.48                   231.04                 304                  
     249  2.49                   228.01                 302                  
     250  2.5                    225                    300                  
     251  2.51                   222.01                 298                  
     252  2.52                   219.04                 296                  
     253  2.53                   216.09                 294                  
     254  2.54                   213.16                 292                  
     255  2.55                   210.25                 290                  
     256  2.56                   207.36                 288                  
     257  2.57                   204.49                 286                  
     258  2.58                   201.64                 284                  
     259  2.59                   198.81                 282                  
     260  2.6                    196                    280                  
     261  2.61                   193.21                 278                  
     262  2.62                   190.44                 276                  
     263  2.63                   187.69                 274                  
     264  2.64                   184.96                 272                  
     265  2.65                   182.25                 270                  
     266  2.66                   179.56                 268                  
     267  2.67                   176.89                 266                  
     268  2.68                   174.24                 264                  
     269  2.69                   171.61                 262                  
     270  2.7                    169                    260                  
     271  2.71                   166.41                 258                  
     272  2.72                   163.84                 256                  
     273  2.73                   161.29                 254                  
     274  2.74                   158.76                 252                  
     275  2.75                   156.25                 250                  
     276  2.76                   153.76                 248                  
     277  2.77                   151.29                 246                  
     278  2.78                   148.84                 244                  
     279  2.79                   146.41                 242                  
     280  2.8                    144                    240                  
     281  2.81                   141.61                 238                  
     282  2.82                   139.24                 236                  
     283  2.83                   136.89                 234                  
     284  2.84                   134.56                 232                  
     285  2.85                   132.25                 230                  
     286  2.86                   129.96                 228                  
     287  2.87                   127.69                 226                  
     288  2.88                   125.44                 224                  
     289  2.89                   123.21                 222                  
     290  2.9                    121                    220                  
     291  2.91                   118.81                 218                  
     292  2.92                   116.64                 216                  
     293  2.93                   114.49                 214                  
     294  2.94                   112.36                 212                  
     295  2.95                   110.25                 210                  
     296  2.96                   108.16                 208                  
     297  2.97                   106.09                 206                  
     298  2.98                   104.04                 204                  
     299  2.99                   102.01                 202                  
     300  3                      100                    200                  
     301  3.01                   98.01                  198                  
     302  3.02                   96.04                  196                  
     303  3.03                   94.09                  194                  
     304  3.04                   92.16                  192                  
     305  3.05                   90.25                  190                  
     306  3.06                   88.36                  188                  
     307  3.07                   86.49                  186                  
     308  3.08                   84.64                  184                  
     309  3.09                   82.81                  182                  
     310  3.1                    81.0000000000001       180                  
     311  3.11                   79.21                  178                  
     312  3.12                   77.4400000000001       176                  
     313  3.13                   75.69                  174                  
     314  3.14                   73.9600000000001       172                  
     315  3.15                   72.25                  170                  
     316  3.16                   70.56                  168                  
     317  3.17                   68.89                  166                  
     318  3.18                   67.2400000000001       164                  
     319  3.19                   65.61                  162                  
     320  3.2                    64                     160                  
     321  3.21                   62.41                  158                  
     322  3.22                   60.84                  156                  
     323  3.23                   59.29                  154                  
     324  3.24                   57.76                  152                  
     325  3.25                   56.25                  150                  
     326  3.26                   54.76                  148                  
     327  3.27                   53.29                  146                  
     328  3.28                   51.84                  144                  
     329  3.29                   50.41                  142                  
     330  3.3                    49                     140                  
     331  3.31                   47.61                  138                  
     332  3.32                   46.24                  136                  
     333  3.33                   44.89                  134                  
     334  3.34                   43.56                  132                  
     335  3.35                   42.25                  130                  
     336  3.36                   40.96                  128                  
     337  3.37                   39.69                  126                  
     338  3.38                   38.44                  124                  
     339  3.39                   37.21                  122                  
     340  3.4                    36                     120                  
     341  3.41                   34.81                  118                  
     342  3.42                   33.64                  116                  
     343  3.43                   32.49                  114                  
     344  3.44                   31.36                  112                  
     345  3.45                   30.25                  110                  
     346  3.46                   29.16                  108                  
     347  3.47                   28.09                  106                  
     348  3.48                   27.04                  104                  
     349  3.49                   26.01                  102                  
     350  3.5                    25                     100                  
     351  3.51                   24.01                  98                   
     352  3.52                   23.04                  96                   
     353  3.53                   22.09                  94                   
     354  3.54                   21.16                  92                   
     355  3.55                   20.25                  90                   
     356  3.56                   19.36                  88                   
     357  3.57                   18.49                  86                   
     358  3.58                   17.64                  84                   
     359  3.59                   16.81                  82                   
     360  3.6                    16                     80.0000000000001     
     361  3.61                   15.21                  78                   
     362  3.62                   14.44                  76.0000000000001     
     363  3.63                   13.69                  74                   
     364  3.64                   12.96                  72.0000000000001     
     365  3.65                   12.25                  70                   
     366  3.66                   11.56                  68.0000000000001     
     367  3.67                   10.89                  66                   
     368  3.68                   10.24                  64.0000000000001     
     369  3.69                   9.61                   62                   
     370  3.7                    9.00000000000002       60.0000000000001     
     371  3.71                   8.41                   58                   
     372  3.72                   7.84000000000001       56                   
     373  3.73                   7.29                   54                   
     374  3.74                   6.76000000000001       52                   
     375  3.75                   6.25                   50                   
     376  3.76                   5.76000000000001       48                   
     377  3.77                   5.29                   46                   
     378  3.78                   4.84000000000001       44                   
     379  3.79                   4.41                   42                   
     380  3.8                    4.00000000000001       40                   
     381  3.81                   3.61                   38                   
     382  3.82                   3.24000000000001       36                   
     383  3.83                   2.89                   34                   
     384  3.84                   2.56                   32                   
     385  3.85                   2.25000000000001       30.0000000000001     
     386  3.86                   1.96                   28                   
     387  3.87                   1.69000000000001       26.0000000000001     
     388  3.88                   1.44                   24                   
     389  3.89                   1.21000000000001       22.0000000000001     
     390  3.9                    1                      20                   
     391  3.91                   0.810000000000005      18.0000000000001     
     392  3.92                   0.640000000000001      16                   
     393  3.93                   0.490000000000004      14.0000000000001     
     394  3.94                   0.360000000000001      12                   
     395  3.95                   0.250000000000003      10.0000000000001     
     396  3.96                   0.16                   8.00000000000001     
     397  3.97                   0.0900000000000015     6.00000000000005     
     398  3.98                   0.0400000000000001     4                    
     399  3.99                   0.0100000000000005     2.00000000000005     
     400  4                      0                     -0                    

LJ126
N 400 FP  5.1118735962137e+32   -0.00309082031258548  

       1  0.01                   3.27679999999995e+26   3.93215999999997e+29 
       2  0.02                   7.999999999992e+22     4.7999999999976e+25  
       3  0.03                   6.16587730333692e+20   2.46635092134882e+23 
       4  0.04                   1.953124999875e+19     5.8593749998125e+21  
       5  0.05                   1.34217727967232e+18   3.22122547160678e+20 
       6  0.06                   1.50534113742974e+17   3.01068227595687e+19 
       7  0.07                   2.36740987047768e+16   4.0584169245491e+18  
       8  0.08                   4.7683715625e+15       7.15255735839844e+17 
       9  0.09                   1.16021858535701e+15   1.54695812023214e+17 
      10  0.1                    327679994880000        3.93215996928e+16    
      11  0.11                   104408943457223        1.1390066716612e+16  
      12  0.12                   36751490925145.1       3.67514917824839e+15 
      13  0.13                   14064674137985.3       1.29827766169443e+15 
      14  0.14                   5779808584731.93       495412193547970      
      15  0.15                   2525542893983.11       202043449498347      
      16  0.16                   1164152913093.57       87311479926109.3     
      17  0.17                   562422536382.565       39700421819385.7     
      18  0.18                   283256342383.657       18883761176714.3     
      19  0.19                   148049315667.806       9350486531543.45     
      20  0.2                    79999920000            4799997600000        
      21  0.21                   44546933756.973        2545540777462.22     
      22  0.22                   25490420258.9142       1390387791156.62     
      23  0.23                   14952537428.7256       780133289834.579     
      24  0.24                   8972505590.93106       448625949342.506     
      25  0.25                   5497537167.36          263882287349.76      
      26  0.26                   3433742019.34244       158480783371.887     
      27  0.27                   2183142760.29056       97028860804.3568     
      28  0.28                   1411075621.44501       60474897165.3154     
      29  0.29                   926125673.822696       38322619763.6554     
      30  0.3                    616580707.0211         24663368747.2363     
      31  0.31                   416009823.905961       16103717744.5564     
      32  0.32                   284212325.932458       10658051629.4343     
      33  0.33                   196459888.227809       7144068017.02626     
      34  0.34                   137306926.997591       4846185323.48129     
      35  0.35                   96966323.2389768       3324607400.77709     
      36  0.36                   69152065.1207238       2305108038.94961     
      37  0.37                   49775064.9237755       1614358790.00722     
      38  0.38                   36143178.5600903       1141390382.96618     
      39  0.39                   26463712.6560866       814290467.337231     
      40  0.4                    19530000               585918750            
      41  0.41                   14521498.0087087       425035227.636584     
      42  0.42                   10874798.0545347       310721841.118787     
      43  0.43                   8199466.01317535       228833608.99882      
      44  0.44                   6222552.56599285       169715600.787249     
      45  0.45                   4751638.77735359       126718588.565834     
      46  0.46                   3649989.86758843       95224175.8000662     
      47  0.47                   2819697.29321996       71998334.9953008     
      48  0.48                   2190141.04129116       54758758.8131646     
      49  0.49                   1710027.28319849       41882748.66355       
      50  0.5                    1341849.6              32208322.56          
      51  0.51                   1058006.65523823       24897697.4228116     
      52  0.52                   838060.998837605       19342857.3223731     
      53  0.53                   666789.987179218       15099746.8961697     
      54  0.54                   532790.570446716       11842084.8319641     
      55  0.55                   427474.077421262       9328724.96356281     
      56  0.56                   344337.465207402       7380438.67822062     
      57  0.57                   278431.824939693       5863294.06820348     
      58  0.58                   225972.508581954       4676684.59533017     
      59  0.59                   184051.546113289       3744655.68033901     
      60  0.6                    150424.374483715       3009584.88336429     
      61  0.61                   123350.855088644       2427551.68856224     
      62  0.62                   101476.166388201       1964927.16046069     
      63  0.63                   83741.1380986279       1595849.194324       
      64  0.64                   69314.433233103        1300344.11505164     
      65  0.65                   57541.0221131564       1062922.4467121      
      66  0.66                   47902.8627772938       871524.277886254     
      67  0.67                   39988.7686350844       716723.622846053     
      68  0.68                   33471.2216469342       591125.556925389     
      69  0.69                   28088.4588685097       488907.487779091     
      70  0.7                    23630.5794663641       405468.670411373     
      71  0.71                   19928.7293797829       337161.358693302     
      72  0.72                   16846.6511480469       281083.781572781     
      73  0.73                   14274.0582893633       234920.128588064     
      74  0.74                   12121.4223978073       196816.419317638     
      75  0.75                   10315.8580177291       165283.868420841     
      76  0.76                   8797.86354892769       139123.396620918     
      77  0.77                   7518.73194262011       117366.462742951     
      78  0.78                   6438.48720142382       99228.5368424456     
      79  0.79                   5524.23497941619       84072.3974988274     
      80  0.8                    4748.84033203125       71379.0893554688     
      81  0.81                   4089.86471239314       60724.8728913557     
      82  0.82                   3528.70901623885       51762.8763522511     
      83  0.83                   3049.92086898724       44208.4488137823     
      84  0.84                   2640.63320118397       37827.4351559535     
      85  0.85                   2290.10805995704       32426.7645022107     
      86  0.86                   1989.36500087798       27846.8755825359     
      87  0.87                   1730.87763742956       23955.6046859174     
      88  0.88                   1508.32525488308       20643.2413037218     
      89  0.89                   1316.38902199036       17818.5184898513     
      90  0.9                    1150.58441170462       15405.3533779721     
      91  0.91                   1007.12309029864       13340.1912562734     
      92  0.92                   882.798845070896       11569.8364467355     
      93  0.93                   774.893166074233       10049.6767670538     
      94  0.94                   681.096932892021       8742.22695500175     
      95  0.95                   599.44532713569        7615.93117817949     
      96  0.96                   528.263629303608       6644.17646696409     
      97  0.97                   466.121991846633       5804.47824031498     
      98  0.98                   411.797629942172       5077.80654581059     
      99  0.99                   364.243154342175       4448.0275999211      
     100  1                      322.56                 3901.44              
     101  1.01                   285.976090530384       3426.38882771447     
     102  1.02                   253.827030297804       3012.94396513177     
     103  1.03                   225.540239747413       2652.63144983911     
     104  1.04                   200.621550834657       2338.20872331377     
     105  1.05                   178.643862357643       2063.4762716918      
     106  1.06                   159.23752308986        1823.11949517041     
     107  1.07                   142.082166618064       1612.5757313387      
     108  1.08                   126.899767943477       1427.92224653664     
     109  1.09                   113.448730008354       1265.78173613026     
     110  1.1                    101.518839825454       1123.24247003337     
     111  1.11                   90.9269600009698       997.790708555212     
     112  1.12                   81.5133431159172       887.25341556569      
     113  1.13                   73.1384744523848       789.749627072004     
     114  1.14                   65.6803635603396       703.649106551692     
     115  1.15                   59.0322176820994       627.537144288344     
     116  1.16                   53.1004405144923       560.184545032147     
     117  1.17                   47.8029085455291       500.522003491118     
     118  1.18                   43.0674845428558       447.618196099855     
     119  1.19                   38.8307339338883       400.661024822347     
     120  1.2                    35.0368149992191       358.941538195209     
     121  1.21                   31.6365181642494       321.84012949674      
     122  1.22                   28.5864333536624       288.81467437058      
     123  1.23                   25.8482274809145       259.390322524165     
     124  1.24                   23.3880167730451       233.150701977299     
     125  1.25                   21.1758208568525       209.730331169784     
     126  1.26                   19.1850874200435       188.808065217971     
     127  1.27                   17.3922778638774       170.101428704978     
     128  1.28                   15.7765057268167       153.361709399544     
     129  1.29                   14.3192208191916       138.369705888684     
     130  1.3                    13.0039329982385       124.93203783215      
     131  1.31                   11.8159703573738       112.877940862029     
     132  1.32                   10.742267325336        102.056479441995     
     133  1.33                   9.77117878844351       92.3341205878234     
     134  1.34                   8.89231687835239       83.5926195011401     
     135  1.35                   8.09640752156034       75.7271751060856     
     136  1.36                   7.37516423666038       68.6448193911968     
     137  1.37                   6.72117700043457       62.2630095039278     
     138  1.38                   6.12781429229003       56.5083958552413     
     139  1.39                   5.58913667505634       51.3157431780328     
     140  1.4                    5.09982048453558       46.6269846396698     
     141  1.41                   4.65509038531888       42.3903918148852     
     142  1.42                   4.25065971041413       38.5598456475375     
     143  1.43                   3.88267764071721       35.094195524972      
     144  1.44                   3.54768240032668       31.9566953047941     
     145  1.45                   3.2425597477324        29.1145066114402     
     146  1.46                   2.96450613320954       26.5382609934959     
     147  1.47                   2.71099597121152       24.201673631581      
     148  1.48                   2.47975254479573       22.0812022357191     
     149  1.49                   2.26872211852512       20.1557455917022     
     150  1.5                    2.07605088805719       18.406376926131      
     151  1.51                   1.90006443978594       16.8161078750468     
     152  1.52                   1.73924943332248       15.3696793745607     
     153  1.53                   1.59223725404604       14.0533762549498     
     154  1.54                   1.45778941308428       12.8548627219953     
     155  1.55                   1.3347844984538        11.7630362591856     
     156  1.56                   1.22220650419816       10.7678977889214     
     157  1.57                   1.11913438462253       9.8604361961486      
     158  1.58                   1.0247326985066        9.03252554917343     
     159  1.59                   0.938243223797885      8.27683355430592     
     160  1.6                    0.858977437019348      7.58673995733261     
     161  1.61                   0.786309763707168      6.95626375900101     
     162  1.62                   0.719671516833175      6.37999824660786     
     163  1.63                   0.658545449541767      5.85305296192972     
     164  1.64                   0.602460856799685      5.37100182928644     
     165  1.65                   0.550989167855032      4.92983675836218     
     166  1.66                   0.50373997784832       4.52592611615155     
     167  1.67                   0.460357472616855      4.15597753246054     
     168  1.68                   0.420517205774839      3.81700456499657     
     169  1.69                   0.383923191614426      3.5062968042922      
     170  1.7                    0.350305281326764      3.22139304644752     
     171  1.71                   0.319416793547456      2.96005720375087     
     172  1.72                   0.291032373340814      2.72025666034601     
     173  1.73                   0.264946056498474      2.50014281286752     
     174  1.74                   0.240969518481067      2.29803356489672     
     175  1.75                   0.218930489512642      2.11239756966217     
     176  1.76                   0.198671319277887      1.94184003802907     
     177  1.77                   0.180047676399622      1.78508994884384     
     178  1.78                   0.162927369412905      1.64098851643657     
     179  1.79                   0.147189277323862      1.50847878580419     
     180  1.8                    0.132722379065058      1.38659623994277     
     181  1.81                   0.119424872251388      1.27446031617392     
     182  1.82                   0.107203372615978      1.17126673930439     
     183  1.83                   0.0959721863774054     1.07628058922823     
     184  1.84                   0.0856526485691159     0.988830029271115    
     185  1.85                   0.0761725210595532     0.908300629309384    
     186  1.86                   0.0674654446160545     0.834130224582963    
     187  1.87                   0.0594704399251235     0.765804257257523    
     188  1.88                   0.0521314529832651     0.702851553262425    
     189  1.89                   0.0453969407224163     0.644840491811995    
     190  1.9                    0.0392194931377522     0.591375529375228    
     191  1.91                   0.0335554885481552     0.542094043751032    
     192  1.92                   0.0283647789453533     0.49666346738496     
     193  1.93                   0.0236104026805308     0.454778682174315    
     194  1.94                   0.0192583220005616     0.416159650792266    
     195  1.95                   0.0152771831830326     0.380549262054052    
     196  1.96                   0.011638097232609      0.347711370081059    
     197  1.97                   0.00831443929356093    0.317429009019945    
     198  1.98                   0.00528166510655355    0.289502766868822    
     199  1.99                   0.00251714299408876    0.263749303573146    
     200  2                      0                      0.24                 
     201  2.01                  -0.00228901906429909    0.218099725698431    
     202  2.02                  -0.00436768079912425    0.197905714521054    
     203  2.03                  -0.00625238164979804    0.179286538232021    
     204  2.04                  -0.00795825652836287    0.162121169171087    
     205  2.05                  -0.00949927847321568    0.14629812389388     
     206  2.06                  -0.0108883501192544     0.131714680474321    
     207  2.07                  -0.0121373876814899     0.118276162845335    
     208  2.08                  -0.0132573980920064     0.105895286176151    
     209  2.09                  -0.0142585498729917     0.0944915578457512   
     210  2.1                   -0.0151502382767254     0.0839907290785127   
     211  2.11                  -0.0159411451764045     0.0743242927653805   
     212  2.12                  -0.016639294149014      0.0654290234070173   
     213  2.13                  -0.0172521011527193     0.0572465554886841   
     214  2.14                  -0.0177864211660622     0.0497229969341964   
     215  2.15                  -0.0182485911242772     0.0428085745916192   
     216  2.16                  -0.0186444694589691     0.0364573089797509   
     217  2.17                  -0.0189794725209579     0.0306267157746301   
     218  2.18                  -0.0192586081420424     0.0252775317419794   
     219  2.19                  -0.019486506569534      0.020373463026883    
     220  2.2                   -0.0196674489874736     0.0158809538982407   
     221  2.21                  -0.0198053938202783     0.0117689742144395   
     222  2.22                  -0.0199040009980056     0.0080088240299791   
     223  2.23                  -0.0199666543473297     0.00457395390192573  
     224  2.24                  -0.0199964822585545     0.00143979958145524  
     225  2.25                  -0.019996376766422     -0.00141637010943526  
     226  2.26                  -0.019969011171008     -0.00401559331158788  
     227  2.27                  -0.0199168563145235    -0.00637734407335522  
     228  2.28                  -0.0198421956202703    -0.00851965112057023  
     229  2.29                  -0.0197471389912575    -0.0104592072875345   
     230  2.3                   -0.0196336356579912    -0.0122114703731947   
     231  2.31                  -0.0195034860576381    -0.0137907561215244   
     232  2.32                  -0.0193583528200755    -0.0152103239657529   
     233  2.33                  -0.0191997709302198    -0.0164824561219656   
     234  2.34                  -0.0190291571304174    -0.0176185305682534   
     235  2.35                  -0.0188478186215532    -0.0186290884005698   
     236  2.36                  -0.0186569611168248    -0.0195238960153759   
     237  2.37                  -0.0184576962978232    -0.0203120025316505   
     238  2.38                  -0.0182510487186061    -0.0210017928305951   
     239  2.39                  -0.0180379621998275    -0.0216010365600731   
     240  2.4                   -0.0178193057516615    -0.0221169334222308   
     241  2.41                  -0.0175958790612055    -0.0225561550366037   
     242  2.42                  -0.0173684175772469    -0.0229248836471039   
     243  2.43                  -0.0171375972227052    -0.023228847919412    
     244  2.44                  -0.0169040387626965    -0.0234733560552774   
     245  2.45                  -0.0166683118539951    -0.0236633264319042   
     246  2.46                  -0.0164309387996731    -0.0238033159578182   
     247  2.47                  -0.0161923980308578    -0.0238975463212279   
     248  2.48                  -0.0159531273358642    -0.0239499282928091   
     249  2.49                  -0.0157135268554007    -0.0239640842319152   
     250  2.5                   -0.01547396186112      -0.023943368933376    
     251  2.51                  -0.0152347653334678    -0.0238908889411751   
     252  2.52                  -0.0149962403535728    -0.0238095204453263   
     253  2.53                  -0.0147586623228006    -0.0237019258691133   
     254  2.54                  -0.0145222810225697    -0.0235705692454532   
     255  2.55                  -0.0142873225260751    -0.0234177304734231   
     256  2.56                  -0.0140539909726934    -0.0232455185388944   
     257  2.57                  -0.0138224702150363    -0.0230558837767028   
     258  2.58                  -0.0135929253478739    -0.0228506292457848   
     259  2.59                  -0.0133655041274656    -0.0226314212832035   
     260  2.6                   -0.013140338289201     -0.0223997992979115   
     261  2.61                  -0.012917544770867     -0.0221571848604376   
     262  2.62                  -0.0126972268483229    -0.0219048901403872   
     263  2.63                  -0.0124794751898578    -0.021644125739692    
     264  2.64                  -0.0122643688350524    -0.0213760079659045   
     265  2.65                  -0.0120519761035347    -0.0211015655864784   
     266  2.66                  -0.0118423554386299    -0.0208217461018842   
     267  2.67                  -0.0116355561905371    -0.020537421572559    
     268  2.68                  -0.0114316193433321    -0.0202493940320658   
     269  2.69                  -0.0112305781897813    -0.0199584005164126   
     270  2.7                   -0.0110324589576661    -0.0196651177372457   
     271  2.71                  -0.0108372813910468    -0.0193701664245735   
     272  2.72                  -0.0106450592896536    -0.0190741153627698   
     273  2.73                  -0.0104558010093575    -0.0187774851418501   
     274  2.74                  -0.0102695099264674    -0.0184807516443931   
     275  2.75                  -0.0100861848683998    -0.018184349286978    
     276  2.76                  -0.00990582051308903   -0.0178886740336262   
     277  2.77                  -0.00972840775933402   -0.0175940861974542   
     278  2.78                  -0.00955393407012526   -0.0173009130455639   
     279  2.79                  -0.00938238379084764   -0.0170094512211008   
     280  2.8                   -0.0092137384441229    -0.0167199689953997   
     281  2.81                  -0.00904797700292975   -0.0164327083622032   
     282  2.82                  -0.00888507614352483   -0.0161478869850703   
     283  2.83                  -0.00872501047958036   -0.0158657000082945   
     284  2.84                  -0.00856775277885475   -0.0155863217409045   
     285  2.85                  -0.00841327416362063   -0.0153099072226406   
     286  2.86                  -0.00826154429598848   -0.0150365936801558   
     287  2.87                  -0.008112531549185     -0.0147665018811108   
     288  2.88                  -0.00796620316577118   -0.0144997373932774   
     289  2.89                  -0.00782252540371654   -0.0142363917552666   
     290  2.9                   -0.00768146367118216   -0.0139765435650238   
     291  2.91                  -0.00754298265080599   -0.0137202594918023   
     292  2.92                  -0.00740704641422874   -0.0134675952169205   
     293  2.93                  -0.0072736185275476    -0.0132185963082382   
     294  2.94                  -0.00714266214833727   -0.0129732990329359   
     295  2.95                  -0.00701414011483394   -0.0127317311128642   
     296  2.96                  -0.00688801502783611   -0.0124939124264287   
     297  2.97                  -0.00676424932583852   -0.0122598556607      
     298  2.98                  -0.00664280535387939   -0.0120295669171802   
     299  2.99                  -0.00652364542654837   -0.0118030462744207   
     300  3                     -0.00640673188557149   -0.0115802883104616   
     301  3.01                  -0.00629202715236113   -0.0113612825878578   
     302  3.02                  -0.00617949377589186   -0.0111460141038675   
     303  3.03                  -0.00606909447623864   -0.0109344637081976   
     304  3.04                  -0.00596079218409037   -0.010726608490537    
     305  3.05                  -0.00585455007653046   -0.0105224221399565   
     306  3.06                  -0.00575033160935592   -0.0103218752781076   
     307  3.07                  -0.00564810054618798   -0.0101249357680231   
     308  3.08                  -0.00554782098460957   -0.0099315690001964   
     309  3.09                  -0.00544945737954914   -0.00974173815750352  
     310  3.1                   -0.00535297456411485   -0.00955540446042336  
     311  3.11                  -0.00525833776806946   -0.00937252739391286  
     312  3.12                  -0.00516551263412281   -0.00919306491720141  
     313  3.13                  -0.00507446523220689   -0.00901697365768222  
     314  3.14                  -0.00498516207188684   -0.00884420908999869  
     315  3.15                  -0.00489757011305085   -0.0086747257013485   
     316  3.16                  -0.00481165677501198   -0.00850847714395953  
     317  3.17                  -0.0047273899441455    -0.00834541637562582  
     318  3.18                  -0.00464473798017724   -0.00818549578913289  
     319  3.19                  -0.0045636697212299    -0.00802866733134403  
     320  3.2                   -0.00448415448772721   -0.00787488261266845  
     321  3.21                  -0.0044061620852487    -0.0077240930075819   
     322  3.22                  -0.00432966280642131   -0.00757624974682629  
     323  3.23                  -0.00425462743192826   -0.00743130400187142  
     324  3.24                  -0.00418102723070959   -0.00728920696218331  
     325  3.25                  -0.00410883395942396   -0.00714990990580627  
     326  3.26                  -0.00403801986123603   -0.00701336426373192  
     327  3.27                  -0.00396855766398934   -0.00687952167849605  
     328  3.28                  -0.00390042057782043   -0.00674833405741498  
     329  3.29                  -0.0038335822922657    -0.00661975362084443  
     330  3.3                   -0.00376801697290912   -0.00649373294581906  
     331  3.31                  -0.00370369925761526   -0.00637022500540547  
     332  3.32                  -0.00364060425238888   -0.00624918320408006  
     333  3.33                  -0.00357870752689941   -0.00613056140942109  
     334  3.34                  -0.00351798510970581   -0.00601431398038557  
     335  3.35                  -0.00345841348321468   -0.0059003957924224   
     336  3.36                  -0.00339996957840208   -0.00578876225965695  
     337  3.37                  -0.00334263076932723   -0.00567936935436567  
     338  3.38                  -0.00328637486746409   -0.00557217362394473  
     339  3.39                  -0.00323118011587515   -0.00546713220556294  
     340  3.4                   -0.0031770251832493    -0.0053642028386758   
     341  3.41                  -0.00312388915782479   -0.00526334387556606  
     342  3.42                  -0.00307175154121582   -0.0051645142900641   
     343  3.43                  -0.00302059224216055   -0.00506767368459182  
     344  3.44                  -0.00297039157020643   -0.00497278229566303  
     345  3.45                  -0.00292113022934775   -0.00487980099796471  
     346  3.46                  -0.00287278931162898   -0.00478869130713483  
     347  3.47                  -0.00282535029072639   -0.00469941538134419  
     348  3.48                  -0.0027787950155194    -0.0046119360217826   
     349  3.49                  -0.00273310570366224   -0.00452621667214249  
     350  3.5                   -0.00268826493516526   -0.00444222141718669  
     351  3.51                  -0.00264425564599499   -0.00435991498048109  
     352  3.52                  -0.00260106112170057   -0.00427926272136684  
     353  3.53                  -0.0025586649910741    -0.00420023063124215  
     354  3.54                  -0.00251705121985127   -0.00412278532921804  
     355  3.55                  -0.0024762041044583    -0.0040468940572084   
     356  3.56                  -0.00243610826581068   -0.00397252467451004  
     357  3.57                  -0.00239674864316831   -0.00389964565192452  
     358  3.58                  -0.00235811048805159   -0.0038282260654699   
     359  3.59                  -0.00232017935822227   -0.0037582355897268   
     360  3.6                   -0.0022829411117324    -0.00368964449086024  
     361  3.61                  -0.00224638190104462   -0.0036224236193553   
     362  3.62                  -0.00221048816722635   -0.00355654440250213  
     363  3.63                  -0.00217524663422022   -0.00349197883666304  
     364  3.64                  -0.00214064430319279   -0.00342869947935186  
     365  3.65                  -0.00210666844696334   -0.00336667944115366  
     366  3.66                  -0.00207330660451415   -0.00330589237751054  
     367  3.67                  -0.00204054657558338   -0.00324631248039738  
     368  3.68                  -0.00200837641534185   -0.00318791446990948  
     369  3.69                  -0.00197678442915411   -0.00313067358578226  
     370  3.7                   -0.00194575916742469   -0.00307456557886165  
     371  3.71                  -0.00191528942052976   -0.00301956670254226  
     372  3.72                  -0.00188536421383456   -0.00296565370418886  
     373  3.73                  -0.00185597280279656   -0.00291280381655574  
     374  3.74                  -0.00182710466815449   -0.00286099474921692  
     375  3.75                  -0.00179874951120284   -0.00281020468001918  
     376  3.76                  -0.00177089724915176   -0.00276041224656904  
     377  3.77                  -0.00174353801057185   -0.00271159653776342  
     378  3.78                  -0.00171666213092339   -0.0026637370853732   
     379  3.79                  -0.0016902601481694    -0.00261681385568771  
     380  3.8                   -0.00166432279847199   -0.00257080724122772  
     381  3.81                  -0.00163884101197116   -0.00252569805253342  
     382  3.82                  -0.00161380590864532   -0.00248146751003353  
     383  3.83                  -0.0015892087942527    -0.00243809723600076  
     384  3.84                  -0.00156504115635276   -0.00239556924659847  
     385  3.85                  -0.00154129466040667   -0.00235386594402276  
     386  3.86                  -0.00151796114595583   -0.0023129701087436   
     387  3.87                  -0.00149503262287753   -0.0022728648918484   
     388  3.88                  -0.00147250126771658   -0.00223353380749066  
     389  3.89                  -0.00145035942009203   -0.00219496072544632  
     390  3.9                   -0.00142859957917763   -0.00215712986377968  
     391  3.91                  -0.00140721440025518   -0.00212002578162075  
     392  3.92                  -0.00138619669133956   -0.00208363337205523  
     393  3.93                  -0.00136553940987418   -0.00204793785512849  
     394  3.94                  -0.00134523565949593   -0.00201292477096412  
     395  3.95                  -0.00132527868686831   -0.00197857997299782  
     396  3.96                  -0.00130566187858167   -0.00194488962132692  
     397  3.97                  -0.00128637875811934   -0.00191184017617574  
     398  3.98                  -0.00126742298288858   -0.00187941839147665  
     399  3.99                  -0.00124878834131509   -0.0018476113085668   
     400  4                     -0.00123046875         -0.00181640625        

MORSE
N 400 FP  35629.9118333254      -0.587282451914145    

       1  0.01                   1902.72240342255       8475.28184280469     
       2  0.02                   1819.72699525883       8126.18409723003     
       3  0.03                   1740.15198891874       7791.10688069349     
       4  0.04                   1663.85997942269       7469.49386217661     
       5  0.05                   1590.71901464609       7160.81065496952     
       6  0.06                   1520.60238022017       6864.54395364299     
       7  0.07                   1453.38839289256       6580.20070491139     
       8  0.08                   1388.96020201532       6307.30731105669     
       9  0.09                   1327.20559884127       6045.40886463566     
      10  0.1                    1268.016833322         5794.06841324272     
      11  0.11                   1211.29043811285       5552.86625314907     
      12  0.12                   1156.92705950192       5321.39925068477     
      13  0.13                   1104.83129499106       5099.28019027514     
      14  0.14                   1054.9115372676        4886.1371480854      
      15  0.15                   1007.0798243158        4681.6128902686      
      16  0.16                   961.251695426879       4485.36429485122     
      17  0.17                   917.346052875832       4297.06179632881     
      18  0.18                   875.285029042485       4116.38885208026     
      19  0.19                   834.993858762904       3943.04142974457     
      20  0.2                    796.400756705659       3776.72751473709     
      21  0.21                   759.436799575541       3617.16663711504     
      22  0.22                   724.035812955044       3464.08941703271     
      23  0.23                   690.134262601413       3317.23712805663     
      24  0.24                   657.671150024154       3176.36127763988     
      25  0.25                   626.587912174846       3041.22320408172     
      26  0.26                   596.828325087614       2911.59368932575     
      27  0.27                   568.33841131505        2787.25258697453     
      28  0.28                   541.066351010385       2667.98846492367     
      29  0.29                   514.962396512638       2553.59826204124     
      30  0.3                    489.978790297042       2443.8869583412      
      31  0.31                   466.069686158486       2338.66725812124     
      32  0.32                   443.191073500887       2237.75928555576     
      33  0.33                   421.300704610396       2140.99029225534     
      34  0.34                   400.358024795147       2048.19437632267     
      35  0.35                   380.324105278852       1959.21221245358     
      36  0.36                   361.161578739974       1873.89079264966     
      37  0.37                   342.834577392459       1792.08317712559     
      38  0.38                   325.308673508092       1713.64825501114     
      39  0.39                   308.550822284476       1638.45051446301     
      40  0.4                    292.529306966382       1566.35982181714     
      41  0.41                   277.213686131865       1497.25120942645     
      42  0.42                   262.574743057994       1431.004671843       
      43  0.43                   248.584437084416       1367.50497001672     
      44  0.44                   235.215856896169       1306.64144319605     
      45  0.45                   222.443175650231       1248.30782822797     
      46  0.46                   210.241607873305       1192.40208596672     
      47  0.47                   198.587368061129       1138.82623451213     
      48  0.48                   187.457630912382       1087.48618900925     
      49  0.49                   176.830493132862       1038.29160775156     
      50  0.5                    166.684936748154       991.15574434019      
      51  0.51                   157.000793865418       945.995305661252     
      52  0.52                   147.758712827269       902.730315452694     
      53  0.53                   138.940125702962       861.283983241156     
      54  0.54                   130.527217064238       821.58257843782      
      55  0.55                   122.502893995264       783.555309390595     
      56  0.56                   114.85075728809        747.134207197903     
      57  0.57                   107.555073776936       712.254014096973     
      58  0.58                   100.600749766475       678.852076246914     
      59  0.59                   93.9733055110433       646.86824073388      
      60  0.6                    87.6588507033701       616.244756632404     
      61  0.61                   81.6440609330888       586.926179963529     
      62  0.62                   75.9161550768193       558.859282396572     
      63  0.63                   70.4628735831318       531.99296354742      
      64  0.64                   65.2724576171355       506.278166731982     
      65  0.65                   60.3336290308251       481.667798039015     
      66  0.66                   55.6355711266481       458.116648591834     
      67  0.67                   51.1679101830355       435.581319873578     
      68  0.68                   46.9206977118646       414.020151995583     
      69  0.69                   42.884393419008        393.393154793176     
      70  0.7                    39.0498488402512       373.661941637728     
      71  0.71                   35.4082916259559       354.789665858177     
      72  0.72                   31.9513104488903       336.740959669411     
      73  0.73                   28.6708405106521       319.48187550895      
      74  0.74                   25.5591496230812       302.979829687229     
      75  0.75                   22.6088248419809       287.20354826048      
      76  0.76                   19.8127596313634       272.12301503883      
      77  0.77                   17.1641415372893       257.709421645621     
      78  0.78                   14.6564403511958       243.935119547271     
      79  0.79                   12.2833967433974       230.773573976182     
      80  0.8                    10.0390113482036       218.199319672212     
      81  0.81                   7.91753428282901       206.187918371172     
      82  0.82                   5.91345508297041       194.715917971627     
      83  0.83                   4.02149303860052       183.760813313951     
      84  0.84                   2.23658791417552       173.301008508213     
      85  0.85                   0.553891038074434      163.315780749936     
      86  0.86                  -1.03124325331362       153.785245565181     
      87  0.87                  -2.52326583086401       144.690323428706     
      88  0.88                  -3.92644066081243       136.012707701146     
      89  0.89                  -5.24485237860018       127.734833833307     
      90  0.9                   -6.48241356088942       119.839849787683     
      91  0.91                  -7.64287170767925       112.311587629289     
      92  0.92                  -8.72981594598401       105.134536239752     
      93  0.93                  -9.74668346608387       98.2938151104532     
      94  0.94                  -10.6967657009243       91.7751491722138     
      95  0.95                  -11.5832142588242       85.5648446207133     
      96  0.96                  -12.4090466192534       79.6497656984179     
      97  0.97                  -13.1771516010533       74.0173123953453     
      98  0.98                  -13.8902946121092       68.6553990324699     
      99  0.99                  -14.5511226891235       63.5524336929966     
     100  1                     -15.1621693358015       58.6972984680958     
     101  1.01                  -15.7258591674326       54.0793304850075     
     102  1.02                  -16.2445123695359       49.6883036866838     
     103  1.03                  -16.7203489779348       45.5144113333483     
     104  1.04                  -17.1554929873393       41.5482491975195     
     105  1.05                  -17.5519762952299       37.7807994251605     
     106  1.06                  -17.9117424875755       34.2034150366931     
     107  1.07                  -18.2366504726531       30.8078050426491     
     108  1.08                  -18.5284779689983       27.5860201497191     
     109  1.09                  -18.7889248532685       24.5304390339164     
     110  1.1                   -19.0196163735814       21.633755158488      
     111  1.11                  -19.2221062336656       18.8889641150824     
     112  1.12                  -19.3978795529533       16.2893514675317     
     113  1.13                  -19.5483557075404       13.8284810784167     
     114  1.14                  -19.6748910567469       11.5001838993623     
     115  1.15                  -19.7787815598225       9.29854720676174     
     116  1.16                  -19.8612652871621       7.2179042653481      
     117  1.17                  -19.9235248302269       5.25282440272129     
     118  1.18                  -19.9666896141964       3.39810347860562     
     119  1.19                  -19.9918381172225       1.64875473325059     
     120  1.2                   -20                    -0                    
     121  1.21                  -19.9921581492237      -1.55273873235457     
     122  1.22                  -19.9692506383602      -3.013847421255       
     123  1.23                  -19.9321726090268      -4.3875277493673      
     124  1.24                  -19.8817780761412      -5.67780459363396     
     125  1.25                  -19.8188816598787      -6.88853319663822     
     126  1.26                  -19.7442602473552      -8.02340605204834     
     127  1.27                  -19.6586545868377      -9.08595951544643     
     128  1.28                  -19.5627708171746      -10.0795801514016     
     129  1.29                  -19.4572819350303      -11.0075108272193     
     130  1.3                   -19.3428292024065      -11.8728565633874     
     131  1.31                  -19.2200234968363      -12.678590150347      
     132  1.32                  -19.0894466065393      -13.427557540833      
     133  1.33                  -18.9516524727388      -14.1224830266698     
     134  1.34                  -18.8071683812527      -14.7659742085529     
     135  1.35                  -18.6564961053882      -15.3605267670153     
     136  1.36                  -18.5001130020867      -15.9085290424514     
     137  1.37                  -18.3384730631926      -16.4122664317616     
     138  1.38                  -18.1720079236418      -16.8739256088848     
     139  1.39                  -18.001127828296       -17.2955985761957     
     140  1.4                   -17.8262225590811      -17.6792865534734     
     141  1.41                  -17.6476623240207      -18.0269037108782     
     142  1.42                  -17.465798609694       -18.3402807521248     
     143  1.43                  -17.2809649985868      -18.6211683537929     
     144  1.44                  -17.0934779527434      -18.8712404664823     
     145  1.45                  -16.9036375650765      -19.0920974832953     
     146  1.46                  -16.7117282796322      -19.2852692809131     
     147  1.47                  -16.5180195820608      -19.452218138324      
     148  1.48                  -16.3227666614918      -19.594341538062      
     149  1.49                  -16.126211044964       -19.7129748546237     
     150  1.5                   -15.928581205517       -19.8093939345459     
     151  1.51                  -15.730093145006       -19.8848175724499     
     152  1.52                  -15.5309509526581      -19.9404098871884     
     153  1.53                  -15.331347340351       -19.9772826020679     
     154  1.54                  -15.1314641555525      -19.9964972329627     
     155  1.55                  -14.9314728728242      -19.9990671879842     
     156  1.56                  -14.7315350647564      -19.985959782228      
     157  1.57                  -14.5318028531651      -19.9580981709777     
     158  1.58                  -14.3324193413521      -19.9163632046156     
     159  1.59                  -14.1335190281936      -19.8615952083567     
     160  1.6                   -13.9352282047958      -19.7945956898053     
     161  1.61                  -13.7376653344221      -19.7161289772086     
     162  1.62                  -13.540941416375       -19.6269237911736     
     163  1.63                  -13.3451603344801      -19.5276747525004     
     164  1.64                  -13.1504191908022      -19.4190438286825     
     165  1.65                  -12.9568086251922      -19.301661721521      
     166  1.66                  -12.7644131212421      -19.1761291982075     
     167  1.67                  -12.5733112992032      -19.043018368131      
     168  1.68                  -12.3835761963975      -18.902873907581      
     169  1.69                  -12.1952755356351      -18.7562142344284     
     170  1.7                   -12.0084719821254      -18.6035326347864     
     171  1.71                  -11.8232233893546      -18.4452983435722     
     172  1.72                  -11.6395830343796      -18.2819575808158     
     173  1.73                  -11.4575998429732      -18.1139345454881     
     174  1.74                  -11.2773186050363      -17.9416323685501     
     175  1.75                  -11.0987801806765      -17.7654340268597     
     176  1.76                  -10.9220216973365      -17.5857032195029     
     177  1.77                  -10.7470767383414      -17.4027852080613     
     178  1.78                  -10.573975523217       -17.2170076222595     
     179  1.79                  -10.4027450801192      -17.0286812323863     
     180  1.8                   -10.2334094106998      -16.8381006898232     
     181  1.81                  -10.0659896477209      -16.6455452369626     
     182  1.82                  -9.9005042057181       -16.4512793877484     
     183  1.83                  -9.73696892500016      -16.255553580019      
     184  1.84                  -9.57539720926177      -16.0586048007915     
     185  1.85                  -9.41580015707382      -15.8606571855743     
     186  1.86                  -9.25818668750629      -15.6619225927571     
     187  1.87                  -9.10256366012748      -15.4626011540838     
     188  1.88                  -8.94893598961417      -15.2628818021722     
     189  1.89                  -8.79730675519744      -15.0629427760093     
     190  1.9                   -8.6476773051599       -14.8629521053111     
     191  1.91                  -8.50004735659144      -14.6630680746028     
     192  1.92                  -8.35441509060219      -14.463439667839      
     193  1.93                  -8.21077724318323      -14.2642069943522     
     194  1.94                  -8.06912919189799      -14.065501696887      
     195  1.95                  -7.92946503857991      -13.8674473424453     
     196  1.96                  -7.79177768820462      -13.6701597966413     
     197  1.97                  -7.65605892409823      -13.4737475822347     
     198  1.98                  -7.52229947963673      -13.2783122224857     
     199  1.99                  -7.39048910658511      -13.0839485699498     
     200  2                     -7.26061664021889      -12.8907451213031     
     201  2.01                  -7.13267006136484      -12.6987843187702     
     202  2.02                  -7.00663655549215      -12.5081428386973     
     203  2.03                  -6.88250256897989      -12.3188918677979     
     204  2.04                  -6.76025386268163      -12.1310973675737     
     205  2.05                  -6.63987556290287      -11.9448203273927     
     206  2.06                  -6.52135220990252      -11.7601170066906     
     207  2.07                  -6.40466780402486      -11.5770391667397     
     208  2.08                  -6.28980584956419      -11.3956342924127     
     209  2.09                  -6.17674939646013      -11.2159458043529     
     210  2.1                   -6.06548107991761      -11.0380132619435     
     211  2.11                  -5.95598315804147      -10.8618725574554     
     212  2.12                  -5.84823754757229      -10.6875561017355     
     213  2.13                  -5.74222585780607      -10.5150930017845     
     214  2.14                  -5.63792942277742      -10.344509230559      
     215  2.15                  -5.53532933178209      -10.1758277893176     
     216  2.16                  -5.43440645831221      -10.0090688628208     
     217  2.17                  -5.33514148747387      -9.84424996767923     
     218  2.18                  -5.2375149419544       -9.68138609413398     
     219  2.19                  -5.14150720660348      -9.52048984154249     
     220  2.2                   -5.04709855168983      -9.36157154783029     
     221  2.21                  -4.9542691548924       -9.20463941315987     
     222  2.22                  -4.86299912208293      -9.04969961805766     
     223  2.23                  -4.77326850695383      -8.89675643622967     
     224  2.24                  -4.68505732954364      -8.74581234228797     
     225  2.25                  -4.59834559370972      -8.59686811460034     
     226  2.26                  -4.51311330359602      -8.44992293346755     
     227  2.27                  -4.42934047914158      -8.30497447482397     
     228  2.28                  -4.34700717067363      -8.1620189996495      
     229  2.29                  -4.26609347262728      -8.02105143927313     
     230  2.3                   -4.18657953643199      -7.88206547674124     
     231  2.31                  -4.10844558260329      -7.74505362441651     
     232  2.32                  -4.03167191207677      -7.61000729796684     
     233  2.33                  -3.95623891681951      -7.47691688689685     
     234  2.34                  -3.88212708975296      -7.34577182176885     
     235  2.35                  -3.80931703401948      -7.21656063825362     
     236  2.36                  -3.7377894716237       -7.0892710381459      
     237  2.37                  -3.66752525147843      -6.96388994747427     
     238  2.38                  -3.5985053568833       -6.84040357182902     
     239  2.39                  -3.53071091246377      -6.71879744902762     
     240  2.4                   -3.4641231905961       -6.5990564992314      
     241  2.41                  -3.39872361734359      -6.48116507262343     
     242  2.42                  -3.3344937779277       -6.3651069947523      
     243  2.43                  -3.27141542175708      -6.25086560964261     
     244  2.44                  -3.20947046703613      -6.13842382076884     
     245  2.45                  -3.14864100497424      -6.02776412998507     
     246  2.46                  -3.08890930361551      -5.91886867449944     
     247  2.47                  -3.03025781130815      -5.81171926197859     
     248  2.48                  -2.97266915983187      -5.7062974038635      
     249  2.49                  -2.91612616720074      -5.6025843469753      
     250  2.5                   -2.86061184015814      -5.50056110348585     
     251  2.51                  -2.80610937638002      -5.40020847932522     
     252  2.52                  -2.75260216640146      -5.30150710109495     
     253  2.53                  -2.70007379528143      -5.20443744155327     
     254  2.54                  -2.64850804401945      -5.10897984373557     
     255  2.55                  -2.59788889073774      -5.01511454377097     
     256  2.56                  -2.54820051164134      -4.92282169245312     
     257  2.57                  -2.49942728176866      -4.83208137562115     
     258  2.58                  -2.45155377554382      -4.74287363340403     
     259  2.59                  -2.40456476714212      -4.65517847837982     
     260  2.6                   -2.35844523067906      -4.5689759126988      
     261  2.61                  -2.31318034023315      -4.48424594421744     
     262  2.62                  -2.26875546971212      -4.40096860168843     
     263  2.63                  -2.22515619257182      -4.3191239490499      
     264  2.64                  -2.18236828139646      -4.23869209885514     
     265  2.65                  -2.14037770734877      -4.15965322488251     
     266  2.66                  -2.09917063949799      -4.08198757396348     
     267  2.67                  -2.05873344403328      -4.00567547706508     
     268  2.68                  -2.01905268336996      -3.93069735966176     
     269  2.69                  -1.9801151151554       -3.85703375142971     
     270  2.7                   -1.94190769118123      -3.78466529529581     
     271  2.71                  -1.90441755620818      -3.71357275587169     
     272  2.72                  -1.86763204670949      -3.6437370273021      
     273  2.73                  -1.83153868953869      -3.57513914055568     
     274  2.74                  -1.79612520052711      -3.50776027018492     
     275  2.75                  -1.7613794830164       -3.44158174058097     
     276  2.76                  -1.72728962633081      -3.37658503174782     
     277  2.77                  -1.69384390419419      -3.31275178461948     
     278  2.78                  -1.66103077309585      -3.25006380594246     
     279  2.79                  -1.62883887060978      -3.18850307274528     
     280  2.8                   -1.59725701367117      -3.12805173641538     
     281  2.81                  -1.56627419681391      -3.06869212640333     
     282  2.82                  -1.53587959037299      -3.01040675357301     
     283  2.83                  -1.506062538655        -2.95317831321585     
     284  2.84                  -1.47681255808011      -2.89698968774635     
     285  2.85                  -1.44811933529864      -2.84182394909537     
     286  2.86                  -1.41997272528513      -2.7876643608168      
     287  2.87                  -1.3923627494127       -2.7344943799229      
     288  2.88                  -1.36527959351038      -2.68229765846244     
     289  2.89                  -1.33871360590588      -2.63105804485558     
     290  2.9                   -1.31265529545615      -2.5807595849985      
     291  2.91                  -1.287095329568        -2.53138652315042     
     292  2.92                  -1.26202453221094      -2.48292330261488     
     293  2.93                  -1.23743388192408      -2.43535456622692     
     294  2.94                  -1.21331450981923      -2.38866515665682     
     295  2.95                  -1.18965769758165      -2.34284011654112     
     296  2.96                  -1.16645487547052      -2.2978646884507      
     297  2.97                  -1.14369762032031      -2.25372431470548     
     298  2.98                  -1.1213776535449       -2.21040463704483     
     299  2.99                  -1.09948683914553      -2.16789149616236     
     300  3                     -1.07801718172417      -2.12617093111327     
     301  3.01                  -1.05696082450334      -2.08522917860231     
     302  3.02                  -1.03631004735366      -2.04505267215961     
     303  3.03                  -1.01605726483015      -2.00562804121181     
     304  3.04                  -0.996195024218316     -1.9669421100551      
     305  3.05                  -0.976716003590983     -1.92898189673679     
     306  3.06                  -0.957613009876723     -1.89173461185161     
     307  3.07                  -0.938878976940747     -1.85518765725859     
     308  3.08                  -0.920506963678969     -1.81932862472411     
     309  3.09                  -0.902490152126019     -1.78414529449664     
     310  3.1                   -0.884821845577815     -1.749625633818       
     311  3.11                  -0.867495466729296     -1.71575779537626     
     312  3.12                  -0.850504555827964     -1.68253011570466     
     313  3.13                  -0.833842768843598     -1.64993111353108     
     314  3.14                  -0.81750387565479      -1.61794948808215     
     315  3.15                  -0.801481758252578     -1.58657411734597     
     316  3.16                  -0.785770408961712     -1.55579405629722     
     317  3.17                  -0.770363928679763     -1.52559853508822     
     318  3.18                  -0.755256525134567     -1.49597695720933     
     319  3.19                  -0.740442511160115     -1.46691889762184     
     320  3.2                   -0.725916302991318     -1.43841410086653     
     321  3.21                  -0.711672418577733     -1.41045247915071     
     322  3.22                  -0.697705475916561     -1.38302411041638     
     323  3.23                  -0.68401019140502      -1.35611923639237     
     324  3.24                  -0.670581378212263     -1.32972826063263     
     325  3.25                  -0.657413944671006     -1.30384174654313     
     326  3.26                  -0.644502892688901     -1.27845041539961     
     327  3.27                  -0.631843316179772     -1.25354514435816     
     328  3.28                  -0.6194303995148       -1.22911696446058     
     329  3.29                  -0.60725941599364      -1.20515705863651     
     330  3.3                   -0.595325726335532     -1.18165675970391     
     331  3.31                  -0.583624777190441     -1.15860754836962     
     332  3.32                  -0.57215209967014      -1.13600105123157     
     333  3.33                  -0.560903307899276     -1.11382903878399     
     334  3.34                  -0.549874097586374     -1.09208342342712     
     335  3.35                  -0.539060244614689     -1.07075625748267     
     336  3.36                  -0.528457603652897     -1.0498397312161      
     337  3.37                  -0.518062106785528     -1.0293261708671      
     338  3.38                  -0.507869762162994     -1.00920803668912     
     339  3.39                  -0.497876652671245     -0.98947792099903     
     340  3.4                   -0.488078934620828     -0.970128546237837    
     341  3.41                  -0.478472836455297     -0.951152763043287    
     342  3.42                  -0.469054657478829     -0.932543548335185    
     343  3.43                  -0.459820766602912     -0.914294003414172    
     344  3.44                  -0.450767601112008     -0.89639735207464     
     345  3.45                  -0.441891665447958     -0.87884693873245     
     346  3.46                  -0.433189530013092     -0.861636226568009    
     347  3.47                  -0.424657829991779     -0.844758795685292    
     348  3.48                  -0.416293264190357     -0.828208341287285    
     349  3.49                  -0.40809259389516      -0.811978671868322    
     350  3.5                   -0.400052641748598     -0.796063707423719    
     351  3.51                  -0.392170290643024     -0.780457477677113    
     352  3.52                  -0.384442482632212     -0.765154120325826    
     353  3.53                  -0.376866217860354     -0.750147879304586    
     354  3.54                  -0.369438553508263     -0.735433103067872    
     355  3.55                  -0.362156602756698     -0.721004242891135    
     356  3.56                  -0.355017533766573     -0.706855851191119    
     357  3.57                  -0.348018568675832     -0.692982579865472    
     358  3.58                  -0.341156982612913     -0.679379178651804    
     359  3.59                  -0.334430102726415     -0.666040493506349    
     360  3.6                   -0.327835307230984     -0.652961465002335    
     361  3.61                  -0.321370024469032     -0.640137126748166    
     362  3.62                  -0.31503173198824      -0.62756260382549     
     363  3.63                  -0.308817955634535     -0.615233111247194    
     364  3.64                  -0.3027262686604       -0.603143952435389    
     365  3.65                  -0.296754290848331     -0.591290517719373    
     366  3.66                  -0.290899687649171     -0.579668282853603    
     367  3.67                  -0.285160169335201     -0.568272807555637    
     368  3.68                  -0.279533490167716     -0.55709973406403     
     369  3.69                  -0.274017447578963     -0.54614478571615     
     370  3.7                   -0.268609881368169     -0.535403765545839    
     371  3.71                  -0.263308672911511     -0.524872554900861    
     372  3.72                  -0.258111744385805     -0.514547112080069    
     373  3.73                  -0.253017058005729     -0.504423470990179    
     374  3.74                  -0.248022615274373     -0.494497739822078    
     375  3.75                  -0.243126456246943     -0.484766099746521    
     376  3.76                  -0.238326658807406     -0.475224803629145    
     377  3.77                  -0.233621337957872     -0.465870174764632    
     378  3.78                  -0.229008645120563     -0.456698605629917    
     379  3.79                  -0.224486767452152     -0.447706556656279    
     380  3.8                   -0.220053927170263     -0.43889055502019     
     381  3.81                  -0.215708380892004     -0.430247193452744    
     382  3.82                  -0.211448418984292     -0.421773129067537    
     383  3.83                  -0.207272364925806     -0.413465082206802    
     384  3.84                  -0.203178574680398     -0.405319835305661    
     385  3.85                  -0.199165436081776     -0.397334231774297    
     386  3.86                  -0.195231368229261     -0.38950517489789     
     387  3.87                  -0.191374820894459     -0.381829626754123    
     388  3.88                  -0.187594273938687     -0.374304607148077    
     389  3.89                  -0.183888236740939     -0.366927192564339    
     390  3.9                   -0.180255247636283     -0.359694515136119    
     391  3.91                  -0.176693873364433     -0.352603761631208    
     392  3.92                  -0.173202708528413     -0.34565217245455     
     393  3.93                  -0.16978037506312      -0.33883704066727     
     394  3.94                  -0.166425521713567     -0.332155711021943    
     395  3.95                  -0.163136823522756     -0.325605579013906    
     396  3.96                  -0.159912981328916     -0.319184089948422    
     397  3.97                  -0.156752721271987     -0.312888738023495    
     398  3.98                  -0.153654794309244     -0.306717065428139    
     399  3.99                  -0.150617975739817     -0.30066666145589     
     400  4                     -0.147641064738004     -0.29473516163338     
