0.0 300.0 -3.8923892 0.57882592 
1.0 298.52606 -3.8704212 0.57882617 
2.0 297.04847 -3.8483989 0.57882643 
3.0 295.5675 -3.8263262 0.57882668 
4.0 294.08343 -3.8042073 0.57882694 
5.0 292.59652 -3.7820461 0.57882719 
6.0 291.10706 -3.7598468 0.57882745 
7.0 289.61531 -3.7376135 0.57882771 
8.0 288.12156 -3.7153503 0.57882796 
9.0 286.62608 -3.6930613 0.57882822 
10.0 285.12915 -3.6707507 0.57882848 
11.0 283.63104 -3.6484226 0.57882874 
12.0 282.13204 -3.626081 0.578829 
13.0 280.63241 -3.6037303 0.57882926 
14.0 279.13244 -3.5813745 0.57882952 
15.0 277.63242 -3.5590177 0.57882978 
16.0 276.1326 -3.5366641 0.57883003 
17.0 274.63328 -3.514318 0.57883029 
18.0 273.13474 -3.4919834 0.57883055 
19.0 271.63725 -3.4696644 0.57883081 
20.0 270.14109 -3.4473653 0.57883107 
21.0 268.64654 -3.4250902 0.57883133 
22.0 267.15388 -3.4028433 0.57883159 
23.0 265.66339 -3.3806287 0.57883185 
24.0 264.17534 -3.3584505 0.57883211 
25.0 262.69002 -3.3363129 0.57883237 
26.0 261.2077 -3.3142201 0.57883263 
27.0 259.72866 -3.2921761 0.57883288 
28.0 258.25317 -3.270185 0.57883314 
29.0 256.78151 -3.2482511 0.5788334 
30.0 255.31396 -3.2263784 0.57883365 
31.0 253.85079 -3.204571 0.57883391 
32.0 252.39227 -3.1828329 0.57883416 
33.0 250.93868 -3.1611683 0.57883442 
34.0 249.4903 -3.1395812 0.57883467 
35.0 248.04738 -3.1180757 0.57883492 
36.0 246.61021 -3.0966559 0.57883517 
37.0 245.17906 -3.0753256 0.57883542 
38.0 243.75419 -3.054089 0.57883567 
39.0 242.33587 -3.03295 0.57883592 
40.0 240.92436 -3.0119126 0.57883617 
41.0 239.51994 -2.9909808 0.57883642 
42.0 238.12287 -2.9701585 0.57883666 
43.0 236.73341 -2.9494497 0.5788369 
44.0 235.35182 -2.9288582 0.57883715 
45.0 233.97836 -2.9083878 0.57883739 
46.0 232.6133 -2.8880426 0.57883763 
47.0 231.25688 -2.8678263 0.57883787 
48.0 229.90937 -2.8477427 0.5788381 
49.0 228.57102 -2.8277957 0.57883834 
50.0 227.24209 -2.807989 0.57883857 
51.0 225.92282 -2.7883263 0.57883881 
52.0 224.61347 -2.7688113 0.57883904 
53.0 223.31427 -2.7494479 0.57883927 
54.0 222.02549 -2.7302395 0.57883949 
55.0 220.74735 -2.7111899 0.57883972 
56.0 219.48012 -2.6923027 0.57883994 
57.0 218.22401 -2.6735815 0.57884016 
58.0 216.97928 -2.6550298 0.57884038 
59.0 215.74616 -2.6366511 0.5788406 
60.0 214.52489 -2.6184489 0.57884082 
61.0 213.31569 -2.6004267 0.57884103 
62.0 212.11879 -2.5825879 0.57884124 
63.0 210.93443 -2.5649359 0.57884145 
64.0 209.76283 -2.547474 0.57884166 
65.0 208.60421 -2.5302057 0.57884187 
66.0 207.45879 -2.5131341 0.57884207 
67.0 206.32679 -2.4962626 0.57884227 
68.0 205.20843 -2.4795943 0.57884247 
69.0 204.10392 -2.4631324 0.57884266 
70.0 203.01347 -2.4468801 0.57884286 
71.0 201.93729 -2.4308405 0.57884305 
72.0 200.87559 -2.4150166 0.57884324 
73.0 199.82856 -2.3994115 0.57884342 
74.0 198.79641 -2.3840281 0.57884361 
75.0 197.77934 -2.3688694 0.57884379 
76.0 196.77754 -2.3539384 0.57884397 
77.0 195.7912 -2.3392378 0.57884414 
78.0 194.82052 -2.3247705 0.57884432 
79.0 193.86567 -2.3105392 0.57884449 
80.0 192.92685 -2.2965468 0.57884466 
81.0 192.00423 -2.2827959 0.57884482 
82.0 191.09799 -2.2692891 0.57884498 
83.0 190.2083 -2.256029 0.57884514 
84.0 189.33535 -2.2430182 0.5788453 
85.0 188.47928 -2.2302592 0.57884545 
86.0 187.64028 -2.2177545 0.5788456 
87.0 186.8185 -2.2055065 0.57884575 
88.0 186.0141 -2.1935175 0.5788459 
89.0 185.22723 -2.1817899 0.57884604 
90.0 184.45806 -2.170326 0.57884618 
91.0 183.70672 -2.1591279 0.57884631 
92.0 182.97337 -2.1481978 0.57884644 
93.0 182.25814 -2.1375379 0.57884657 
94.0 181.56118 -2.1271502 0.5788467 
95.0 180.88262 -2.1170368 0.57884682 
96.0 180.22259 -2.1071996 0.57884694 
97.0 179.58123 -2.0976406 0.57884706 
98.0 178.95865 -2.0883616 0.57884717 
99.0 178.35498 -2.0793644 0.57884728 
100.0 177.77035 -2.0706508 0.57884739 
101.0 177.20485 -2.0622225 0.57884749 
102.0 176.65861 -2.0540812 0.57884759 
103.0 176.13173 -2.0462285 0.57884769 
104.0 175.62431 -2.0386658 0.57884778 
105.0 175.13647 -2.0313948 0.57884787 
106.0 174.66828 -2.0244169 0.57884796 
107.0 174.21985 -2.0177334 0.57884804 
108.0 173.79127 -2.0113457 0.57884812 
109.0 173.38261 -2.005255 0.57884819 
110.0 172.99397 -1.9994626 0.57884827 
111.0 172.62542 -1.9939697 0.57884834 
112.0 172.27704 -1.9887773 0.5788484 
113.0 171.94889 -1.9838865 0.57884846 
114.0 171.64105 -1.9792983 0.57884852 
115.0 171.35357 -1.9750136 0.57884858 
116.0 171.08651 -1.9710333 0.57884863 
117.0 170.83994 -1.9673583 0.57884867 
118.0 170.61389 -1.9639893 0.57884872 
119.0 170.40843 -1.960927 0.57884876 
120.0 170.22359 -1.9581721 0.5788488 
121.0 170.05941 -1.9557252 0.57884883 
122.0 169.91593 -1.9535868 0.57884886 
123.0 169.79319 -1.9517573 0.57884888 
124.0 169.6912 -1.9502373 0.57884891 
125.0 169.61 -1.949027 0.57884892 
126.0 169.5496 -1.9481268 0.57884894 
127.0 169.51002 -1.9475369 0.57884895 
128.0 169.49127 -1.9472575 0.57884896 
129.0 169.49337 -1.9472887 0.57884896 
130.0 169.51631 -1.9476306 0.57884896 
131.0 169.5601 -1.9482833 0.57884896 
132.0 169.62473 -1.9492466 0.57884895 
133.0 169.7102 -1.9505204 0.57884894 
134.0 169.8165 -1.9521047 0.57884893 
135.0 169.94361 -1.9539991 0.57884891 
136.0 170.0915 -1.9562034 0.57884889 
137.0 170.26017 -1.9587173 0.57884886 
138.0 170.44958 -1.9615403 0.57884883 
139.0 170.6597 -1.964672 0.5788488 
140.0 170.8905 -1.9681119 0.57884876 
141.0 171.14194 -1.9718594 0.57884872 
142.0 171.41397 -1.9759138 0.57884868 
143.0 171.70656 -1.9802745 0.57884863 
144.0 172.01964 -1.9849408 0.57884858 
145.0 172.35317 -1.9899118 0.57884853 
146.0 172.70709 -1.9951866 0.57884847 
147.0 173.08133 -2.0007644 0.57884841 
148.0 173.47583 -2.0066441 0.57884834 
149.0 173.89052 -2.0128248 0.57884827 
150.0 174.32533 -2.0193053 0.5788482 
151.0 174.78018 -2.0260845 0.57884812 
152.0 175.25499 -2.0331611 0.57884804 
153.0 175.74967 -2.0405339 0.57884796 
154.0 176.26414 -2.0482017 0.57884787 
155.0 176.7983 -2.0561629 0.57884778 
156.0 177.35206 -2.0644163 0.57884769 
157.0 177.92531 -2.0729602 0.57884759 
158.0 178.51796 -2.0817932 0.57884749 
159.0 179.1299 -2.0909137 0.57884739 
160.0 179.76101 -2.1003199 0.57884728 
161.0 180.41119 -2.1100103 0.57884717 
162.0 181.08031 -2.119983 0.57884706 
163.0 181.76825 -2.1302362 0.57884694 
164.0 182.47489 -2.140768 0.57884682 
165.0 183.20009 -2.1515767 0.5788467 
166.0 183.94373 -2.1626601 0.57884657 
167.0 184.70567 -2.1740162 0.57884644 
168.0 185.48577 -2.185643 0.57884631 
169.0 186.28389 -2.1975383 0.57884617 
170.0 187.09988 -2.2097 0.57884603 
171.0 187.93359 -2.2221258 0.57884588 
172.0 188.78487 -2.2348135 0.57884574 
173.0 189.65356 -2.2477606 0.57884559 
174.0 190.53951 -2.2609649 0.57884544 
175.0 191.44254 -2.274424 0.57884528 
176.0 192.3625 -2.2881352 0.57884512 
177.0 193.29921 -2.3020961 0.57884496 
178.0 194.2525 -2.3163042 0.5788448 
179.0 195.2222 -2.3307568 0.57884463 
180.0 196.20812 -2.3454512 0.57884446 
181.0 197.21009 -2.3603847 0.57884429 
182.0 198.22791 -2.3755547 0.57884411 
183.0 199.26141 -2.3909581 0.57884393 
184.0 200.31039 -2.4065923 0.57884375 
185.0 201.37465 -2.4224543 0.57884357 
186.0 202.454 -2.4385412 0.57884338 
187.0 203.54824 -2.45485 0.57884319 
188.0 204.65716 -2.4713777 0.578843 
189.0 205.78057 -2.4881211 0.5788428 
190.0 206.91825 -2.5050773 0.57884261 
191.0 208.06998 -2.5222431 0.57884241 
192.0 209.23557 -2.5396152 0.5788422 
193.0 210.41479 -2.5571905 0.578842 
194.0 211.60741 -2.5749657 0.57884179 
195.0 212.81323 -2.5929375 0.57884158 
196.0 214.03201 -2.6111025 0.57884137 
197.0 215.26353 -2.6294574 0.57884116 
198.0 216.50756 -2.6479987 0.57884094 
199.0 217.76388 -2.666723 0.57884072 
200.0 219.03223 -2.6856269 0.5788405 
201.0 220.31239 -2.7047067 0.57884028 
202.0 221.60413 -2.723959 0.57884005 
203.0 222.90719 -2.7433801 0.57883983 
204.0 224.22134 -2.7629665 0.5788396 
205.0 225.54633 -2.7827145 0.57883937 
206.0 226.88192 -2.8026203 0.57883913 
207.0 228.22785 -2.8226804 0.5788389 
208.0 229.58387 -2.8428909 0.57883866 
209.0 230.94974 -2.8632481 0.57883842 
210.0 232.3252 -2.8837482 0.57883818 
211.0 233.70998 -2.9043874 0.57883794 
212.0 235.10384 -2.9251617 0.5788377 
213.0 236.5065 -2.9460674 0.57883745 
214.0 237.91772 -2.9671004 0.57883721 
215.0 239.33722 -2.988257 0.57883696 
216.0 240.76474 -3.0095331 0.57883671 
217.0 242.20002 -3.0309248 0.57883646 
218.0 243.64278 -3.052428 0.57883621 
219.0 245.09276 -3.0740388 0.57883596 
220.0 246.54968 -3.0957531 0.5788357 
221.0 248.01327 -3.1175668 0.57883544 
222.0 249.48326 -3.1394759 0.57883519 
223.0 250.95938 -3.1614763 0.57883493 
224.0 252.44134 -3.1835638 0.57883467 
225.0 253.92887 -3.2057343 0.57883441 
226.0 255.4217 -3.2279836 0.57883415 
227.0 256.91953 -3.2503077 0.57883389 
228.0 258.4221 -3.2727023 0.57883362 
229.0 259.92912 -3.2951633 0.57883336 
230.0 261.4403 -3.3176863 0.5788331 
231.0 262.95538 -3.3402673 0.57883283 
232.0 264.47405 -3.3629019 0.57883257 
233.0 265.99604 -3.385586 0.5788323 
234.0 267.52106 -3.4083153 0.57883203 
235.0 269.04883 -3.4310855 0.57883177 
236.0 270.57906 -3.4538924 0.5788315 
237.0 272.11146 -3.4767317 0.57883123 
238.0 273.64575 -3.4995991 0.57883096 
239.0 275.18164 -3.5224903 0.57883069 
240.0 276.71884 -3.5454011 0.57883042 
241.0 278.25706 -3.5683271 0.57883015 
242.0 279.79602 -3.591264 0.57882988 
243.0 281.33542 -3.6142077 0.57882961 
244.0 282.87498 -3.6371536 0.57882934 
245.0 284.41441 -3.6600976 0.57882907 
246.0 285.95342 -3.6830354 0.5788288 
247.0 287.49173 -3.7059626 0.57882854 
248.0 289.02903 -3.728875 0.57882827 
249.0 290.56505 -3.7517682 0.578828 
250.0 292.0995 -3.774638 0.57882773 
251.0 293.63209 -3.79748 0.57882746 
252.0 295.16253 -3.82029 0.57882719 
253.0 296.69054 -3.8430638 0.57882692 
254.0 298.21583 -3.865797 0.57882666 
255.0 299.73811 -3.8884854 0.57882639 
256.0 301.25709 -3.9111247 0.57882612 
257.0 302.7725 -3.9337107 0.57882586 
258.0 304.28405 -3.9562392 0.57882559 
259.0 305.79145 -3.9787059 0.57882533 
260.0 307.29443 -4.0011066 0.57882507 
261.0 308.7927 -4.0234371 0.5788248 
262.0 310.28597 -4.0456932 0.57882454 
263.0 311.77398 -4.0678708 0.57882428 
264.0 313.25644 -4.0899657 0.57882402 
265.0 314.73307 -4.1119738 0.57882376 
266.0 316.2036 -4.1338909 0.5788235 
267.0 317.66775 -4.1557129 0.57882325 
268.0 319.12525 -4.1774358 0.57882299 
269.0 320.57582 -4.1990554 0.57882274 
270.0 322.01919 -4.2205677 0.57882249 
271.0 323.4551 -4.2419688 0.57882223 
272.0 324.88326 -4.2632545 0.57882198 
273.0 326.30342 -4.2844209 0.57882174 
274.0 327.71532 -4.305464 0.57882149 
275.0 329.11867 -4.32638 0.57882124 
276.0 330.51323 -4.3471648 0.578821 
277.0 331.89873 -4.3678145 0.57882076 
278.0 333.27491 -4.3883254 0.57882052 
279.0 334.64151 -4.4086936 0.57882028 
280.0 335.99828 -4.4289152 0.57882004 
281.0 337.34497 -4.4489866 0.5788198 
282.0 338.68132 -4.4689038 0.57881957 
283.0 340.00708 -4.4886633 0.57881934 
284.0 341.32201 -4.5082612 0.57881911 
285.0 342.62585 -4.527694 0.57881888 
286.0 343.91837 -4.5469581 0.57881865 
287.0 345.19933 -4.5660497 0.57881843 
288.0 346.46848 -4.5849654 0.57881821 
289.0 347.72559 -4.6037016 0.57881799 
290.0 348.97042 -4.6222549 0.57881777 
291.0 350.20274 -4.6406216 0.57881756 
292.0 351.42232 -4.6587986 0.57881734 
293.0 352.62893 -4.6767822 0.57881713 
294.0 353.82236 -4.6945693 0.57881693 
295.0 355.00237 -4.7121564 0.57881672 
296.0 356.16874 -4.7295403 0.57881652 
297.0 357.32127 -4.7467178 0.57881632 
298.0 358.45973 -4.7636856 0.57881612 
299.0 359.58391 -4.7804407 0.57881592 
300.0 360.6936 -4.7969798 0.57881573 
301.0 361.7886 -4.8133 0.57881554 
302.0 362.86871 -4.8293981 0.57881535 
303.0 363.93371 -4.8452712 0.57881516 
304.0 364.98343 -4.8609164 0.57881498 
305.0 366.01765 -4.8763307 0.5788148 
306.0 367.03619 -4.8915112 0.57881463 
307.0 368.03887 -4.9064553 0.57881445 
308.0 369.02548 -4.9211601 0.57881428 
309.0 369.99586 -4.9356228 0.57881411 
310.0 370.94982 -4.9498408 0.57881395 
311.0 371.88719 -4.9638116 0.57881379 
312.0 372.80779 -4.9775324 0.57881363 
313.0 373.71145 -4.9910008 0.57881347 
314.0 374.59801 -5.0042143 0.57881332 
315.0 375.46731 -5.0171704 0.57881317 
316.0 376.31917 -5.0298668 0.57881302 
317.0 377.15346 -5.0423012 0.57881288 
318.0 377.97001 -5.0544712 0.57881274 
319.0 378.76867 -5.0663747 0.5788126 
320.0 379.5493 -5.0780093 0.57881247 
321.0 380.31175 -5.0893732 0.57881233 
322.0 381.0559 -5.100464 0.57881221 
323.0 381.78159 -5.1112799 0.57881208 
324.0 382.4887 -5.1218188 0.57881196 
325.0 383.1771 -5.1320789 0.57881184 
326.0 383.84666 -5.1420582 0.57881173 
327.0 384.49727 -5.151755 0.57881162 
328.0 385.1288 -5.1611675 0.57881151 
329.0 385.74115 -5.170294 0.57881141 
330.0 386.33419 -5.1791329 0.57881131 
331.0 386.90784 -5.1876826 0.57881121 
332.0 387.46197 -5.1959416 0.57881112 
333.0 387.9965 -5.2039083 0.57881103 
334.0 388.51133 -5.2115814 0.57881094 
335.0 389.00637 -5.2189596 0.57881086 
336.0 389.48152 -5.2260414 0.57881078 
337.0 389.93671 -5.2328257 0.57881071 
338.0 390.37186 -5.2393112 0.57881064 
339.0 390.78689 -5.2454969 0.57881057 
340.0 391.18173 -5.2513817 0.5788105 
341.0 391.55631 -5.2569645 0.57881044 
342.0 391.91057 -5.2622444 0.57881039 
343.0 392.24444 -5.2672205 0.57881033 
344.0 392.55788 -5.271892 0.57881028 
345.0 392.85082 -5.2762581 0.57881024 
346.0 393.12322 -5.2803181 0.5788102 
347.0 393.37504 -5.2840713 0.57881016 
348.0 393.60624 -5.2875171 0.57881012 
349.0 393.81678 -5.2906549 0.57881009 
350.0 394.00662 -5.2934844 0.57881006 
351.0 394.17574 -5.296005 0.57881004 
352.0 394.32412 -5.2982165 0.57881002 
353.0 394.45174 -5.3001185 0.57881 
354.0 394.55857 -5.3017108 0.57880999 
355.0 394.64461 -5.3029931 0.57880998 
356.0 394.70985 -5.3039655 0.57880998 
357.0 394.75429 -5.3046278 0.57880998 
358.0 394.77792 -5.30498 0.57880998 
359.0 394.78075 -5.3050222 0.57880999 
360.0 394.76279 -5.3047545 0.57881 
361.0 394.72405 -5.3041771 0.57881001 
362.0 394.66455 -5.3032903 0.57881003 
363.0 394.58431 -5.3020943 0.57881005 
364.0 394.48334 -5.3005895 0.57881008 
365.0 394.36169 -5.2987763 0.57881011 
366.0 394.21938 -5.2966553 0.57881014 
367.0 394.05645 -5.2942269 0.57881018 
368.0 393.87294 -5.2914919 0.57881022 
369.0 393.66889 -5.2884507 0.57881026 
370.0 393.44436 -5.2851042 0.57881031 
371.0 393.1994 -5.2814532 0.57881036 
372.0 392.93405 -5.2774985 0.57881042 
373.0 392.64839 -5.2732409 0.57881048 
374.0 392.34248 -5.2686815 0.57881054 
375.0 392.01639 -5.2638213 0.57881061 
376.0 391.67018 -5.2586614 0.57881068 
377.0 391.30394 -5.2532028 0.57881075 
378.0 390.91774 -5.2474469 0.57881083 
379.0 390.51168 -5.2413948 0.57881091 
380.0 390.08583 -5.2350478 0.57881099 
381.0 389.64029 -5.2284074 0.57881108 
382.0 389.17516 -5.221475 0.57881117 
383.0 388.69054 -5.214252 0.57881127 
384.0 388.18652 -5.20674 0.57881137 
385.0 387.66322 -5.1989406 0.57881147 
386.0 387.12075 -5.1908555 0.57881158 
387.0 386.55922 -5.1824863 0.57881169 
388.0 385.97875 -5.1738349 0.5788118 
389.0 385.37946 -5.164903 0.57881192 
390.0 384.76149 -5.1556925 0.57881204 
391.0 384.12495 -5.1462054 0.57881216 
392.0 383.46999 -5.1364437 0.57881229 
393.0 382.79673 -5.1264093 0.57881242 
394.0 382.10533 -5.1161045 0.57881255 
395.0 381.39592 -5.1055312 0.57881269 
396.0 380.66865 -5.0946919 0.57881283 
397.0 379.92367 -5.0835886 0.57881297 
398.0 379.16115 -5.0722237 0.57881312 
399.0 378.38123 -5.0605995 0.57881327 
400.0 377.58407 -5.0487185 0.57881342 
401.0 376.76985 -5.0365832 0.57881357 
402.0 375.93873 -5.0241959 0.57881373 
403.0 375.09088 -5.0115594 0.5788139 
404.0 374.22647 -4.9986761 0.57881406 
405.0 373.3457 -4.9855488 0.57881423 
406.0 372.44873 -4.9721801 0.5788144 
407.0 371.53575 -4.9585729 0.57881457 
408.0 370.60695 -4.9447298 0.57881475 
409.0 369.66252 -4.9306538 0.57881493 
410.0 368.70265 -4.9163477 0.57881511 
411.0 367.72755 -4.9018145 0.5788153 
412.0 366.7374 -4.8870572 0.57881549 
413.0 365.73242 -4.8720787 0.57881568 
414.0 364.71281 -4.8568822 0.57881587 
415.0 363.67878 -4.8414708 0.57881607 
416.0 362.63054 -4.8258476 0.57881627 
417.0 361.56831 -4.8100158 0.57881647 
418.0 360.4923 -4.7939786 0.57881667 
419.0 359.40273 -4.7777395 0.57881688 
420.0 358.29983 -4.7613015 0.57881709 
421.0 357.18381 -4.7446682 0.5788173 
422.0 356.05492 -4.7278429 0.57881751 
423.0 354.91338 -4.7108291 0.57881773 
424.0 353.75942 -4.6936302 0.57881795 
425.0 352.59328 -4.6762497 0.57881817 
426.0 351.41519 -4.6586913 0.57881839 
427.0 350.2254 -4.6409584 0.57881862 
428.0 349.02415 -4.6230547 0.57881885 
429.0 347.81169 -4.6049838 0.57881908 
430.0 346.58826 -4.5867495 0.57881931 
431.0 345.3541 -4.5683554 0.57881954 
432.0 344.10949 -4.5498053 0.57881978 
433.0 342.85465 -4.531103 0.57882001 
434.0 341.58987 -4.5122523 0.57882025 
435.0 340.31538 -4.493257 0.5788205 
436.0 339.03145 -4.474121 0.57882074 
437.0 337.73834 -4.4548482 0.57882098 
438.0 336.43632 -4.4354426 0.57882123 
439.0 335.12565 -4.415908 0.57882148 
440.0 333.80659 -4.3962485 0.57882173 
441.0 332.47943 -4.3764681 0.57882198 
442.0 331.14442 -4.3565708 0.57882223 
443.0 329.80184 -4.3365606 0.57882248 
444.0 328.45196 -4.3164417 0.57882274 
445.0 327.09505 -4.2962181 0.578823 
446.0 325.73141 -4.275894 0.57882326 
447.0 324.36129 -4.2554734 0.57882351 
448.0 322.98498 -4.2349606 0.57882378 
449.0 321.60277 -4.2143598 0.57882404 
450.0 320.21493 -4.1936751 0.5788243 
451.0 318.82174 -4.1729107 0.57882456 
452.0 317.42349 -4.1520709 0.57882483 
453.0 316.02047 -4.1311599 0.57882509 
454.0 314.61296 -4.1101821 0.57882536 
455.0 313.20125 -4.0891416 0.57882563 
456.0 311.78562 -4.0680427 0.5788259 
457.0 310.36637 -4.0468898 0.57882617 
458.0 308.94378 -4.0256872 0.57882644 
459.0 307.51815 -4.0044393 0.57882671 
460.0 306.08976 -3.9831502 0.57882698 
461.0 304.65891 -3.9618244 0.57882725 
462.0 303.22588 -3.9404663 0.57882752 
463.0 301.79098 -3.9190801 0.57882779 
464.0 300.35449 -3.8976704 0.57882807 
465.0 298.91671 -3.8762413 0.57882834 
466.0 297.47793 -3.8547974 0.57882861 
467.0 296.03844 -3.8333429 0.57882889 
468.0 294.59855 -3.8118824 0.57882916 
469.0 293.15853 -3.7904201 0.57882943 
470.0 291.7187 -3.7689604 0.57882971 
471.0 290.27934 -3.7475079 0.57882998 
472.0 288.84074 -3.7260667 0.57883025 
473.0 287.40321 -3.7046413 0.57883053 
474.0 285.96703 -3.6832362 0.5788308 
475.0 284.5325 -3.6618556 0.57883107 
476.0 283.09992 -3.6405041 0.57883135 
477.0 281.66957 -3.6191858 0.57883162 
478.0 280.24175 -3.5979053 0.57883189 
479.0 278.81676 -3.5766668 0.57883216 
480.0 277.39488 -3.5554748 0.57883244 
481.0 275.97641 -3.5343335 0.57883271 
482.0 274.56163 -3.5132474 0.57883298 
483.0 273.15085 -3.4922207 0.57883325 
484.0 271.74434 -3.4712578 0.57883351 
485.0 270.3424 -3.450363 0.57883378 
486.0 268.94532 -3.4295405 0.57883405 
487.0 267.55338 -3.4087947 0.57883432 
488.0 266.16687 -3.3881299 0.57883458 
489.0 264.78608 -3.3675502 0.57883485 
490.0 263.41129 -3.3470599 0.57883511 
491.0 262.04277 -3.3266633 0.57883537 
492.0 260.68083 -3.3063645 0.57883563 
493.0 259.32573 -3.2861678 0.57883589 
494.0 257.97776 -3.2660773 0.57883615 
495.0 256.63719 -3.2460971 0.57883641 
496.0 255.3043 -3.2262314 0.57883667 
497.0 253.97937 -3.2064844 0.57883692 
498.0 252.66267 -3.18686 0.57883718 
499.0 251.35447 -3.1673623 0.57883743 
500.0 250.05506 -3.1479954 0.57883768 
501.0 248.76468 -3.1287634 0.57883793 
502.0 247.48362 -3.1096701 0.57883818 
503.0 246.21213 -3.0907196 0.57883842 
504.0 244.95049 -3.0719157 0.57883867 
505.0 243.69895 -3.0532625 0.57883891 
506.0 242.45778 -3.0347638 0.57883915 
507.0 241.22723 -3.0164234 0.57883939 
508.0 240.00756 -2.9982451 0.57883962 
509.0 238.79903 -2.9802328 0.57883986 
510.0 237.60188 -2.9623903 0.57884009 
511.0 236.41637 -2.9447211 0.57884032 
512.0 235.24275 -2.9272292 0.57884055 
513.0 234.08125 -2.909918 0.57884078 
514.0 232.93213 -2.8927912 0.578841 
515.0 231.79563 -2.8758525 0.57884123 
516.0 230.67198 -2.8591053 0.57884145 
517.0 229.56142 -2.8425533 0.57884166 
518.0 228.46419 -2.8261998 0.57884188 
519.0 227.38051 -2.8100484 0.57884209 
520.0 226.31061 -2.7941025 0.5788423 
521.0 225.25473 -2.7783653 0.57884251 
522.0 224.21308 -2.7628403 0.57884272 
523.0 223.18588 -2.7475307 0.57884292 
524.0 222.17336 -2.7324398 0.57884312 
525.0 221.17572 -2.7175708 0.57884332 
526.0 220.19319 -2.7029268 0.57884351 
527.0 219.22596 -2.688511 0.5788437 
528.0 218.27425 -2.6743265 0.57884389 
529.0 217.33826 -2.6603763 0.57884408 
530.0 216.41819 -2.6466633 0.57884426 
531.0 215.51423 -2.6331905 0.57884445 
532.0 214.62659 -2.6199609 0.57884462 
533.0 213.75545 -2.6069772 0.5788448 
534.0 212.901 -2.5942422 0.57884497 
535.0 212.06343 -2.5817588 0.57884514 
536.0 211.24291 -2.5695297 0.57884531 
537.0 210.43963 -2.5575574 0.57884547 
538.0 209.65376 -2.5458446 0.57884563 
539.0 208.88548 -2.5343939 0.57884579 
540.0 208.13494 -2.5232077 0.57884594 
541.0 207.40232 -2.5122885 0.57884609 
542.0 206.68778 -2.5016388 0.57884624 
543.0 205.99147 -2.4912609 0.57884638 
544.0 205.31356 -2.4811571 0.57884652 
545.0 204.65418 -2.4713296 0.57884666 
546.0 204.0135 -2.4617806 0.57884679 
547.0 203.39164 -2.4525123 0.57884693 
548.0 202.78876 -2.4435268 0.57884705 
549.0 202.20499 -2.4348261 0.57884718 
550.0 201.64045 -2.4264122 0.5788473 
551.0 201.09529 -2.4182869 0.57884741 
552.0 200.56963 -2.4104523 0.57884753 
553.0 200.06358 -2.40291 0.57884764 
554.0 199.57727 -2.3956619 0.57884774 
555.0 199.1108 -2.3887096 0.57884785 
556.0 198.6643 -2.3820548 0.57884795 
557.0 198.23786 -2.375699 0.57884804 
558.0 197.83159 -2.3696439 0.57884813 
559.0 197.44559 -2.3638908 0.57884822 
560.0 197.07995 -2.3584412 0.57884831 
561.0 196.73476 -2.3532964 0.57884839 
562.0 196.41011 -2.3484577 0.57884847 
563.0 196.10608 -2.3439263 0.57884854 
564.0 195.82275 -2.3397035 0.57884861 
565.0 195.5602 -2.3357903 0.57884868 
566.0 195.31849 -2.3321878 0.57884874 
567.0 195.09769 -2.328897 0.5788488 
568.0 194.89787 -2.3259187 0.57884885 
569.0 194.71908 -2.323254 0.5788489 
570.0 194.56137 -2.3209035 0.57884895 
571.0 194.42481 -2.3188681 0.57884899 
572.0 194.30943 -2.3171484 0.57884903 
573.0 194.21527 -2.3157451 0.57884907 
574.0 194.14238 -2.3146587 0.5788491 
575.0 194.09078 -2.3138897 0.57884913 
576.0 194.06052 -2.3134386 0.57884915 
577.0 194.0516 -2.3133057 0.57884917 
578.0 194.06406 -2.3134913 0.57884919 
579.0 194.09791 -2.3139958 0.5788492 
580.0 194.15317 -2.3148193 0.57884921 
581.0 194.22983 -2.315962 0.57884922 
582.0 194.32792 -2.3174239 0.57884922 
583.0 194.44742 -2.3192049 0.57884921 
584.0 194.58834 -2.3213052 0.57884921 
585.0 194.75066 -2.3237245 0.5788492 
586.0 194.93438 -2.3264626 0.57884918 
587.0 195.13947 -2.3295194 0.57884916 
588.0 195.36593 -2.3328945 0.57884914 
589.0 195.61371 -2.3365875 0.57884912 
590.0 195.8828 -2.3405981 0.57884909 
591.0 196.17316 -2.3449256 0.57884905 
592.0 196.48476 -2.3495697 0.57884901 
593.0 196.81755 -2.3545296 0.57884897 
594.0 197.17148 -2.3598047 0.57884893 
595.0 197.54651 -2.3653943 0.57884888 
596.0 197.94259 -2.3712975 0.57884882 
597.0 198.35965 -2.3775134 0.57884877 
598.0 198.79764 -2.3840413 0.57884871 
599.0 199.25648 -2.39088 0.57884864 
600.0 199.73611 -2.3980285 0.57884857 
601.0 200.23646 -2.4054857 0.5788485 
602.0 200.75744 -2.4132505 0.57884842 
603.0 201.29897 -2.4213216 0.57884835 
604.0 201.86097 -2.4296978 0.57884826 
605.0 202.44334 -2.4383776 0.57884817 
606.0 203.046 -2.4473597 0.57884808 
607.0 203.66884 -2.4566426 0.57884799 
608.0 204.31176 -2.4662248 0.57884789 
609.0 204.97465 -2.4761047 0.57884779 
610.0 205.65741 -2.4862806 0.57884768 
611.0 206.35991 -2.4967509 0.57884757 
612.0 207.08205 -2.5075138 0.57884746 
613.0 207.82369 -2.5185674 0.57884734 
614.0 208.58472 -2.5299099 0.57884722 
615.0 209.365 -2.5415394 0.5788471 
616.0 210.1644 -2.5534538 0.57884697 
617.0 210.98279 -2.5656512 0.57884684 
618.0 211.82001 -2.5781294 0.57884671 
619.0 212.67593 -2.5908862 0.57884657 
620.0 213.5504 -2.6039195 0.57884643 
621.0 214.44327 -2.6172269 0.57884629 
622.0 215.35437 -2.6308062 0.57884614 
623.0 216.28355 -2.644655 0.57884599 
624.0 217.23066 -2.6587708 0.57884583 
625.0 218.19551 -2.6731511 0.57884568 
626.0 219.17794 -2.6877935 0.57884552 
627.0 220.17778 -2.7026953 0.57884535 
628.0 221.19484 -2.7178539 0.57884519 
629.0 222.22896 -2.7332666 0.57884502 
630.0 223.27994 -2.7489306 0.57884484 
631.0 224.3476 -2.7648432 0.57884467 
632.0 225.43174 -2.7810015 0.57884449 
633.0 226.53218 -2.7974027 0.5788443 
634.0 227.64871 -2.8140437 0.57884412 
635.0 228.78114 -2.8309217 0.57884393 
636.0 229.92926 -2.8480334 0.57884374 
637.0 231.09286 -2.865376 0.57884354 
638.0 232.27173 -2.8829462 0.57884335 
639.0 233.46567 -2.9007409 0.57884315 
640.0 234.67445 -2.9187569 0.57884294 
641.0 235.89786 -2.9369908 0.57884274 
642.0 237.13567 -2.9554394 0.57884253 
643.0 238.38766 -2.9740994 0.57884232 
644.0 239.6536 -2.9929672 0.5788421 
645.0 240.93326 -3.0120396 0.57884189 
646.0 242.22641 -3.031313 0.57884167 
647.0 243.53281 -3.0507838 0.57884145 
648.0 244.85223 -3.0704487 0.57884122 
649.0 246.18441 -3.0903038 0.578841 
650.0 247.52912 -3.1103457 0.57884077 
651.0 248.88611 -3.1305705 0.57884054 
652.0 250.25513 -3.1509747 0.57884031 
653.0 251.63593 -3.1715545 0.57884007 
654.0 253.02825 -3.192306 0.57883983 
655.0 254.43185 -3.2132255 0.57883959 
656.0 255.84645 -3.234309 0.57883935 
657.0 257.27181 -3.2555528 0.57883911 
658.0 258.70764 -3.2769529 0.57883886 
659.0 260.1537 -3.2985053 0.57883861 
660.0 261.60972 -3.320206 0.57883836 
661.0 263.07541 -3.3420511 0.57883811 
662.0 264.55052 -3.3640364 0.57883786 
663.0 266.03477 -3.3861579 0.5788376 
664.0 267.52788 -3.4084116 0.57883735 
665.0 269.02957 -3.4307932 0.57883709 
666.0 270.53957 -3.4532986 0.57883683 
667.0 272.0576 -3.4759236 0.57883657 
668.0 273.58337 -3.498664 0.5788363 
669.0 275.1166 -3.5215156 0.57883604 
670.0 276.657 -3.5444741 0.57883577 
671.0 278.20429 -3.5675352 0.57883551 
672.0 279.75817 -3.5906946 0.57883524 
673.0 281.31836 -3.613948 0.57883497 
674.0 282.88456 -3.6372911 0.57883469 
675.0 284.45649 -3.6607194 0.57883442 
676.0 286.03384 -3.6842286 0.57883415 
677.0 287.61633 -3.7078143 0.57883387 
678.0 289.20365 -3.7314721 0.5788336 
679.0 290.7955 -3.7551975 0.57883332 
680.0 292.3916 -3.7789861 0.57883304 
681.0 293.99164 -3.8028333 0.57883276 
682.0 295.59531 -3.8267348 0.57883249 
683.0 297.20232 -3.8506861 0.57883221 
684.0 298.81236 -3.8746825 0.57883192 
685.0 300.42514 -3.8987197 0.57883164 
686.0 302.04034 -3.922793 0.57883136 
687.0 303.65766 -3.946898 0.57883108 
688.0 305.2768 -3.97103 0.5788308 
689.0 306.89746 -3.9951846 0.57883051 
690.0 308.51932 -4.0193572 0.57883023 
691.0 310.14208 -4.0435432 0.57882994 
692.0 311.76543 -4.067738 0.57882966 
693.0 313.38907 -4.0919371 0.57882938 
694.0 315.01269 -4.1161358 0.57882909 
695.0 316.63598 -4.1403297 0.57882881 
696.0 318.25863 -4.1645141 0.57882852 
697.0 319.88034 -4.1886844 0.57882824 
698.0 321.50079 -4.212836 0.57882795 
699.0 323.11969 -4.2369644 0.57882767 
700.0 324.73672 -4.261065 0.57882738 
701.0 326.35157 -4.2851331 0.5788271 
702.0 327.96395 -4.3091643 0.57882681 
703.0 329.57353 -4.3331539 0.57882653 
704.0 331.18002 -4.3570975 0.57882625 
705.0 332.78311 -4.3809903 0.57882596 
706.0 334.3825 -4.4048279 0.57882568 
707.0 335.97788 -4.4286057 0.5788254 
708.0 337.56894 -4.4523193 0.57882512 
709.0 339.15538 -4.475964 0.57882484 
710.0 340.7369 -4.4995353 0.57882456 
711.0 342.31319 -4.5230288 0.57882428 
712.0 343.88396 -4.5464399 0.578824 
713.0 345.44891 -4.5697642 0.57882372 
714.0 347.00773 -4.5929972 0.57882345 
715.0 348.56013 -4.6161345 0.57882317 
716.0 350.1058 -4.6391715 0.5788229 
717.0 351.64446 -4.662104 0.57882262 
718.0 353.1758 -4.6849275 0.57882235 
719.0 354.69954 -4.7076377 0.57882208 
720.0 356.21538 -4.73023 0.57882181 
721.0 357.72302 -4.7527003 0.57882154 
722.0 359.22219 -4.7750443 0.57882128 
723.0 360.71258 -4.7972575 0.57882101 
724.0 362.19392 -4.8193357 0.57882075 
725.0 363.66592 -4.8412747 0.57882048 
726.0 365.12829 -4.8630702 0.57882022 
727.0 366.58076 -4.884718 0.57881996 
728.0 368.02303 -4.906214 0.57881971 
729.0 369.45484 -4.9275541 0.57881945 
730.0 370.87591 -4.9487339 0.5788192 
731.0 372.28595 -4.9697496 0.57881894 
732.0 373.68471 -4.9905969 0.57881869 
733.0 375.0719 -5.011272 0.57881844 
734.0 376.44726 -5.0317707 0.5788182 
735.0 377.81052 -5.0520891 0.57881795 
736.0 379.16142 -5.0722232 0.57881771 
737.0 380.4997 -5.0921691 0.57881747 
738.0 381.82508 -5.111923 0.57881723 
739.0 383.13733 -5.131481 0.578817 
740.0 384.43618 -5.1508393 0.57881676 
741.0 385.72137 -5.1699941 0.57881653 
742.0 386.99266 -5.1889418 0.5788163 
743.0 388.2498 -5.2076785 0.57881607 
744.0 389.49254 -5.2262006 0.57881585 
745.0 390.72065 -5.2445045 0.57881563 
746.0 391.93387 -5.2625867 0.57881541 
747.0 393.13197 -5.2804435 0.57881519 
748.0 394.31473 -5.2980715 0.57881498 
749.0 395.48189 -5.3154673 0.57881476 
750.0 396.63325 -5.3326273 0.57881455 
751.0 397.76856 -5.3495482 0.57881435 
752.0 398.88761 -5.3662268 0.57881414 
753.0 399.99017 -5.3826596 0.57881394 
754.0 401.07603 -5.3988435 0.57881375 
755.0 402.14497 -5.4147753 0.57881355 
756.0 403.19678 -5.4304517 0.57881336 
757.0 404.23126 -5.4458698 0.57881317 
758.0 405.24819 -5.4610264 0.57881298 
759.0 406.24738 -5.4759186 0.5788128 
760.0 407.22863 -5.4905433 0.57881262 
761.0 408.19174 -5.5048977 0.57881244 
762.0 409.13651 -5.5189789 0.57881227 
763.0 410.06277 -5.5327841 0.5788121 
764.0 410.97033 -5.5463105 0.57881193 
765.0 411.85899 -5.5595554 0.57881177 
766.0 412.7286 -5.5725161 0.5788116 
767.0 413.57896 -5.5851901 0.57881145 
768.0 414.40991 -5.5975748 0.57881129 
769.0 415.22128 -5.6096677 0.57881114 
770.0 416.01291 -5.6214663 0.57881099 
771.0 416.78463 -5.6329683 0.57881085 
772.0 417.5363 -5.6441713 0.57881071 
773.0 418.26775 -5.655073 0.57881057 
774.0 418.97884 -5.6656712 0.57881044 
775.0 419.66941 -5.6759637 0.57881031 
776.0 420.33934 -5.6859485 0.57881018 
777.0 420.98848 -5.6956234 0.57881006 
778.0 421.61669 -5.7049864 0.57880994 
779.0 422.22385 -5.7140357 0.57880982 
780.0 422.80984 -5.7227693 0.57880971 
781.0 423.37451 -5.7311854 0.5788096 
782.0 423.91777 -5.7392823 0.57880949 
783.0 424.43949 -5.7470581 0.57880939 
784.0 424.93957 -5.7545114 0.5788093 
785.0 425.41789 -5.7616404 0.5788092 
786.0 425.87436 -5.7684437 0.57880911 
787.0 426.30887 -5.7749198 0.57880903 
788.0 426.72134 -5.7810673 0.57880894 
789.0 427.11166 -5.7868848 0.57880887 
790.0 427.47976 -5.7923711 0.57880879 
791.0 427.82556 -5.7975249 0.57880872 
792.0 428.14897 -5.8023451 0.57880865 
793.0 428.44992 -5.8068305 0.57880859 
794.0 428.72834 -5.8109802 0.57880853 
795.0 428.98417 -5.8147931 0.57880848 
796.0 429.21734 -5.8182684 0.57880842 
797.0 429.42781 -5.8214053 0.57880838 
798.0 429.61551 -5.8242028 0.57880833 
799.0 429.78039 -5.8266603 0.57880829 
800.0 429.92243 -5.8287772 0.57880826 
801.0 430.04156 -5.8305528 0.57880823 
802.0 430.13776 -5.8319866 0.5788082 
803.0 430.211 -5.8330782 0.57880818 
804.0 430.26125 -5.8338271 0.57880816 
805.0 430.28848 -5.834233 0.57880814 
806.0 430.29268 -5.8342956 0.57880813 
807.0 430.27384 -5.8340148 0.57880812 
808.0 430.23194 -5.8333903 0.57880812 
809.0 430.16698 -5.8324221 0.57880812 
810.0 430.07895 -5.8311102 0.57880812 
811.0 429.96787 -5.8294546 0.57880813 
812.0 429.83374 -5.8274555 0.57880815 
813.0 429.67656 -5.8251129 0.57880816 
814.0 429.49636 -5.8224272 0.57880818 
815.0 429.29316 -5.8193986 0.57880821 
816.0 429.06698 -5.8160276 0.57880824 
817.0 428.81785 -5.8123145 0.57880827 
818.0 428.5458 -5.8082598 0.5788083 
819.0 428.25087 -5.8038642 0.57880835 
820.0 427.93311 -5.7991282 0.57880839 
821.0 427.59255 -5.7940525 0.57880844 
822.0 427.22926 -5.7886378 0.57880849 
823.0 426.84328 -5.7828851 0.57880855 
824.0 426.43467 -5.7767951 0.57880861 
825.0 426.0035 -5.7703689 0.57880867 
826.0 425.54983 -5.7636073 0.57880874 
827.0 425.07374 -5.7565116 0.57880881 
828.0 424.5753 -5.7490827 0.57880889 
829.0 424.05459 -5.741322 0.57880897 
830.0 423.5117 -5.7332306 0.57880905 
831.0 422.94671 -5.7248099 0.57880914 
832.0 422.35972 -5.7160613 0.57880923 
833.0 421.75083 -5.7069862 0.57880933 
834.0 421.12013 -5.6975861 0.57880943 
835.0 420.46773 -5.6878626 0.57880953 
836.0 419.79374 -5.6778173 0.57880964 
837.0 419.09827 -5.6674519 0.57880975 
838.0 418.38144 -5.6567682 0.57880986 
839.0 417.64337 -5.6457678 0.57880998 
840.0 416.88419 -5.6344528 0.5788101 
841.0 416.10402 -5.6228251 0.57881023 
842.0 415.30301 -5.6108865 0.57881036 
843.0 414.48128 -5.5986393 0.57881049 
844.0 413.63897 -5.5860854 0.57881063 
845.0 412.77624 -5.573227 0.57881077 
846.0 411.89322 -5.5600664 0.57881091 
847.0 410.99008 -5.5466058 0.57881106 
848.0 410.06697 -5.5328476 0.57881121 
849.0 409.12405 -5.5187941 0.57881136 
850.0 408.16148 -5.5044478 0.57881152 
851.0 407.17944 -5.4898111 0.57881168 
852.0 406.17808 -5.4748867 0.57881184 
853.0 405.1576 -5.4596772 0.57881201 
854.0 404.11816 -5.4441851 0.57881218 
855.0 403.05994 -5.4284133 0.57881236 
856.0 401.98314 -5.4123644 0.57881253 
857.0 400.88795 -5.3960414 0.57881271 
858.0 399.77455 -5.379447 0.5788129 
859.0 398.64314 -5.3625843 0.57881309 
860.0 397.49392 -5.3454561 0.57881328 
861.0 396.3271 -5.3280655 0.57881347 
862.0 395.14287 -5.3104156 0.57881367 
863.0 393.94146 -5.2925094 0.57881386 
864.0 392.72307 -5.2743503 0.57881407 
865.0 391.48792 -5.2559413 0.57881427 
866.0 390.23622 -5.2372858 0.57881448 
867.0 388.96821 -5.218387 0.57881469 
868.0 387.6841 -5.1992484 0.57881491 
869.0 386.38412 -5.1798733 0.57881512 
870.0 385.06851 -5.1602651 0.57881534 
871.0 383.7375 -5.1404275 0.57881556 
872.0 382.39133 -5.1203638 0.57881579 
873.0 381.03023 -5.1000777 0.57881602 
874.0 379.65446 -5.0795729 0.57881625 
875.0 378.26425 -5.0588529 0.57881648 
876.0 376.85985 -5.0379215 0.57881671 
877.0 375.44152 -5.0167824 0.57881695 
878.0 374.00952 -4.9954394 0.57881719 
879.0 372.56408 -4.9738964 0.57881743 
880.0 371.10549 -4.9521571 0.57881768 
881.0 369.63398 -4.9302256 0.57881792 
882.0 368.14984 -4.9081056 0.57881817 
883.0 366.65333 -4.8858013 0.57881842 
884.0 365.14472 -4.8633165 0.57881868 
885.0 363.62427 -4.8406554 0.57881893 
886.0 362.09226 -4.817822 0.57881919 
887.0 360.54896 -4.7948204 0.57881945 
888.0 358.99467 -4.7716548 0.57881971 
889.0 357.42964 -4.7483293 0.57881998 
890.0 355.85417 -4.7248482 0.57882024 
891.0 354.26854 -4.7012155 0.57882051 
892.0 352.67303 -4.6774357 0.57882078 
893.0 351.06793 -4.6535131 0.57882105 
894.0 349.45354 -4.6294518 0.57882132 
895.0 347.83014 -4.6052562 0.57882159 
896.0 346.19802 -4.5809308 0.57882187 
897.0 344.55749 -4.5564799 0.57882214 
898.0 342.90883 -4.5319079 0.57882242 
899.0 341.25234 -4.5072193 0.5788227 
900.0 339.58833 -4.4824185 0.57882298 
901.0 337.91709 -4.45751 0.57882326 
902.0 336.23893 -4.4324984 0.57882355 
903.0 334.55415 -4.407388 0.57882383 
904.0 332.86305 -4.3821835 0.57882412 
905.0 331.16594 -4.3568894 0.5788244 
906.0 329.46313 -4.3315104 0.57882469 
907.0 327.75493 -4.3060509 0.57882498 
908.0 326.04163 -4.2805156 0.57882527 
909.0 324.32357 -4.2549092 0.57882556 
910.0 322.60104 -4.2292362 0.57882585 
911.0 320.87435 -4.2035013 0.57882614 
912.0 319.14383 -4.1777092 0.57882644 
913.0 317.40977 -4.1518645 0.57882673 
914.0 315.67251 -4.1259719 0.57882702 
915.0 313.93235 -4.1000362 0.57882732 
916.0 312.18961 -4.074062 0.57882761 
917.0 310.4446 -4.048054 0.57882791 
918.0 308.69764 -4.0220169 0.5788282 
919.0 306.94904 -3.9959554 0.5788285 
920.0 305.19913 -3.9698744 0.57882879 
921.0 303.44822 -3.9437784 0.57882909 
922.0 301.69663 -3.9176723 0.57882939 
923.0 299.94467 -3.8915608 0.57882968 
924.0 298.19267 -3.8654485 0.57882998 
925.0 296.44094 -3.8393403 0.57883028 
926.0 294.68979 -3.8132409 0.57883057 
927.0 292.93955 -3.787155 0.57883087 
928.0 291.19054 -3.7610873 0.57883116 
929.0 289.44307 -3.7350425 0.57883146 
930.0 287.69745 -3.7090255 0.57883175 
931.0 285.95401 -3.6830409 0.57883205 
932.0 284.21306 -3.6570933 0.57883234 
933.0 282.47491 -3.6311876 0.57883264 
934.0 280.73989 -3.6053285 0.57883293 
935.0 279.0083 -3.5795205 0.57883322 
936.0 277.28046 -3.5537684 0.57883352 
937.0 275.55669 -3.5280769 0.57883381 
938.0 273.83729 -3.5024506 0.5788341 
939.0 272.12258 -3.4768942 0.57883439 
940.0 270.41286 -3.4514122 0.57883468 
941.0 268.70846 -3.4260094 0.57883496 
942.0 267.00967 -3.4006903 0.57883525 
943.0 265.31681 -3.3754595 0.57883554 
944.0 263.63017 -3.3503215 0.57883582 
945.0 261.95008 -3.325281 0.57883611 
946.0 260.27683 -3.3003425 0.57883639 
947.0 258.61072 -3.2755105 0.57883667 
948.0 256.95206 -3.2507894 0.57883695 
949.0 255.30114 -3.2261838 0.57883723 
950.0 253.65827 -3.2016981 0.5788375 
951.0 252.02375 -3.1773368 0.57883778 
952.0 250.39786 -3.1531042 0.57883805 
953.0 248.7809 -3.1290048 0.57883833 
954.0 247.17317 -3.1050428 0.5788386 
955.0 245.57496 -3.0812227 0.57883887 
956.0 243.98655 -3.0575487 0.57883913 
957.0 242.40823 -3.0340251 0.5788394 
958.0 240.84029 -3.0106562 0.57883966 
959.0 239.28302 -2.9874462 0.57883993 
960.0 237.73668 -2.9643992 0.57884019 
961.0 236.20156 -2.9415195 0.57884044 
962.0 234.67794 -2.9188112 0.5788407 
963.0 233.1661 -2.8962783 0.57884095 
964.0 231.6663 -2.8739249 0.57884121 
965.0 230.17881 -2.8517551 0.57884146 
966.0 228.70391 -2.8297729 0.5788417 
967.0 227.24186 -2.8079821 0.57884195 
968.0 225.79292 -2.7863868 0.57884219 
969.0 224.35735 -2.7649908 0.57884243 
970.0 222.93542 -2.743798 0.57884267 
971.0 221.52737 -2.7228121 0.5788429 
972.0 220.13346 -2.702037 0.57884314 
973.0 218.75394 -2.6814764 0.57884337 
974.0 217.38906 -2.6611339 0.5788436 
975.0 216.03907 -2.6410133 0.57884382 
976.0 214.7042 -2.6211181 0.57884404 
977.0 213.38469 -2.6014518 0.57884426 
978.0 212.08078 -2.5820181 0.57884448 
979.0 210.7927 -2.5628204 0.57884469 
980.0 209.52069 -2.543862 0.57884491 
981.0 208.26497 -2.5251465 0.57884511 
982.0 207.02577 -2.5066771 0.57884532 
983.0 205.8033 -2.4884572 0.57884552 
984.0 204.59778 -2.4704899 0.57884572 
985.0 203.40943 -2.4527785 0.57884592 
986.0 202.23847 -2.4353262 0.57884611 
987.0 201.08509 -2.4181359 0.5788463 
988.0 199.9495 -2.4012109 0.57884649 
989.0 198.8319 -2.384554 0.57884667 
990.0 197.7325 -2.3681683 0.57884686 
991.0 196.65149 -2.3520566 0.57884703 
992.0 195.58905 -2.3362218 0.57884721 
993.0 194.54537 -2.3206666 0.57884738 
994.0 193.52065 -2.3053939 0.57884755 
995.0 192.51505 -2.2904063 0.57884771 
996.0 191.52876 -2.2757064 0.57884787 
997.0 190.56194 -2.2612968 0.57884803 
998.0 189.61478 -2.24718 0.57884818 
999.0 188.68743 -2.2333585 0.57884833 
1000.0 187.78005 -2.2198348 0.57884848 
