0.0 300.0 -10847.551 -10843.079 
1.0 297.31851 -10847.529 -10843.098 
2.0 294.76314 -10847.499 -10843.106 
3.0 292.34033 -10847.478 -10843.121 
4.0 290.05006 -10847.447 -10843.124 
5.0 287.89399 -10847.424 -10843.133 
6.0 285.87617 -10847.396 -10843.135 
7.0 283.99185 -10847.371 -10843.138 
8.0 282.23798 -10847.34 -10843.134 
9.0 280.6188 -10847.317 -10843.135 
10.0 279.1352 -10847.286 -10843.126 
11.0 277.78664 -10847.264 -10843.124 
12.0 276.57343 -10847.234 -10843.112 
13.0 275.49556 -10847.213 -10843.107 
14.0 274.55334 -10847.183 -10843.091 
15.0 273.74676 -10847.164 -10843.084 
16.0 273.07594 -10847.134 -10843.064 
17.0 272.54104 -10847.117 -10843.055 
18.0 272.14212 -10847.087 -10843.031 
19.0 271.87936 -10847.072 -10843.02 
20.0 271.75272 -10847.042 -10842.992 
21.0 271.76248 -10847.029 -10842.978 
22.0 271.90856 -10846.999 -10842.946 
23.0 272.19123 -10846.988 -10842.931 
24.0 272.61034 -10846.958 -10842.895 
25.0 273.16621 -10846.949 -10842.878 
26.0 273.85867 -10846.92 -10842.838 
27.0 274.68803 -10846.913 -10842.819 
28.0 275.65405 -10846.884 -10842.775 
29.0 276.75708 -10846.88 -10842.755 
30.0 277.99687 -10846.85 -10842.707 
31.0 279.37374 -10846.849 -10842.685 
32.0 280.88738 -10846.82 -10842.633 
33.0 282.54066 -10846.848 -10842.637 
34.0 284.33429 -10846.819 -10842.581 
35.0 286.26006 -10846.801 -10842.534 
36.0 288.3308 -10846.803 -10842.505 
37.0 290.53463 -10846.774 -10842.444 
38.0 292.87598 -10846.79 -10842.425 
39.0 295.35494 -10846.761 -10842.36 
40.0 297.97058 -10846.771 -10842.33 
41.0 300.72558 -10846.747 -10842.265 
42.0 303.61934 -10846.77 -10842.245 
43.0 306.65272 -10846.746 -10842.176 
44.0 309.81933 -10846.736 -10842.118 
45.0 313.11351 -10846.707 -10842.04 
46.0 316.54864 -10846.75 -10842.032 
47.0 320.13217 -10846.732 -10841.961 
48.0 323.85088 -10846.732 -10841.905 
49.0 327.71347 -10846.745 -10841.86 
50.0 331.69993 -10846.715 -10841.772 
51.0 335.82265 -10846.752 -10841.747 
52.0 340.09069 -10846.732 -10841.663 
53.0 344.4926 -10846.731 -10841.597 
54.0 349.04126 -10846.763 -10841.561 
55.0 353.71843 -10846.737 -10841.465 
56.0 358.52956 -10846.772 -10841.429 
57.0 363.48033 -10846.75 -10841.333 
58.0 368.56277 -10846.749 -10841.256 
59.0 373.79128 -10846.781 -10841.21 
60.0 379.14554 -10846.755 -10841.104 
61.0 384.63262 -10846.796 -10841.064 
62.0 390.2589 -10846.773 -10840.957 
63.0 396.01486 -10846.774 -10840.872 
64.0 401.91733 -10846.812 -10840.821 
65.0 407.95625 -10846.807 -10840.727 
66.0 414.12513 -10846.812 -10840.64 
67.0 420.42931 -10846.822 -10840.556 
68.0 426.86765 -10846.832 -10840.469 
69.0 433.43913 -10846.842 -10840.382 
70.0 440.14294 -10846.851 -10840.291 
71.0 446.97884 -10846.863 -10840.201 
72.0 453.94638 -10846.872 -10840.106 
73.0 461.04526 -10846.885 -10840.013 
74.0 468.2836 -10846.959 -10839.98 
75.0 475.64524 -10846.925 -10839.836 
76.0 483.13188 -10846.966 -10839.765 
77.0 490.75641 -10846.963 -10839.649 
78.0 498.51196 -10846.988 -10839.558 
79.0 506.39843 -10846.993 -10839.446 
80.0 514.41413 -10847.022 -10839.355 
81.0 522.55743 -10847.024 -10839.236 
82.0 530.82803 -10847.053 -10839.141 
83.0 539.22987 -10847.071 -10839.035 
84.0 547.75433 -10847.073 -10838.909 
85.0 556.40385 -10847.101 -10838.809 
86.0 565.18324 -10847.122 -10838.698 
87.0 574.08337 -10847.123 -10838.567 
88.0 583.10648 -10847.152 -10838.462 
89.0 592.25791 -10847.174 -10838.347 
90.0 601.53282 -10847.191 -10838.226 
91.0 610.92992 -10847.211 -10838.105 
92.0 620.44844 -10847.228 -10837.981 
93.0 630.08747 -10847.247 -10837.856 
94.0 639.84633 -10847.264 -10837.728 
95.0 649.72417 -10847.283 -10837.6 
96.0 659.72026 -10847.301 -10837.468 
97.0 669.83376 -10847.32 -10837.337 
98.0 680.06386 -10847.338 -10837.202 
99.0 690.40968 -10847.357 -10837.067 
100.0 700.87037 -10847.374 -10836.929 
101.0 711.44501 -10847.393 -10836.79 
102.0 722.1327 -10847.411 -10836.648 
103.0 732.93245 -10847.43 -10836.506 
104.0 743.84334 -10847.447 -10836.361 
105.0 754.86915 -10847.488 -10836.238 
106.0 766.00356 -10847.49 -10836.074 
107.0 777.24557 -10847.524 -10835.94 
108.0 788.59489 -10847.527 -10835.773 
109.0 800.05079 -10847.561 -10835.637 
110.0 811.61181 -10847.562 -10835.466 
111.0 823.27685 -10847.596 -10835.325 
112.0 835.04461 -10847.596 -10835.151 
113.0 846.91409 -10847.629 -10835.007 
114.0 858.88394 -10847.629 -10834.828 
115.0 870.95678 -10847.681 -10834.701 
116.0 883.12664 -10847.665 -10834.503 
117.0 895.38837 -10847.69 -10834.345 
118.0 907.74583 -10847.688 -10834.159 
119.0 920.20235 -10847.74 -10834.026 
120.0 932.75096 -10847.721 -10833.82 
121.0 945.38588 -10847.745 -10833.655 
122.0 958.12479 -10847.785 -10833.505 
123.0 970.94585 -10847.761 -10833.29 
124.0 983.85102 -10847.801 -10833.138 
125.0 996.84094 -10847.779 -10832.922 
126.0 1009.915 -10847.821 -10832.769 
127.0 1023.0792 -10847.815 -10832.567 
128.0 1036.3262 -10847.843 -10832.397 
129.0 1049.6449 -10847.815 -10832.171 
130.0 1063.0395 -10847.853 -10832.009 
131.0 1076.5172 -10847.842 -10831.797 
132.0 1090.0707 -10847.865 -10831.619 
133.0 1103.697 -10847.852 -10831.402 
134.0 1117.3942 -10847.872 -10831.219 
135.0 1131.1602 -10847.856 -10830.997 
136.0 1144.9931 -10847.874 -10830.809 
137.0 1158.891 -10847.854 -10830.582 
138.0 1172.8518 -10847.87 -10830.389 
139.0 1186.8737 -10847.848 -10830.159 
140.0 1200.9549 -10847.862 -10829.963 
141.0 1215.0928 -10847.837 -10829.727 
142.0 1229.2852 -10847.847 -10829.526 
143.0 1243.54 -10847.844 -10829.31 
144.0 1257.8373 -10847.811 -10829.064 
145.0 1272.1811 -10847.817 -10828.856 
146.0 1286.5859 -10847.824 -10828.649 
147.0 1301.0248 -10847.773 -10828.383 
148.0 1315.4979 -10847.772 -10828.166 
149.0 1330.0211 -10847.757 -10827.934 
150.0 1344.5879 -10847.754 -10827.714 
151.0 1359.1773 -10847.695 -10827.438 
152.0 1373.791 -10847.686 -10827.211 
153.0 1388.4508 -10847.681 -10826.987 
154.0 1403.1273 -10847.616 -10826.704 
155.0 1417.8196 -10847.602 -10826.471 
156.0 1432.5504 -10847.59 -10826.24 
157.0 1447.2889 -10847.519 -10825.948 
158.0 1462.0402 -10847.517 -10825.727 
159.0 1476.8145 -10847.464 -10825.453 
160.0 1491.5999 -10847.44 -10825.209 
161.0 1506.3811 -10847.359 -10824.908 
162.0 1521.164 -10847.348 -10824.677 
163.0 1535.9574 -10847.284 -10824.392 
164.0 1550.7497 -10847.251 -10824.138 
165.0 1565.5368 -10847.181 -10823.849 
166.0 1580.3148 -10847.142 -10823.589 
167.0 1595.0884 -10847.085 -10823.311 
168.0 1609.8379 -10847.004 -10823.011 
169.0 1624.5666 -10846.954 -10822.742 
170.0 1639.2813 -10846.89 -10822.458 
171.0 1653.97 -10846.818 -10822.167 
172.0 1668.6279 -10846.744 -10821.875 
173.0 1683.2517 -10846.666 -10821.579 
174.0 1697.8377 -10846.586 -10821.281 
175.0 1712.3819 -10846.501 -10820.98 
176.0 1726.8806 -10846.414 -10820.677 
177.0 1741.3299 -10846.323 -10820.37 
178.0 1755.7255 -10846.229 -10820.061 
179.0 1770.0635 -10846.13 -10819.749 
180.0 1784.3396 -10846.029 -10819.435 
181.0 1798.5495 -10845.923 -10819.117 
182.0 1812.689 -10845.813 -10818.797 
183.0 1826.7536 -10845.7 -10818.474 
184.0 1840.7389 -10845.582 -10818.148 
185.0 1854.6402 -10845.46 -10817.819 
186.0 1868.453 -10845.335 -10817.487 
187.0 1882.1726 -10845.204 -10817.152 
188.0 1895.7942 -10845.07 -10816.815 
189.0 1909.3128 -10844.931 -10816.474 
190.0 1922.7237 -10844.787 -10816.131 
191.0 1936.0218 -10844.639 -10815.784 
192.0 1949.202 -10844.486 -10815.435 
193.0 1962.2592 -10844.328 -10815.082 
194.0 1975.1882 -10844.165 -10814.727 
195.0 1987.9836 -10843.998 -10814.369 
196.0 2000.64 -10843.825 -10814.007 
197.0 2013.1521 -10843.647 -10813.643 
198.0 2025.5142 -10843.464 -10813.275 
199.0 2037.7207 -10843.275 -10812.905 
200.0 2049.7661 -10843.081 -10812.531 
201.0 2061.6444 -10842.881 -10812.154 
202.0 2073.3499 -10842.676 -10811.775 
203.0 2084.8767 -10842.465 -10811.392 
204.0 2096.2188 -10842.248 -10811.006 
205.0 2107.3701 -10842.025 -10810.617 
206.0 2118.3246 -10841.796 -10810.224 
207.0 2129.0759 -10841.561 -10809.829 
208.0 2139.618 -10841.32 -10809.431 
209.0 2149.9443 -10841.072 -10809.029 
210.0 2160.0487 -10840.818 -10808.624 
211.0 2169.9245 -10840.557 -10808.217 
212.0 2179.5653 -10840.29 -10807.806 
213.0 2188.9646 -10840.016 -10807.391 
214.0 2198.1157 -10839.735 -10806.974 
215.0 2207.0119 -10839.447 -10806.554 
216.0 2215.6465 -10839.152 -10806.13 
217.0 2224.0128 -10838.85 -10805.704 
218.0 2232.1039 -10838.541 -10805.274 
219.0 2239.913 -10838.225 -10804.841 
220.0 2247.4332 -10837.901 -10804.405 
221.0 2254.6576 -10837.569 -10803.965 
222.0 2261.5792 -10837.23 -10803.523 
223.0 2268.1911 -10836.883 -10803.078 
224.0 2274.4952 -10836.547 -10802.648 
225.0 2280.4745 -10836.169 -10802.181 
226.0 2286.1232 -10835.815 -10801.743 
227.0 2291.434 -10835.42 -10801.269 
228.0 2296.3999 -10835.05 -10800.824 
229.0 2301.014 -10834.638 -10800.343 
230.0 2305.2697 -10834.252 -10799.894 
231.0 2309.1596 -10833.822 -10799.407 
232.0 2312.6768 -10833.419 -10798.951 
233.0 2315.815 -10832.973 -10798.458 
234.0 2318.5676 -10832.553 -10797.997 
235.0 2320.9272 -10832.089 -10797.498 
236.0 2322.887 -10831.651 -10797.03 
237.0 2324.441 -10831.17 -10796.527 
238.0 2325.5827 -10830.715 -10796.054 
239.0 2326.3052 -10830.215 -10795.544 
240.0 2326.6023 -10829.741 -10795.066 
241.0 2326.4681 -10829.224 -10794.551 
242.0 2325.8967 -10828.733 -10794.068 
243.0 2324.8819 -10828.197 -10793.547 
244.0 2323.4177 -10827.686 -10793.058 
245.0 2321.499 -10827.133 -10792.533 
246.0 2319.1205 -10826.604 -10792.04 
247.0 2316.2767 -10826.031 -10791.509 
248.0 2312.9625 -10825.484 -10791.011 
249.0 2309.1735 -10824.893 -10790.476 
250.0 2304.9052 -10824.327 -10789.974 
251.0 2300.1531 -10823.717 -10789.435 
252.0 2294.9132 -10823.132 -10788.929 
253.0 2289.1818 -10822.504 -10788.385 
254.0 2282.9471 -10821.883 -10787.858 
255.0 2276.2169 -10821.252 -10787.327 
256.0 2268.9852 -10820.612 -10786.795 
257.0 2261.2494 -10819.963 -10786.261 
258.0 2253.0082 -10819.306 -10785.727 
259.0 2244.2602 -10818.64 -10785.192 
260.0 2235.0037 -10817.965 -10784.654 
261.0 2225.2379 -10817.281 -10784.116 
262.0 2214.9625 -10816.589 -10783.577 
263.0 2204.1773 -10815.888 -10783.036 
264.0 2192.8827 -10815.178 -10782.495 
265.0 2181.0798 -10814.46 -10781.953 
266.0 2168.7697 -10813.734 -10781.41 
267.0 2155.9544 -10812.999 -10780.867 
268.0 2142.6362 -10812.257 -10780.323 
269.0 2128.8182 -10811.507 -10779.779 
270.0 2114.5036 -10810.75 -10779.235 
271.0 2099.6967 -10809.985 -10778.691 
272.0 2084.402 -10809.213 -10778.147 
273.0 2068.6246 -10808.434 -10777.603 
274.0 2052.3705 -10807.648 -10777.06 
275.0 2035.6461 -10806.856 -10776.517 
276.0 2018.4585 -10806.058 -10775.975 
277.0 2000.8153 -10805.254 -10775.434 
278.0 1982.7249 -10804.445 -10774.894 
279.0 1964.1965 -10803.63 -10774.356 
280.0 1945.2396 -10802.811 -10773.819 
281.0 1925.8647 -10801.986 -10773.283 
282.0 1906.0829 -10801.158 -10772.749 
283.0 1885.9058 -10800.326 -10772.218 
284.0 1865.3461 -10799.49 -10771.689 
285.0 1844.4168 -10798.651 -10771.162 
286.0 1823.1317 -10797.809 -10770.637 
287.0 1801.5055 -10796.966 -10770.116 
288.0 1779.5533 -10796.12 -10769.598 
289.0 1757.2801 -10795.251 -10769.06 
290.0 1734.7138 -10794.423 -10768.569 
291.0 1711.872 -10793.554 -10768.041 
292.0 1688.7719 -10792.726 -10767.556 
293.0 1665.4324 -10791.858 -10767.036 
294.0 1641.8736 -10791.034 -10766.563 
295.0 1618.1148 -10790.168 -10766.051 
296.0 1594.1762 -10789.346 -10765.586 
297.0 1570.0639 -10788.455 -10765.055 
298.0 1545.805 -10787.639 -10764.601 
299.0 1521.4487 -10786.811 -10764.135 
300.0 1497.0028 -10785.983 -10763.671 
301.0 1472.4889 -10785.162 -10763.216 
302.0 1447.9312 -10784.344 -10762.764 
303.0 1423.3535 -10783.534 -10762.32 
304.0 1398.7688 -10782.701 -10761.853 
305.0 1374.2133 -10781.927 -10761.446 
306.0 1349.7258 -10781.144 -10761.028 
307.0 1325.3084 -10780.334 -10760.581 
308.0 1300.9977 -10779.591 -10760.201 
309.0 1276.8218 -10778.803 -10759.773 
310.0 1252.8076 -10778.085 -10759.413 
311.0 1228.9813 -10777.318 -10759.001 
312.0 1205.3695 -10776.622 -10758.657 
313.0 1181.9997 -10775.881 -10758.264 
314.0 1158.8987 -10775.211 -10757.939 
315.0 1136.0822 -10774.466 -10757.534 
316.0 1113.5789 -10773.816 -10757.219 
317.0 1091.4267 -10773.129 -10756.862 
318.0 1069.6525 -10772.521 -10756.579 
319.0 1048.2823 -10771.868 -10756.244 
320.0 1027.3419 -10771.294 -10755.982 
321.0 1006.8574 -10770.676 -10755.67 
322.0 986.85486 -10770.142 -10755.434 
323.0 967.35922 -10769.561 -10755.144 
324.0 948.39447 -10769.063 -10754.928 
325.0 929.98526 -10768.524 -10754.663 
326.0 912.14825 -10768.032 -10754.438 
327.0 894.91451 -10767.563 -10754.225 
328.0 878.30514 -10767.118 -10754.028 
329.0 862.34204 -10766.696 -10753.844 
330.0 847.04602 -10766.298 -10753.673 
331.0 832.437 -10765.923 -10753.516 
332.0 818.53408 -10765.572 -10753.373 
333.0 805.35549 -10765.246 -10753.243 
334.0 792.91838 -10764.944 -10753.127 
335.0 781.23906 -10764.669 -10753.025 
336.0 770.33269 -10764.417 -10752.936 
337.0 760.20733 -10764.154 -10752.824 
338.0 750.88191 -10763.983 -10752.791 
339.0 742.36886 -10763.775 -10752.711 
340.0 734.67957 -10763.664 -10752.714 
341.0 727.82351 -10763.51 -10752.663 
342.0 721.80911 -10763.454 -10752.696 
343.0 716.64351 -10763.355 -10752.674 
344.0 712.33258 -10763.351 -10752.734 
345.0 708.88122 -10763.308 -10752.743 
346.0 706.29285 -10763.363 -10752.836 
347.0 704.56943 -10763.374 -10752.873 
348.0 703.71191 -10763.483 -10752.994 
349.0 703.72 -10763.551 -10753.063 
350.0 704.592 -10763.717 -10753.216 
351.0 706.32481 -10763.84 -10753.313 
352.0 708.91429 -10764.059 -10753.494 
353.0 712.35499 -10764.24 -10753.623 
354.0 716.64017 -10764.515 -10753.834 
355.0 721.76175 -10764.749 -10753.992 
356.0 727.71072 -10765.077 -10754.231 
357.0 734.47668 -10765.367 -10754.42 
358.0 742.04816 -10765.748 -10754.689 
359.0 750.41236 -10766.091 -10754.907 
360.0 759.55576 -10766.524 -10755.203 
361.0 769.46343 -10766.919 -10755.451 
362.0 780.11961 -10767.403 -10755.776 
363.0 791.50728 -10767.849 -10756.053 
364.0 803.6089 -10768.381 -10756.404 
365.0 816.40723 -10768.915 -10756.747 
366.0 829.88131 -10769.464 -10757.095 
367.0 844.01043 -10770.039 -10757.46 
368.0 858.77339 -10770.633 -10757.834 
369.0 874.14833 -10771.251 -10758.223 
370.0 890.11282 -10771.89 -10758.623 
371.0 906.6436 -10772.55 -10759.037 
372.0 923.71692 -10773.231 -10759.464 
373.0 941.30846 -10773.931 -10759.902 
374.0 959.39385 -10774.68 -10760.381 
375.0 977.94606 -10775.395 -10760.82 
376.0 996.94075 -10776.175 -10761.316 
377.0 1016.3519 -10776.927 -10761.779 
378.0 1036.1537 -10777.74 -10762.298 
379.0 1056.3194 -10778.527 -10762.783 
380.0 1076.8228 -10779.371 -10763.322 
381.0 1097.6402 -10780.214 -10763.855 
382.0 1118.739 -10781.044 -10764.37 
383.0 1140.0942 -10781.93 -10764.938 
384.0 1161.6841 -10782.813 -10765.5 
385.0 1183.4787 -10783.705 -10766.066 
386.0 1205.4506 -10784.609 -10766.643 
387.0 1227.5731 -10785.523 -10767.227 
388.0 1249.8202 -10786.448 -10767.821 
389.0 1272.1684 -10787.398 -10768.438 
390.0 1294.5885 -10788.327 -10769.033 
391.0 1317.0562 -10789.294 -10769.665 
392.0 1339.5469 -10790.241 -10770.276 
393.0 1362.036 -10791.223 -10770.923 
394.0 1384.499 -10792.184 -10771.549 
395.0 1406.9122 -10793.177 -10772.208 
396.0 1429.2525 -10794.151 -10772.849 
397.0 1451.4973 -10795.154 -10773.521 
398.0 1473.6292 -10796.149 -10774.186 
399.0 1495.6171 -10797.136 -10774.845 
400.0 1517.4437 -10798.149 -10775.533 
401.0 1539.0953 -10799.154 -10776.215 
402.0 1560.5472 -10800.159 -10776.9 
403.0 1581.7794 -10801.166 -10777.591 
404.0 1602.7734 -10802.174 -10778.286 
405.0 1623.5114 -10803.183 -10778.986 
406.0 1643.9762 -10804.191 -10779.689 
407.0 1664.1512 -10805.199 -10780.396 
408.0 1684.0206 -10806.206 -10781.107 
409.0 1703.5692 -10807.211 -10781.821 
410.0 1722.7826 -10808.214 -10782.538 
411.0 1741.6472 -10809.215 -10783.257 
412.0 1760.1497 -10810.213 -10783.979 
413.0 1778.278 -10811.207 -10784.704 
414.0 1796.0204 -10812.198 -10785.43 
415.0 1813.366 -10813.185 -10786.159 
416.0 1830.3045 -10814.167 -10786.888 
417.0 1846.8308 -10815.148 -10787.623 
418.0 1862.9306 -10816.115 -10788.35 
419.0 1878.5968 -10817.086 -10789.087 
420.0 1893.8219 -10818.042 -10789.816 
421.0 1908.599 -10819.001 -10790.555 
422.0 1922.9284 -10819.948 -10791.288 
423.0 1936.7922 -10820.887 -10792.021 
424.0 1950.1904 -10821.826 -10792.76 
425.0 1963.126 -10822.752 -10793.494 
426.0 1975.5893 -10823.672 -10794.228 
427.0 1987.5696 -10824.584 -10794.961 
428.0 1999.0704 -10825.493 -10795.699 
429.0 2010.0965 -10826.389 -10796.43 
430.0 2020.6405 -10827.277 -10797.162 
431.0 2030.7005 -10828.158 -10797.893 
432.0 2040.276 -10829.031 -10798.622 
433.0 2049.3665 -10829.895 -10799.351 
434.0 2057.9725 -10830.75 -10800.078 
435.0 2066.0947 -10831.597 -10800.804 
436.0 2073.7345 -10832.434 -10801.527 
437.0 2080.8934 -10833.263 -10802.249 
438.0 2087.5734 -10834.083 -10802.969 
439.0 2093.777 -10834.893 -10803.687 
440.0 2099.507 -10835.694 -10804.403 
441.0 2104.7663 -10836.486 -10805.116 
442.0 2109.5584 -10837.268 -10805.827 
443.0 2113.887 -10838.041 -10806.536 
444.0 2117.7563 -10838.804 -10807.241 
445.0 2121.1704 -10839.558 -10807.944 
446.0 2124.1339 -10840.303 -10808.644 
447.0 2126.6517 -10841.037 -10809.342 
448.0 2128.7289 -10841.763 -10810.036 
449.0 2130.3706 -10842.478 -10810.727 
450.0 2131.5824 -10843.184 -10811.415 
451.0 2132.3699 -10843.881 -10812.1 
452.0 2132.7391 -10844.568 -10812.781 
453.0 2132.6958 -10845.245 -10813.459 
454.0 2132.2463 -10845.913 -10814.134 
455.0 2131.3968 -10846.572 -10814.805 
456.0 2130.1538 -10847.221 -10815.473 
457.0 2128.5238 -10847.861 -10816.137 
458.0 2126.5135 -10848.491 -10816.797 
459.0 2124.1295 -10849.112 -10817.454 
460.0 2121.3787 -10849.724 -10818.107 
461.0 2118.2679 -10850.327 -10818.756 
462.0 2114.8041 -10850.92 -10819.401 
463.0 2110.9944 -10851.505 -10820.043 
464.0 2106.8456 -10852.081 -10820.68 
465.0 2102.365 -10852.647 -10821.313 
466.0 2097.5596 -10853.205 -10821.943 
467.0 2092.4366 -10853.754 -10822.568 
468.0 2087.003 -10854.294 -10823.19 
469.0 2081.266 -10854.826 -10823.807 
470.0 2075.2328 -10855.349 -10824.42 
471.0 2068.9104 -10855.864 -10825.029 
472.0 2062.306 -10856.37 -10825.633 
473.0 2055.4267 -10856.868 -10826.234 
474.0 2048.2795 -10857.358 -10826.83 
475.0 2040.8715 -10857.839 -10827.422 
476.0 2033.2096 -10858.313 -10828.01 
477.0 2025.3008 -10858.778 -10828.593 
478.0 2017.1451 -10859.246 -10829.182 
479.0 2008.7558 -10859.689 -10829.751 
480.0 2000.1477 -10860.129 -10830.318 
481.0 1991.3138 -10860.573 -10830.894 
482.0 1982.2657 -10860.994 -10831.45 
483.0 1973.0183 -10861.411 -10832.005 
484.0 1963.5653 -10861.833 -10832.567 
485.0 1953.9182 -10862.23 -10833.109 
486.0 1944.0914 -10862.625 -10833.65 
487.0 1934.0783 -10863.026 -10834.201 
488.0 1923.8898 -10863.403 -10834.729 
489.0 1913.5333 -10863.789 -10835.27 
490.0 1903.0149 -10864.15 -10835.787 
491.0 1892.3408 -10864.523 -10836.319 
492.0 1881.517 -10864.87 -10836.828 
493.0 1870.5492 -10865.23 -10837.351 
494.0 1859.4433 -10865.564 -10837.851 
495.0 1848.2052 -10865.911 -10838.365 
496.0 1836.8403 -10866.232 -10838.856 
497.0 1825.3541 -10866.567 -10839.362 
498.0 1813.7523 -10866.876 -10839.843 
499.0 1802.0402 -10867.199 -10840.341 
500.0 1790.2186 -10867.509 -10840.827 
501.0 1778.298 -10867.811 -10841.307 
502.0 1766.2824 -10868.108 -10841.783 
503.0 1754.1771 -10868.398 -10842.254 
504.0 1741.9872 -10868.682 -10842.72 
505.0 1729.7176 -10868.961 -10843.181 
506.0 1717.3731 -10869.234 -10843.638 
507.0 1704.9584 -10869.502 -10844.091 
508.0 1692.4783 -10869.764 -10844.539 
509.0 1679.9374 -10870.021 -10844.983 
510.0 1667.3401 -10870.273 -10845.423 
511.0 1654.6908 -10870.52 -10845.858 
512.0 1641.994 -10870.762 -10846.29 
513.0 1629.2537 -10870.999 -10846.716 
514.0 1616.4744 -10871.231 -10847.139 
515.0 1603.66 -10871.458 -10847.557 
516.0 1590.8147 -10871.681 -10847.971 
517.0 1577.9423 -10871.899 -10848.381 
518.0 1565.0402 -10872.131 -10848.806 
519.0 1552.1175 -10872.329 -10849.196 
520.0 1539.1857 -10872.529 -10849.589 
521.0 1526.2366 -10872.748 -10850.001 
522.0 1513.278 -10872.931 -10850.377 
523.0 1500.3215 -10873.118 -10850.757 
524.0 1487.3588 -10873.325 -10851.157 
525.0 1474.3972 -10873.494 -10851.52 
526.0 1461.4413 -10873.691 -10851.909 
527.0 1448.4947 -10873.849 -10852.26 
528.0 1435.5603 -10874.039 -10852.643 
529.0 1422.6415 -10874.189 -10852.985 
530.0 1409.7415 -10874.371 -10853.36 
531.0 1396.8632 -10874.514 -10853.695 
532.0 1384.01 -10874.688 -10854.061 
533.0 1371.1846 -10874.823 -10854.387 
534.0 1358.39 -10874.991 -10854.745 
535.0 1345.6288 -10875.12 -10855.064 
536.0 1332.9042 -10875.281 -10855.415 
537.0 1320.2189 -10875.401 -10855.725 
538.0 1307.5756 -10875.556 -10856.068 
539.0 1294.9768 -10875.67 -10856.37 
540.0 1282.4194 -10875.838 -10856.725 
541.0 1269.9103 -10875.934 -10857.007 
542.0 1257.4591 -10876.073 -10857.331 
543.0 1245.0643 -10876.173 -10857.616 
544.0 1232.7216 -10876.327 -10857.955 
545.0 1220.434 -10876.436 -10858.247 
546.0 1208.2185 -10876.517 -10858.51 
547.0 1196.0629 -10876.663 -10858.837 
548.0 1183.969 -10876.765 -10859.119 
549.0 1171.9444 -10876.889 -10859.422 
550.0 1159.994 -10876.944 -10859.655 
551.0 1148.1168 -10877.076 -10859.964 
552.0 1136.3126 -10877.163 -10860.228 
553.0 1124.5867 -10877.276 -10860.515 
554.0 1112.9408 -10877.349 -10860.762 
555.0 1101.377 -10877.456 -10861.041 
556.0 1089.8971 -10877.522 -10861.279 
557.0 1078.5033 -10877.624 -10861.55 
558.0 1067.1975 -10877.686 -10861.78 
559.0 1055.9816 -10877.782 -10862.044 
560.0 1044.8575 -10877.839 -10862.267 
561.0 1033.8272 -10877.931 -10862.523 
562.0 1022.8924 -10877.984 -10862.738 
563.0 1012.0549 -10878.071 -10862.987 
564.0 1001.3166 -10878.12 -10863.196 
565.0 990.67913 -10878.203 -10863.438 
566.0 980.1413 -10878.274 -10863.666 
567.0 969.70817 -10878.34 -10863.887 
568.0 959.38381 -10878.37 -10864.071 
569.0 949.16669 -10878.444 -10864.297 
570.0 939.05588 -10878.508 -10864.512 
571.0 929.05645 -10878.564 -10864.718 
572.0 919.1697 -10878.617 -10864.918 
573.0 909.39696 -10878.668 -10865.114 
574.0 899.73978 -10878.716 -10865.306 
575.0 890.19969 -10878.762 -10865.495 
576.0 880.77819 -10878.806 -10865.679 
577.0 871.47678 -10878.849 -10865.86 
578.0 862.29692 -10878.89 -10866.038 
579.0 853.24004 -10878.929 -10866.212 
580.0 844.30755 -10878.966 -10866.383 
581.0 835.50084 -10879.002 -10866.55 
582.0 826.82129 -10879.037 -10866.714 
583.0 818.27025 -10879.07 -10866.874 
584.0 809.84904 -10879.101 -10867.031 
585.0 801.55897 -10879.131 -10867.185 
586.0 793.40133 -10879.159 -10867.334 
587.0 785.37741 -10879.187 -10867.481 
588.0 777.48843 -10879.212 -10867.625 
589.0 769.73566 -10879.237 -10867.765 
590.0 762.12028 -10879.26 -10867.901 
591.0 754.64352 -10879.282 -10868.035 
592.0 747.30654 -10879.302 -10868.164 
593.0 740.11051 -10879.322 -10868.291 
594.0 733.05657 -10879.34 -10868.414 
595.0 726.14585 -10879.357 -10868.534 
596.0 719.37947 -10879.373 -10868.651 
597.0 712.7585 -10879.387 -10868.764 
598.0 706.28404 -10879.401 -10868.874 
599.0 699.95713 -10879.413 -10868.981 
600.0 693.77882 -10879.425 -10869.085 
601.0 687.75014 -10879.435 -10869.185 
602.0 681.87209 -10879.444 -10869.282 
603.0 676.14566 -10879.453 -10869.375 
604.0 670.57184 -10879.46 -10869.466 
605.0 665.15157 -10879.466 -10869.553 
606.0 659.8858 -10879.472 -10869.637 
607.0 654.77545 -10879.476 -10869.718 
608.0 649.82144 -10879.48 -10869.795 
609.0 645.02465 -10879.483 -10869.869 
610.0 640.38597 -10879.484 -10869.94 
611.0 635.90624 -10879.485 -10870.008 
612.0 631.58631 -10879.486 -10870.072 
613.0 627.42701 -10879.485 -10870.134 
614.0 623.42915 -10879.483 -10870.192 
615.0 619.59352 -10879.481 -10870.247 
616.0 615.92089 -10879.478 -10870.298 
617.0 612.41203 -10879.474 -10870.347 
618.0 609.06768 -10879.47 -10870.392 
619.0 605.88855 -10879.464 -10870.434 
620.0 602.87537 -10879.458 -10870.473 
621.0 600.02883 -10879.451 -10870.508 
622.0 597.34736 -10879.461 -10870.558 
623.0 594.83349 -10879.446 -10870.58 
624.0 592.49055 -10879.43 -10870.6 
625.0 590.31483 -10879.437 -10870.639 
626.0 588.30844 -10879.419 -10870.651 
627.0 586.475 -10879.4 -10870.659 
628.0 584.81055 -10879.404 -10870.688 
629.0 583.31711 -10879.385 -10870.691 
630.0 581.99836 -10879.364 -10870.69 
631.0 580.85017 -10879.366 -10870.709 
632.0 579.87451 -10879.345 -10870.702 
633.0 579.0751 -10879.322 -10870.692 
634.0 578.44769 -10879.322 -10870.701 
635.0 577.99417 -10879.3 -10870.685 
636.0 577.71829 -10879.275 -10870.665 
637.0 577.61559 -10879.273 -10870.664 
638.0 577.68798 -10879.249 -10870.639 
639.0 577.93927 -10879.223 -10870.609 
640.0 578.3648 -10879.218 -10870.598 
641.0 578.96646 -10879.193 -10870.564 
642.0 579.74807 -10879.165 -10870.525 
643.0 580.70474 -10879.159 -10870.504 
644.0 581.83839 -10879.133 -10870.461 
645.0 583.15292 -10879.103 -10870.412 
646.0 584.6432 -10879.094 -10870.38 
647.0 586.31112 -10879.067 -10870.328 
648.0 588.16066 -10879.035 -10870.269 
649.0 590.18636 -10879.024 -10870.228 
650.0 592.39018 -10878.996 -10870.167 
651.0 594.77621 -10878.963 -10870.098 
652.0 597.33867 -10878.949 -10870.047 
653.0 600.07954 -10878.92 -10869.977 
654.0 603.00301 -10878.885 -10869.898 
655.0 606.1029 -10878.869 -10869.836 
656.0 609.38126 -10878.839 -10869.757 
657.0 612.84246 -10878.802 -10869.668 
658.0 616.47992 -10878.784 -10869.596 
659.0 620.29572 -10878.752 -10869.507 
660.0 624.29438 -10878.714 -10869.409 
661.0 628.46883 -10878.693 -10869.326 
662.0 632.82124 -10878.66 -10869.229 
663.0 637.35637 -10878.62 -10869.121 
664.0 642.06667 -10878.596 -10869.027 
665.0 646.95434 -10878.562 -10868.92 
666.0 652.02434 -10878.52 -10868.802 
667.0 657.26856 -10878.493 -10868.697 
668.0 662.68931 -10878.458 -10868.581 
669.0 668.29183 -10878.414 -10868.453 
670.0 674.06742 -10878.384 -10868.338 
671.0 680.0205 -10878.331 -10868.196 
672.0 686.14971 -10878.298 -10868.071 
673.0 692.45227 -10878.266 -10867.946 
674.0 698.93497 -10878.221 -10867.804 
675.0 705.58821 -10878.186 -10867.67 
676.0 712.41683 -10878.133 -10867.515 
677.0 719.41922 -10878.093 -10867.371 
678.0 726.59188 -10878.058 -10867.229 
679.0 733.94258 -10878.009 -10867.07 
680.0 741.46646 -10877.962 -10866.911 
681.0 749.16168 -10877.915 -10866.749 
682.0 757.02723 -10877.868 -10866.585 
683.0 765.06242 -10877.82 -10866.417 
684.0 773.26666 -10877.77 -10866.246 
685.0 781.63908 -10877.72 -10866.071 
686.0 790.17892 -10877.669 -10865.892 
687.0 798.88524 -10877.617 -10865.71 
688.0 807.7572 -10877.563 -10865.525 
689.0 816.79723 -10877.501 -10865.328 
690.0 825.99969 -10877.445 -10865.134 
691.0 835.36019 -10877.395 -10864.944 
692.0 844.88737 -10877.332 -10864.739 
693.0 854.57459 -10877.271 -10864.535 
694.0 864.42068 -10877.211 -10864.328 
695.0 874.4251 -10877.149 -10864.116 
696.0 884.5867 -10877.086 -10863.902 
697.0 894.90396 -10877.02 -10863.683 
698.0 905.3757 -10876.956 -10863.462 
699.0 916.00048 -10876.887 -10863.234 
700.0 926.77701 -10876.819 -10863.007 
701.0 937.70365 -10876.747 -10862.771 
702.0 948.77905 -10876.677 -10862.536 
703.0 960.00157 -10876.6 -10862.293 
704.0 971.36976 -10876.528 -10862.051 
705.0 982.88181 -10876.447 -10861.798 
706.0 994.53614 -10876.372 -10861.549 
707.0 1006.3309 -10876.287 -10861.289 
708.0 1018.2645 -10876.209 -10861.032 
709.0 1030.3348 -10876.12 -10860.764 
710.0 1042.5437 -10876.034 -10860.496 
711.0 1054.8841 -10875.939 -10860.217 
712.0 1067.351 -10875.858 -10859.95 
713.0 1079.948 -10875.761 -10859.665 
714.0 1092.6766 -10875.669 -10859.384 
715.0 1105.5285 -10875.564 -10859.087 
716.0 1118.498 -10875.475 -10858.805 
717.0 1131.6026 -10875.369 -10858.504 
718.0 1144.8169 -10875.258 -10858.196 
719.0 1158.1442 -10875.162 -10857.901 
720.0 1171.584 -10875.044 -10857.583 
721.0 1185.1342 -10874.942 -10857.279 
722.0 1198.8004 -10874.822 -10856.955 
723.0 1212.5727 -10874.71 -10856.637 
724.0 1226.4478 -10874.586 -10856.307 
725.0 1240.4226 -10874.468 -10855.981 
726.0 1254.4933 -10874.339 -10855.642 
727.0 1268.6577 -10874.216 -10855.308 
728.0 1282.9121 -10874.08 -10854.959 
729.0 1297.2537 -10873.951 -10854.617 
730.0 1311.6792 -10873.808 -10854.259 
731.0 1326.1857 -10873.674 -10853.908 
732.0 1340.7693 -10873.524 -10853.541 
733.0 1355.4266 -10873.383 -10853.182 
734.0 1370.1541 -10873.226 -10852.805 
735.0 1384.9485 -10873.078 -10852.437 
736.0 1399.8055 -10872.913 -10852.051 
737.0 1414.7213 -10872.759 -10851.674 
738.0 1429.7016 -10872.592 -10851.283 
739.0 1444.7237 -10872.417 -10850.884 
740.0 1459.7922 -10872.251 -10850.494 
741.0 1474.9137 -10872.072 -10850.09 
742.0 1490.0738 -10871.891 -10849.682 
743.0 1505.2677 -10871.705 -10849.271 
744.0 1520.4914 -10871.515 -10848.854 
745.0 1535.7402 -10871.321 -10848.433 
746.0 1551.0092 -10871.122 -10848.006 
747.0 1566.2936 -10870.919 -10847.575 
748.0 1581.5885 -10870.71 -10847.138 
749.0 1596.8888 -10870.497 -10846.697 
750.0 1612.1893 -10870.279 -10846.251 
751.0 1627.4847 -10870.056 -10845.8 
752.0 1642.7696 -10869.827 -10845.343 
753.0 1658.0386 -10869.594 -10844.882 
754.0 1673.286 -10869.355 -10844.416 
755.0 1688.5061 -10869.11 -10843.944 
756.0 1703.6929 -10868.86 -10843.468 
757.0 1718.8405 -10868.604 -10842.986 
758.0 1733.9429 -10868.342 -10842.499 
759.0 1748.9937 -10868.075 -10842.007 
760.0 1763.9866 -10867.801 -10841.51 
761.0 1778.9218 -10867.526 -10841.013 
762.0 1793.7841 -10867.234 -10840.499 
763.0 1808.5685 -10866.948 -10839.993 
764.0 1823.2687 -10866.643 -10839.469 
765.0 1837.8776 -10866.344 -10838.952 
766.0 1852.3879 -10866.024 -10838.416 
767.0 1866.7926 -10865.712 -10837.889 
768.0 1881.0937 -10865.386 -10837.35 
769.0 1895.2649 -10865.045 -10836.798 
770.0 1909.3071 -10864.711 -10836.254 
771.0 1923.2233 -10864.362 -10835.699 
772.0 1936.9863 -10863.999 -10835.13 
773.0 1950.5966 -10863.642 -10834.57 
774.0 1964.057 -10863.27 -10833.998 
775.0 1977.3494 -10862.89 -10833.42 
776.0 1990.4646 -10862.503 -10832.837 
777.0 2003.3942 -10862.106 -10832.247 
778.0 2016.1301 -10861.702 -10831.653 
779.0 2028.6637 -10861.288 -10831.053 
780.0 2040.9857 -10860.866 -10830.447 
781.0 2053.0873 -10860.435 -10829.835 
782.0 2064.9594 -10859.995 -10829.218 
783.0 2076.5928 -10859.545 -10828.595 
784.0 2087.9782 -10859.087 -10827.967 
785.0 2099.1062 -10858.618 -10827.333 
786.0 2109.9673 -10858.141 -10826.694 
787.0 2120.5519 -10857.653 -10826.048 
788.0 2130.8504 -10857.156 -10825.398 
789.0 2140.8528 -10856.648 -10824.741 
790.0 2150.5496 -10856.131 -10824.079 
791.0 2159.9307 -10855.603 -10823.411 
792.0 2168.9862 -10855.065 -10822.738 
793.0 2177.7062 -10854.515 -10822.059 
794.0 2186.0804 -10853.956 -10821.374 
795.0 2194.099 -10853.385 -10820.684 
796.0 2201.7516 -10852.804 -10819.989 
797.0 2209.0283 -10852.211 -10819.287 
798.0 2215.9187 -10851.607 -10818.581 
799.0 2222.413 -10850.992 -10817.869 
800.0 2228.5008 -10850.365 -10817.151 
801.0 2234.172 -10849.726 -10816.428 
802.0 2239.4167 -10849.076 -10815.7 
803.0 2244.2248 -10848.414 -10814.966 
804.0 2248.5864 -10847.74 -10814.227 
805.0 2252.4915 -10847.054 -10813.483 
806.0 2255.9304 -10846.356 -10812.733 
807.0 2258.8933 -10845.645 -10811.979 
808.0 2261.3707 -10844.922 -10811.219 
809.0 2263.3531 -10844.187 -10810.454 
810.0 2264.8313 -10843.439 -10809.684 
811.0 2265.796 -10842.679 -10808.909 
812.0 2266.2384 -10841.906 -10808.13 
813.0 2266.1497 -10841.12 -10807.345 
814.0 2265.5215 -10840.322 -10806.557 
815.0 2264.3454 -10839.511 -10805.763 
816.0 2262.6136 -10838.687 -10804.965 
817.0 2260.3183 -10837.85 -10804.162 
818.0 2257.4522 -10837.0 -10803.355 
819.0 2254.0082 -10836.138 -10802.544 
820.0 2249.9796 -10835.263 -10801.729 
821.0 2245.3603 -10834.375 -10800.91 
822.0 2240.1442 -10833.474 -10800.087 
823.0 2234.326 -10832.56 -10799.26 
824.0 2227.9005 -10831.634 -10798.43 
825.0 2220.8633 -10830.696 -10797.596 
826.0 2213.2104 -10829.745 -10796.759 
827.0 2204.9383 -10828.781 -10795.919 
828.0 2196.0441 -10827.805 -10795.075 
829.0 2186.5254 -10826.818 -10794.229 
830.0 2176.3805 -10825.818 -10793.381 
831.0 2165.6083 -10824.806 -10792.53 
832.0 2154.2084 -10823.783 -10791.677 
833.0 2142.181 -10822.748 -10790.821 
834.0 2129.5271 -10821.703 -10789.964 
835.0 2116.2483 -10820.646 -10789.105 
836.0 2102.3471 -10819.578 -10788.245 
837.0 2087.8268 -10818.5 -10787.383 
838.0 2072.6915 -10817.413 -10786.521 
839.0 2056.9461 -10816.315 -10785.658 
840.0 2040.5962 -10815.207 -10784.794 
841.0 2023.6365 -10814.075 -10783.914 
842.0 2006.0868 -10812.964 -10783.065 
843.0 1987.9557 -10811.815 -10782.186 
844.0 1969.2519 -10810.688 -10781.338 
845.0 1949.9861 -10809.524 -10780.461 
846.0 1930.17 -10808.384 -10779.617 
847.0 1909.8156 -10807.206 -10778.742 
848.0 1888.9353 -10806.052 -10777.9 
849.0 1867.5438 -10804.863 -10777.029 
850.0 1845.6478 -10803.684 -10776.176 
851.0 1823.2738 -10802.499 -10775.325 
852.0 1800.4371 -10801.311 -10774.477 
853.0 1777.1564 -10800.12 -10773.634 
854.0 1753.4513 -10798.928 -10772.794 
855.0 1729.3422 -10797.733 -10771.959 
856.0 1704.8504 -10796.538 -10771.129 
857.0 1679.9986 -10795.342 -10770.304 
858.0 1654.81 -10794.147 -10769.484 
859.0 1629.309 -10792.953 -10768.67 
860.0 1603.521 -10791.761 -10767.862 
861.0 1577.4723 -10790.571 -10767.061 
862.0 1551.1747 -10789.358 -10766.24 
863.0 1524.671 -10788.199 -10765.475 
864.0 1497.9904 -10786.996 -10764.67 
865.0 1471.1638 -10785.851 -10763.925 
866.0 1444.2212 -10784.661 -10763.136 
867.0 1417.1944 -10783.532 -10762.411 
868.0 1390.1161 -10782.36 -10761.641 
869.0 1363.0185 -10781.249 -10760.935 
870.0 1335.9354 -10780.097 -10760.186 
871.0 1308.9002 -10779.008 -10759.5 
872.0 1281.9477 -10777.88 -10758.773 
873.0 1255.113 -10776.818 -10758.112 
874.0 1228.4176 -10775.688 -10757.38 
875.0 1201.8997 -10774.648 -10756.735 
876.0 1175.6076 -10773.573 -10756.052 
877.0 1149.5779 -10772.575 -10755.442 
878.0 1123.8471 -10771.539 -10754.789 
879.0 1098.4517 -10770.581 -10754.209 
880.0 1073.4286 -10769.585 -10753.586 
881.0 1048.8145 -10768.67 -10753.038 
882.0 1024.6461 -10767.718 -10752.447 
883.0 1000.9482 -10766.81 -10751.892 
884.0 977.76818 -10765.932 -10751.359 
885.0 955.14155 -10765.08 -10750.845 
886.0 933.10389 -10764.257 -10750.35 
887.0 911.68972 -10763.46 -10749.872 
888.0 890.93318 -10762.693 -10749.414 
889.0 870.86765 -10761.953 -10748.974 
890.0 851.52566 -10761.245 -10748.554 
891.0 832.93898 -10760.567 -10748.152 
892.0 815.1383 -10759.92 -10747.772 
893.0 798.15345 -10759.306 -10747.41 
894.0 782.01304 -10758.725 -10747.07 
895.0 766.74466 -10758.177 -10746.75 
896.0 752.37454 -10757.664 -10746.451 
897.0 738.92776 -10757.186 -10746.173 
898.0 726.42792 -10756.743 -10745.917 
899.0 714.8897 -10756.295 -10745.641 
900.0 704.34091 -10755.954 -10745.456 
901.0 694.80874 -10755.63 -10745.275 
902.0 686.29727 -10755.291 -10745.062 
903.0 678.8283 -10755.067 -10744.95 
904.0 672.41696 -10754.807 -10744.785 
905.0 667.07678 -10754.671 -10744.729 
906.0 662.81812 -10754.488 -10744.609 
907.0 659.65015 -10754.428 -10744.596 
908.0 657.58019 -10754.325 -10744.524 
909.0 656.61376 -10754.344 -10744.558 
910.0 656.75452 -10754.323 -10744.535 
911.0 658.00429 -10754.423 -10744.616 
912.0 660.36258 -10754.481 -10744.639 
913.0 663.82754 -10754.659 -10744.766 
914.0 668.39518 -10754.799 -10744.837 
915.0 674.05991 -10755.057 -10745.011 
916.0 680.81381 -10755.276 -10745.129 
917.0 688.64768 -10755.613 -10745.349 
918.0 697.5544 -10756.016 -10745.619 
919.0 707.51217 -10756.321 -10745.776 
920.0 718.50799 -10756.745 -10746.037 
921.0 730.53233 -10757.264 -10746.376 
922.0 743.5585 -10757.683 -10746.601 
923.0 757.56871 -10758.275 -10746.984 
924.0 772.54551 -10758.811 -10747.297 
925.0 788.46451 -10759.453 -10747.702 
926.0 805.30009 -10760.059 -10748.056 
927.0 823.02649 -10760.768 -10748.502 
928.0 841.61607 -10761.441 -10748.898 
929.0 861.04092 -10762.217 -10749.384 
930.0 881.27351 -10763.002 -10749.867 
931.0 902.27865 -10763.769 -10750.322 
932.0 924.02601 -10764.638 -10750.866 
933.0 946.48626 -10765.518 -10751.411 
934.0 969.62332 -10766.418 -10751.966 
935.0 993.40161 -10767.346 -10752.541 
936.0 1017.7859 -10768.3 -10753.131 
937.0 1042.7405 -10769.284 -10753.743 
938.0 1068.2299 -10770.33 -10754.409 
939.0 1094.214 -10771.335 -10755.027 
940.0 1120.6569 -10772.424 -10755.721 
941.0 1147.5207 -10773.479 -10756.376 
942.0 1174.7676 -10774.613 -10757.104 
943.0 1202.3623 -10775.746 -10757.826 
944.0 1230.2598 -10776.862 -10758.526 
945.0 1258.4244 -10778.051 -10759.295 
946.0 1286.822 -10779.244 -10760.065 
947.0 1315.4106 -10780.445 -10760.84 
948.0 1344.1512 -10781.665 -10761.632 
949.0 1373.0062 -10782.899 -10762.435 
950.0 1401.938 -10784.148 -10763.253 
951.0 1430.9093 -10785.41 -10764.084 
952.0 1459.8832 -10786.685 -10764.927 
953.0 1488.8233 -10787.971 -10765.781 
954.0 1517.6938 -10789.268 -10766.648 
955.0 1546.4594 -10790.574 -10767.525 
956.0 1575.0856 -10791.889 -10768.414 
957.0 1603.5385 -10793.211 -10769.312 
958.0 1631.7876 -10794.568 -10770.247 
959.0 1659.7957 -10795.879 -10771.141 
960.0 1687.533 -10797.243 -10772.092 
961.0 1714.969 -10798.563 -10773.003 
962.0 1742.0742 -10799.934 -10773.97 
963.0 1768.8249 -10801.285 -10774.923 
964.0 1795.1824 -10802.612 -10775.856 
965.0 1821.1253 -10803.987 -10776.845 
966.0 1846.6335 -10805.34 -10777.818 
967.0 1871.6763 -10806.691 -10778.795 
968.0 1896.2295 -10808.04 -10779.779 
969.0 1920.2703 -10809.387 -10780.767 
970.0 1943.777 -10810.731 -10781.761 
971.0 1966.7287 -10812.071 -10782.759 
972.0 1989.1056 -10813.407 -10783.761 
973.0 2010.889 -10814.737 -10784.767 
974.0 2032.0614 -10816.062 -10785.776 
975.0 2052.606 -10817.381 -10786.789 
976.0 2072.5073 -10818.693 -10787.804 
977.0 2091.7507 -10819.998 -10788.822 
978.0 2110.3229 -10821.294 -10789.842 
979.0 2128.2112 -10822.583 -10790.864 
980.0 2145.4041 -10823.863 -10791.887 
981.0 2161.8913 -10825.133 -10792.912 
982.0 2177.6632 -10826.394 -10793.938 
983.0 2192.7112 -10827.644 -10794.964 
984.0 2207.0277 -10828.884 -10795.991 
985.0 2220.606 -10830.113 -10797.017 
986.0 2233.4404 -10831.331 -10798.044 
987.0 2245.5259 -10832.538 -10799.07 
988.0 2256.8585 -10833.732 -10800.096 
989.0 2267.435 -10834.915 -10801.121 
990.0 2277.253 -10836.085 -10802.144 
991.0 2286.3109 -10837.242 -10803.167 
992.0 2294.6079 -10838.386 -10804.188 
993.0 2302.1439 -10839.518 -10805.206 
994.0 2308.9196 -10840.636 -10806.224 
995.0 2314.9362 -10841.74 -10807.238 
996.0 2320.1958 -10842.831 -10808.251 
997.0 2324.701 -10843.908 -10809.261 
998.0 2328.4552 -10844.971 -10810.268 
999.0 2331.462 -10846.021 -10811.272 
1000.0 2333.7261 -10847.056 -10812.274 
