# Interaction between a chaperone wall and hydrophobic ("B") beads (h=0.6)
# Generated using:
# generate_tables/calc_chaperone_table.py 1.0 1.0 3.0 0.60 3.1 8.0 981 True

CH_H0.6
N 981 R 3.1 8.0

1 3.1 24321971157.7 2.4400451019e+12
2 3.105 14907528428.0 1.42456746092e+12
3 3.11 9347010266.92 8.52735030437e+11
4 3.115 5983057175.03 5.22187648991e+11
5 3.12 3902942155.05 3.26496996649e+11
6 3.125 2590648415.38 2.0808159227e+11
7 3.13 1747350825.1 1.34970444886e+11
8 3.135 1196139798.89 88984974583.5
9 3.14 830130182.341 59559787515.6
10 3.145 583518174.975 40428507749.3
11 3.15 415078797.287 27803974550.9
12 3.155 298562827.719 19356989964.4
13 3.16 217001769.743 13631486848.5
14 3.165 159270305.159 9703243449.66
15 3.17 117976881.962 6977184032.49
16 3.175 88149161.6455 5064988683.98
17 3.18 66402860.1298 3710042118.5
18 3.185 50409022.6215 2740737360.59
19 3.19 38548170.6708 2041021063.98
20 3.195 29683036.1074 1531572773.33
21 3.2 23007502.8905 1157631256.92
22 3.205 17945109.6836 881028781.898
23 3.21 14080149.2893 674921399.554
24 3.215 11110438.2418 520266326.167
25 3.22 8814639.75879 403443800.764
26 3.225 7029455.47123 314636408.027
27 3.23 5633571.16439 246714657.082
28 3.235 4536265.59262 194464091.949
29 3.24 3669265.83647 154044868.616
30 3.245 2980881.1453 122610915.077
31 3.25 2431748.15466 98039536.8272
32 3.255 1991724.07297 78738058.3506
33 3.26 1637603.46485 63504600.2322
34 3.265 1351429.90872 51427172.534
35 3.27 1119240.11293 41810074.9071
36 3.275 930124.378436 34119886.2947
37 3.28 775519.857832 27945597.578
38 3.285 648676.115123 22969017.4933
39 3.29 544248.919174 18942684.9889
40 3.295 457989.984944 15673297.5619
41 3.3 386508.875651 13009215.1485
42 3.305 327089.446276 10830991.226
43 3.31 277547.709074 9044163.93118
44 3.315 236121.303553 7573742.76366
45 3.32 201383.18845 6359973.47163
46 3.325 172173.978278 5355070.91875
47 3.33 147548.691578 4520688.28477
48 3.335 126734.684289 3825948.80978
49 3.34 109098.298235 3245909.11014
50 3.345 94118.3261235 2760354.93052
51 3.35 81364.827777 2352853.97713
52 3.355 70482.1624146 2010008.31682
53 3.36 61175.3541703 1720862.26897
54 3.365 53199.1018261 1476431.88582
55 3.37 46348.8930587 1269329.84244
56 3.375 40453.7990113 1093465.44786
57 3.38 35370.6146686 943803.998782
58 3.385 30979.0803706 816173.162054
59 3.39 27177.9744013 707106.743488
60 3.395 23881.9094124 613718.268337
61 3.4 21018.6991377 533598.403624
62 3.405 18527.1884441 464731.50307
63 3.41 16355.4608211 405427.532611
64 3.415 14459.3541284 354266.400629
65 3.42 12801.228731 310052.319542
66 3.425 11348.9427887 271776.300627
67 3.43 10074.9979765 238585.259865
68 3.435 8955.82575185 209756.510836
69 3.44 7971.18978782 184676.657916
70 3.445 7103.68463562 162824.092297
71 3.45 6338.31427303 143754.444665
72 3.455 5662.13711315 127088.469763
73 3.46 5063.9664184 112501.9356
74 3.465 4534.11699728 99717.1686967
75 3.47 4064.19064042 88495.970274
76 3.475 3646.89404446 78633.6696895
77 3.48 3275.88403311 69954.1231906
78 3.485 2945.63575657 62305.4999784
79 3.49 2651.33026883 55556.7252625
80 3.495 2388.75847582 49594.4725913
81 3.5 2154.23893796 44320.6162531
82 3.505 1944.54741747 39650.0697323
83 3.51 1756.8563988 35508.9486835
84 3.515 1588.68309151 31833.0071751
85 3.52 1437.84465949 28566.3044359
86 3.525 1302.41961585 25660.0663588
87 3.53 1180.71448694 23071.7118275
88 3.535 1071.23498579 20764.0187577
89 3.54 972.661050857 18704.4087568
90 3.545 883.825202407 16864.3326446
91 3.55 803.693750954 15218.7418698
92 3.555 731.350460573 13745.6331832
93 3.56 665.982328363 12425.6558809
94 3.565 606.867190408 11241.7725673
95 3.57 553.362906393 10178.9657593
96 3.575 504.897910387 9223.98381086
97 3.58 460.962945446 8365.12060921
98 3.585 421.103825306 7592.02431669
99 3.59 384.915088285 6895.53112553
100 3.595 352.034427161 6267.5205811
101 3.6 322.137794751 5700.78952663
102 3.605 294.935098544 5188.94214534
103 3.61 270.166409464 4726.29393494
104 3.615 247.598619855 4307.78775517
105 3.62 227.022494431 3928.92034957
106 3.625 208.250065337 3585.67796495
107 3.63 191.112328875 3274.47988201
108 3.635 175.457206974 2992.12883298
109 3.64 161.147741205 2735.76742147
110 3.645 148.060491326 2502.83977901
111 3.65 136.084113848 2291.05779528
112 3.655 125.118099223 2098.37134728
113 3.66 115.071648949 1922.94202847
114 3.665 105.862676198 1763.11994431
115 3.67 97.4169155884 1617.42319704
116 3.675 89.6671295106 1484.51973131
117 3.68 82.5523999227 1363.21125435
118 3.685 76.0174958886 1252.41898087
119 3.69 70.0123082899 1151.17098442
120 3.695 64.4913441675 1058.59096449
121 3.7 59.4132740402 973.88826227
122 3.705 54.7405263329 896.348978842
123 3.71 50.438923727 825.328067481
124 3.715 46.4773568526 760.242287449
125 3.72 42.8274912666 700.563920374
126 3.725 39.4635041252 645.815162231
127 3.73 36.3618473701 595.563114331
128 3.735 33.5010346035 549.415305905
129 3.74 30.8614491473 507.015688796
130 3.745 28.425171059 468.041051794
131 3.75 26.1758211241 432.197808262
132 3.755 24.0984200646 399.21911609
133 3.76 22.179261392 368.86229374
134 3.765 20.4057965086 340.906500282
135 3.77 18.7665308078 315.150650994
136 3.775 17.2509296613 291.411543325
137 3.78 15.8493332971 269.522170811
138 3.785 14.5528796804 249.330205101
139 3.79 13.3534346012 230.696628411
140 3.795 12.2435282565 213.494500686
141 3.8 11.2162976896 197.607847495
142 3.805 10.2654345142 182.930656184
143 3.81 9.38513741093 169.365969178
144 3.815 8.57006893443 156.825064535
145 3.82 7.81531621929 145.226714879
146 3.825 7.1163552113 134.496516825
147 3.83 6.46901809043 124.566283826
148 3.835 5.86946358438 115.373496111
149 3.84 5.3141499016 106.860802062
150 3.845 4.79981003946 98.9755659598
151 3.85 4.32342924744 91.6694575494
152 3.855 3.88222444642 84.8980793495
153 3.86 3.47362542484 78.6206280516
154 3.865 3.09525764949 72.7995867184
155 3.87 2.74492654463 67.4004448293
156 3.875 2.42060310675 62.3914435192
157 3.88 2.12041073521 57.7433436194
158 3.885 1.84261317026 53.4292143513
159 3.89 1.58560343996 49.424240734
160 3.895 1.34789372698 45.7055479593
161 3.9 1.12810607442 42.2520411601
162 3.905 0.92496385733 39.0442591487
163 3.91 0.737283953249 36.0642408427
164 3.915 0.563969551396 33.2954032193
165 3.92 0.404003545437 30.7224297483
166 3.925 0.2564424599 28.3311683573
167 3.93 0.120410864734 26.1085380703
168 3.935 -0.00490376337106 24.0424435434
169 3.94 -0.120255770611 22.1216967943
170 3.945 -0.226345680979 20.3359454863
171 3.95 -0.323824207772 18.6756071913
172 3.955 -0.413295950251 17.1318091041
173 3.96 -0.495322801504 15.6963327338
174 3.965 -0.570427091298 14.3615631388
175 3.97 -0.639094485635 13.1204423129
176 3.975 -0.701776662868 11.9664263642
177 3.98 -0.75889378451 10.8934461632
178 3.985 -0.810836777335 9.89587116294
179 3.99 -0.857969441941 8.96847612349
180 3.995 -0.900630401683 8.10641049364
181 4.0 -0.939134904689 7.30517022808
182 4.005 -0.973776490618 6.56057183534
183 4.01 -1.00482853285 5.86872847094
184 4.015 -1.03254566588 5.22602790624
185 4.02 -1.05716510696 4.62911221801
186 4.025 -1.07890788015 4.07485905752
187 4.03 -1.09797995042 3.56036436994
188 4.035 -1.11457327471 3.08292644583
189 4.04 -1.12886677634 2.64003119688
190 4.045 -1.14102724873 2.22933855711
191 4.05 -1.1512101936 1.84866991901
192 4.055 -1.15956059893 1.49599652185
193 4.06 -1.16621366096 1.16942871644
194 4.065 -1.17129545464 0.867206036674
195 4.07 -1.17492355624 0.587688014256
196 4.075 -1.17720762184 0.329345678162
197 4.08 -1.17824992491 0.0907536851962
198 4.085 -1.17814585595 -0.129416967536
199 4.09 -1.17698438715 -0.332405693416
200 4.095 -1.17484850446 -0.519368571864
201 4.1 -1.1718156096 -0.691384146782
202 4.105 -1.16795789413 -0.84945880294
203 4.11 -1.16334268761 -0.994531752529
204 4.115 -1.15803278177 -1.12747966154
205 4.12 -1.15208673236 -1.24912094323
206 4.125 -1.14555914033 -1.36021974383
207 4.13 -1.1385009138 -1.46148964359
208 4.135 -1.1309595122 -1.55359709446
209 4.14 -1.1229791738 -1.63716461409
210 4.145 -1.11460112791 -1.71277375416
211 4.15 -1.10586379267 -1.78096785987
212 4.155 -1.09680295968 -1.84225463583
213 4.16 -1.08745196606 -1.89710853265
214 4.165 -1.07784185518 -1.94597296735
215 4.17 -1.06800152657 -1.98926238963
216 4.175 -1.05795787589 -2.02736420527
217 4.18 -1.04773592563 -2.06064056692
218 4.185 -1.03735894714 -2.0894300419
219 4.19 -1.02684857465 -2.11404916577
220 4.195 -1.01622491175 -2.13479388991
221 4.2 -1.0055066309 -2.15194093062
222 4.205 -0.994711066419 -2.16574902671
223 4.21 -0.983854301441 -2.17646011217
224 4.215 -0.972951249128 -2.18430040971
225 4.22 -0.962015728675 -2.18948145101
226 4.225 -0.951060536345 -2.19220102845
227 4.23 -0.940097511927 -2.19264408348
228 4.235 -0.92913760089 -2.19098353577
229 4.24 -0.918190912536 -2.18738105733
230 4.245 -0.907266774409 -2.18198779544
231 4.25 -0.896373783212 -2.17494504784
232 4.255 -0.885519852462 -2.16638489351
233 4.26 -0.87471225709 -2.15643078212
234 4.265 -0.863957675198 -2.14519808475
235 4.27 -0.853262227147 -2.13279460887
236 4.275 -0.842631512163 -2.11932107965
237 4.28 -0.832070642606 -2.1048715901
238 4.285 -0.82158427607 -2.08953402203
239 4.29 -0.81117664544 -2.07339043986
240 4.295 -0.800851587053 -2.056517459
241 4.3 -0.790612567064 -2.0389865906
242 4.305 -0.780462706161 -2.02086456422
243 4.31 -0.770404802702 -2.00221362974
244 4.315 -0.760441354404 -1.98309184017
245 4.32 -0.750574578653 -1.96355331629
246 4.325 -0.740806431546 -1.94364849462
247 4.33 -0.731138625717 -1.92342435953
248 4.335 -0.721572647055 -1.90292466077
249 4.34 -0.712109770359 -1.8821901172
250 4.345 -0.702751074011 -1.86125860773
251 4.35 -0.693497453724 -1.84016535019
252 4.355 -0.684349635419 -1.81894306902
253 4.36 -0.675308187304 -1.79762215246
254 4.365 -0.666373531174 -1.77623079981
255 4.37 -0.657545953012 -1.75479515963
256 4.375 -0.648825612912 -1.73333945922
257 4.38 -0.640212554381 -1.71188612608
258 4.385 -0.631706713048 -1.6904559018
259 4.39 -0.623307924828 -1.66906794891
260 4.395 -0.615015933557 -1.64773995108
261 4.4 -0.606830398156 -1.6264882071
262 4.405 -0.598750899326 -1.60532771911
263 4.41 -0.590776945828 -1.58427227531
264 4.415 -0.582907980353 -1.5633345276
265 4.42 -0.575143385022 -1.54252606445
266 4.425 -0.567482486527 -1.52185747923
267 4.43 -0.559924560948 -1.5013384344
268 4.435 -0.552468838251 -1.48097772171
269 4.44 -0.545114506505 -1.46078331869
270 4.445 -0.537860715815 -1.44076244171
271 4.45 -0.530706582 -1.42092159576
272 4.455 -0.523651190037 -1.40126662118
273 4.46 -0.516693597271 -1.38180273752
274 4.465 -0.509832836414 -1.36253458471
275 4.47 -0.503067918346 -1.34346626168
276 4.475 -0.496397834731 -1.32460136271
277 4.48 -0.489821560449 -1.30594301139
278 4.485 -0.483338055873 -1.28749389264
279 4.49 -0.476946268986 -1.26925628268
280 4.495 -0.470645137352 -1.2512320772
281 4.5 -0.464433589953 -1.23342281778
282 4.505 -0.458310548894 -1.21582971671
283 4.51 -0.452274930995 -1.19845368022
284 4.515 -0.446325649266 -1.18129533036
285 4.52 -0.44046161427 -1.16435502548
286 4.525 -0.4346817354 -1.14763287946
287 4.53 -0.428984922053 -1.13112877974
288 4.535 -0.423370084719 -1.11484240423
289 4.54 -0.417836135987 -1.09877323723
290 4.545 -0.41238199148 -1.08292058423
291 4.55 -0.407006570712 -1.06728358594
292 4.555 -0.401708797874 -1.05186123133
293 4.56 -0.396487602569 -1.03665236991
294 4.565 -0.391341920477 -1.02165572322
295 4.57 -0.386270693966 -1.00686989558
296 4.575 -0.381272872655 -0.992293384203
297 4.58 -0.376347413926 -0.977924588641
298 4.585 -0.371493283387 -0.963761819613
299 4.59 -0.366709455298 -0.949803307297
300 4.595 -0.361994912953 -0.936047209078
301 4.6 -0.357348649027 -0.922491616798
302 4.605 -0.352769665884 -0.909134563531
303 4.61 -0.348256975857 -0.895974029926
304 4.615 -0.343809601493 -0.883007950126
305 4.62 -0.339426575775 -0.870234217299
306 4.625 -0.335106942311 -0.857650688807
307 4.63 -0.330849755501 -0.845255191024
308 4.635 -0.326654080682 -0.833045523832
309 4.64 -0.322518994248 -0.821019464813
310 4.645 -0.318443583754 -0.809174773153
311 4.65 -0.314426947996 -0.797509193282
312 4.655 -0.310468197079 -0.786020458251
313 4.66 -0.306566452464 -0.774706292883
314 4.665 -0.302720847002 -0.763564416693
315 4.67 -0.298930524954 -0.752592546601
316 4.675 -0.295194641998 -0.741788399447
317 4.68 -0.291512365223 -0.731149694325
318 4.685 -0.287882873112 -0.720674154735
319 4.69 -0.284305355517 -0.710359510583
320 4.695 -0.280779013618 -0.700203500014
321 4.7 -0.277303059881 -0.690203871119
322 4.705 -0.273876718005 -0.680358383489
323 4.71 -0.270499222857 -0.670664809654
324 4.715 -0.267169820408 -0.6611209364
325 4.72 -0.263887767656 -0.651724565975
326 4.725 -0.260652332547 -0.64247351719
327 4.73 -0.257462793889 -0.633365626422
328 4.735 -0.254318441262 -0.624398748527
329 4.74 -0.251218574926 -0.615570757662
330 4.745 -0.248162505718 -0.606879548039
331 4.75 -0.245149554953 -0.598323034585
332 4.755 -0.242179054319 -0.58989915355
333 4.76 -0.239250345768 -0.581605863034
334 4.765 -0.236362781405 -0.573441143467
335 4.77 -0.233515723378 -0.565402998016
336 4.775 -0.230708543759 -0.557489452949
337 4.78 -0.227940624433 -0.549698557946
338 4.785 -0.225211356975 -0.542028386363
339 4.79 -0.222520142536 -0.534477035451
340 4.795 -0.219866391719 -0.527042626532
341 4.8 -0.21724952446 -0.519723305146
342 4.805 -0.214668969906 -0.512517241154
343 4.81 -0.212124166297 -0.505422628808
344 4.815 -0.209614560836 -0.498437686799
345 4.82 -0.207139609574 -0.491560658268
346 4.825 -0.204698777286 -0.484789810792
347 4.83 -0.202291537346 -0.478123436352
348 4.835 -0.199917371608 -0.471559851267
349 4.84 -0.197575770285 -0.465097396123
350 4.845 -0.195266231824 -0.458734435665
351 4.85 -0.19298826279 -0.452469358686
352 4.855 -0.190741377745 -0.446300577889
353 4.86 -0.188525099125 -0.440226529743
354 4.865 -0.186338957127 -0.434245674319
355 4.87 -0.184182489589 -0.428356495114
356 4.875 -0.182055241873 -0.422557498867
357 4.88 -0.179956766747 -0.416847215362
358 4.885 -0.177886624278 -0.41122419722
359 4.89 -0.175844381709 -0.405687019689
360 4.895 -0.173829613352 -0.400234280415
361 4.9 -0.171841900476 -0.394864599219
362 4.905 -0.169880831195 -0.389576617857
363 4.91 -0.16794600036 -0.384368999782
364 4.915 -0.166037009451 -0.379240429897
365 4.92 -0.164153466471 -0.374189614305
366 4.925 -0.16229498584 -0.369215280054
367 4.93 -0.16046118829 -0.364316174883
368 4.935 -0.158651700764 -0.359491066961
369 4.94 -0.156866156312 -0.354738744625
370 4.945 -0.155104193995 -0.350058016116
371 4.95 -0.153365458783 -0.345447709317
372 4.955 -0.151649601455 -0.340906671484
373 4.96 -0.14995627851 -0.336433768983
374 4.965 -0.148285152065 -0.33202788702
375 4.97 -0.146635889767 -0.327687929376
376 4.975 -0.145008164695 -0.323412818142
377 4.98 -0.143401655276 -0.319201493452
378 4.985 -0.141816045188 -0.315052913217
379 4.99 -0.140251023278 -0.310966052862
380 4.995 -0.138706283472 -0.306939905064
381 5.0 -0.137181524691 -0.30297347949
382 5.005 -0.135676450764 -0.299065802536
383 5.01 -0.134190770348 -0.295215917071
384 5.015 -0.132724196843 -0.291422882179
385 5.02 -0.131276448317 -0.287685772906
386 5.025 -0.129847247421 -0.284003680008
387 5.03 -0.128436321314 -0.280375709698
388 5.035 -0.127043401585 -0.276800983406
389 5.04 -0.12566822418 -0.273278637523
390 5.045 -0.124310529325 -0.269807823169
391 5.05 -0.122970061454 -0.266387705946
392 5.055 -0.121646569138 -0.263017465704
393 5.06 -0.120339805013 -0.259696296304
394 5.065 -0.119049525711 -0.256423405389
395 5.07 -0.117775491793 -0.253198014152
396 5.075 -0.11651746768 -0.25001935711
397 5.08 -0.115275221587 -0.246886681885
398 5.085 -0.114048525458 -0.243799248974
399 5.09 -0.112837154905 -0.240756331544
400 5.095 -0.111640889142 -0.237757215204
401 5.1 -0.110459510922 -0.234801197803
402 5.105 -0.109292806483 -0.231887589219
403 5.11 -0.10814056548 -0.229015711147
404 5.115 -0.107002580932 -0.226184896906
405 5.12 -0.105878649164 -0.223394491231
406 5.125 -0.104768569746 -0.220643850079
407 5.13 -0.103672145444 -0.217932340436
408 5.135 -0.10258918216 -0.215259340122
409 5.14 -0.101519488881 -0.212624237608
410 5.145 -0.100462877624 -0.210026431825
411 5.15 -0.0994191633865 -0.207465331988
412 5.155 -0.0983881640955 -0.204940357408
413 5.16 -0.0973697005554 -0.202450937324
414 5.165 -0.0963635964003 -0.199996510721
415 5.17 -0.0953696780453 -0.197576526166
416 5.175 -0.0943877746391 -0.195190441635
417 5.18 -0.0934177180174 -0.192837724349
418 5.185 -0.0924593426569 -0.190517850609
419 5.19 -0.0915124856305 -0.188230305639
420 5.195 -0.0905769865631 -0.185974583427
421 5.2 -0.0896526875878 -0.18375018657
422 5.205 -0.0887394333038 -0.18155662612
423 5.21 -0.0878370707341 -0.179393421439
424 5.215 -0.0869454492844 -0.177260100045
425 5.22 -0.0860644207027 -0.175156197473
426 5.225 -0.0851938390397 -0.173081257131
427 5.23 -0.0843335606096 -0.17103483016
428 5.235 -0.0834834439517 -0.169016475296
429 5.24 -0.0826433497932 -0.167025758735
430 5.245 -0.0818131410117 -0.165062254002
431 5.25 -0.0809926825993 -0.163125541821
432 5.255 -0.0801818416266 -0.161215209984
433 5.26 -0.079380487208 -0.159330853228
434 5.265 -0.078588490467 -0.157472073109
435 5.27 -0.0778057245025 -0.155638477884
436 5.275 -0.0770320643556 -0.15382968239
437 5.28 -0.0762673869772 -0.152045307925
438 5.285 -0.0755115711956 -0.150284982136
439 5.29 -0.0747644976853 -0.148548338906
440 5.295 -0.0740260489359 -0.146835018241
441 5.3 -0.0732961092222 -0.145144666161
442 5.305 -0.0725745645738 -0.143476934597
443 5.31 -0.0718613027461 -0.14183148128
444 5.315 -0.0711562131918 -0.140207969643
445 5.32 -0.0704591870322 -0.138606068717
446 5.325 -0.0697701170295 -0.137025453033
447 5.33 -0.0690888975602 -0.135465802523
448 5.335 -0.0684154245873 -0.133926802424
449 5.34 -0.0677495956348 -0.132408143187
450 5.345 -0.0670913097616 -0.130909520379
451 5.35 -0.0664404675362 -0.129430634599
452 5.355 -0.0657969710116 -0.127971191381
453 5.36 -0.0651607237011 -0.126530901116
454 5.365 -0.0645316305539 -0.125109478958
455 5.37 -0.0639095979318 -0.123706644743
456 5.375 -0.0632945335861 -0.122322122907
457 5.38 -0.0626863466341 -0.120955642402
458 5.385 -0.0620849475378 -0.119606936622
459 5.39 -0.0614902480807 -0.118275743316
460 5.395 -0.0609021613473 -0.11696180452
461 5.4 -0.0603206017011 -0.115664866475
462 5.405 -0.0597454847642 -0.114384679556
463 5.41 -0.0591767273965 -0.113120998201
464 5.415 -0.0586142476758 -0.111873580833
465 5.42 -0.0580579648779 -0.110642189799
466 5.425 -0.0575077994571 -0.109426591294
467 5.43 -0.0569636730276 -0.108226555298
468 5.435 -0.056425508344 -0.107041855505
469 5.44 -0.0558932292835 -0.105872269263
470 5.445 -0.0553667608274 -0.104717577509
471 5.45 -0.0548460290437 -0.103577564704
472 5.455 -0.0543309610691 -0.102452018771
473 5.46 -0.0538214850925 -0.101340731041
474 5.465 -0.0533175303375 -0.100243496185
475 5.47 -0.0528190270461 -0.0991601121616
476 5.475 -0.0523259064626 -0.0980903801592
477 5.48 -0.0518381008174 -0.0970341045378
478 5.485 -0.051355543311 -0.0959910927755
479 5.49 -0.0508781680991 -0.0949611554144
480 5.495 -0.0504059102771 -0.093944106007
481 5.5 -0.0499387058651 -0.0929397610647
482 5.505 -0.0494764917935 -0.0919479400065
483 5.51 -0.0490192058883 -0.0909684651086
484 5.515 -0.0485667868571 -0.0900011614554
485 5.52 -0.0481191742754 -0.089045856891
486 5.525 -0.0476763085723 -0.0881023819721
487 5.53 -0.0472381310177 -0.0871705699209
488 5.535 -0.0468045837087 -0.0862502565794
489 5.54 -0.0463756095568 -0.0853412803652
490 5.545 -0.0459511522751 -0.0844434822262
491 5.55 -0.0455311563655 -0.0835567055986
492 5.555 -0.0451155671069 -0.0826807963635
493 5.56 -0.0447043305426 -0.0818156028054
494 5.565 -0.0442973934684 -0.0809609755715
495 5.57 -0.0438947034215 -0.0801167676313
496 5.575 -0.043496208668 -0.0792828342371
497 5.58 -0.0431018581925 -0.0784590328851
498 5.585 -0.0427116016864 -0.0776452232778
499 5.59 -0.0423253895371 -0.0768412672861
500 5.595 -0.0419431728176 -0.0760470289129
501 5.6 -0.0415649032753 -0.075262374257
502 5.605 -0.041190533322 -0.0744871714779
503 5.61 -0.0408200160238 -0.0737212907608
504 5.615 -0.0404533050908 -0.0729646042826
505 5.62 -0.0400903548671 -0.0722169861784
506 5.625 -0.0397311203217 -0.0714783125087
507 5.63 -0.0393755570382 -0.0707484612271
508 5.635 -0.0390236212059 -0.0700273121483
509 5.64 -0.0386752696104 -0.0693147469176
510 5.645 -0.0383304596246 -0.0686106489795
511 5.65 -0.0379891491998 -0.0679149035485
512 5.655 -0.0376512968568 -0.0672273975789
513 5.66 -0.0373168616773 -0.0665480197363
514 5.665 -0.0369858032954 -0.065876660369
515 5.67 -0.0366580818895 -0.0652132114801
516 5.675 -0.0363336581739 -0.0645575667
517 5.68 -0.0360124933904 -0.0639096212595
518 5.685 -0.0356945493011 -0.0632692719635
519 5.69 -0.03537978818 -0.0626364171647
520 5.695 -0.0350681728056 -0.0620109567384
521 5.7 -0.0347596664531 -0.061392792057
522 5.705 -0.0344542328874 -0.0607818259659
523 5.71 -0.0341518363554 -0.060177962759
524 5.715 -0.0338524415789 -0.059581108155
525 5.72 -0.0335560137477 -0.0589911692739
526 5.725 -0.0332625185126 -0.0584080546145
527 5.73 -0.0329719219782 -0.0578316740315
528 5.735 -0.0326841906969 -0.0572619387135
529 5.74 -0.0323992916615 -0.0566987611612
530 5.745 -0.0321171922994 -0.0561420551663
531 5.75 -0.0318378604656 -0.0555917357902
532 5.755 -0.0315612644367 -0.0550477193436
533 5.76 -0.0312873729048 -0.0545099233662
534 5.765 -0.0310161549711 -0.0539782666069
535 5.77 -0.0307475801402 -0.0534526690041
536 5.775 -0.030481618314 -0.0529330516667
537 5.78 -0.030218239786 -0.0524193368549
538 5.785 -0.0299574152356 -0.0519114479623
539 5.79 -0.0296991157224 -0.051409309497
540 5.795 -0.0294433126807 -0.050912847064
541 5.8 -0.029189977914 -0.0504219873478
542 5.805 -0.0289390835898 -0.049936658095
543 5.81 -0.0286906022343 -0.0494567880971
544 5.815 -0.0284445067271 -0.0489823071741
545 5.82 -0.0282007702961 -0.0485131461582
546 5.825 -0.0279593665127 -0.0480492368772
547 5.83 -0.0277202692865 -0.0475905121394
548 5.835 -0.0274834528608 -0.0471369057172
549 5.84 -0.0272488918076 -0.0466883523327
550 5.845 -0.027016561023 -0.0462447876419
551 5.85 -0.0267864357225 -0.0458061482206
552 5.855 -0.0265584914363 -0.0453723715492
553 5.86 -0.0263327040052 -0.0449433959991
554 5.865 -0.0261090495757 -0.0445191608184
555 5.87 -0.0258875045962 -0.0440996061179
556 5.875 -0.0256680458122 -0.043684672858
557 5.88 -0.0254506502623 -0.043274302835
558 5.885 -0.0252352952741 -0.0428684386684
559 5.89 -0.0250219584602 -0.0424670237876
560 5.895 -0.0248106177138 -0.0420700024197
561 5.9 -0.0246012512052 -0.0416773195766
562 5.905 -0.0243938373776 -0.0412889210434
563 5.91 -0.0241883549434 -0.0409047533657
564 5.915 -0.0239847828804 -0.0405247638384
565 5.92 -0.023783100428 -0.0401489004937
566 5.925 -0.0235832870839 -0.0397771120898
567 5.93 -0.0233853225998 -0.0394093480998
568 5.935 -0.0231891869786 -0.0390455587005
569 5.94 -0.0229948604704 -0.0386856947618
570 5.945 -0.0228023235693 -0.0383297078356
571 5.95 -0.02261155701 -0.0379775501459
572 5.955 -0.0224225417644 -0.0376291745779
573 5.96 -0.0222352590382 -0.0372845346683
574 5.965 -0.022049690268 -0.0369435845953
575 5.97 -0.0218658171179 -0.0366062791685
576 5.975 -0.0216836214762 -0.0362725738196
577 5.98 -0.0215030854528 -0.0359424245927
578 5.985 -0.0213241913757 -0.0356157881351
579 5.99 -0.0211469217882 -0.0352926216881
580 5.995 -0.0209712594458 -0.0349728830781
581 6.0 -0.0207971873137 -0.0346565307074
582 6.005 -0.0206246885634 -0.034343523546
583 6.01 -0.0204537465704 -0.0340338211226
584 6.015 -0.0202843449109 -0.0337273835164
585 6.02 -0.0201164673595 -0.0334241713486
586 6.025 -0.0199500978864 -0.0331241457746
587 6.03 -0.0197852206547 -0.0328272684755
588 6.035 -0.0196218200176 -0.0325335016508
589 6.04 -0.0194598805162 -0.0322428080099
590 6.045 -0.0192993868768 -0.0319551507653
591 6.05 -0.0191403240084 -0.0316704936245
592 6.055 -0.0189826770001 -0.0313888007827
593 6.06 -0.018826431119 -0.0311100369157
594 6.065 -0.0186715718074 -0.0308341671728
595 6.07 -0.018518084681 -0.0305611571696
596 6.075 -0.0183659555261 -0.0302909729809
597 6.08 -0.0182151702974 -0.0300235811346
598 6.085 -0.0180657151159 -0.0297589486041
599 6.09 -0.0179175762668 -0.0294970428023
600 6.095 -0.0177707401969 -0.0292378315752
601 6.1 -0.017625193513 -0.028981283195
602 6.105 -0.0174809229791 -0.0287273663543
603 6.11 -0.017337915515 -0.0284760501597
604 6.115 -0.0171961581939 -0.0282273041259
605 6.12 -0.0170556382404 -0.0279810981694
606 6.125 -0.0169163430283 -0.0277374026031
607 6.13 -0.0167782600792 -0.0274961881301
608 6.135 -0.01664137706 -0.0272574258382
609 6.14 -0.0165056817814 -0.0270210871943
610 6.145 -0.0163711621956 -0.0267871440387
611 6.15 -0.0162378063949 -0.0265555685802
612 6.155 -0.0161056026094 -0.0263263333899
613 6.16 -0.0159745392057 -0.0260994113969
614 6.165 -0.0158446046847 -0.0258747758823
615 6.17 -0.01571578768 -0.0256524004746
616 6.175 -0.0155880769565 -0.0254322591449
617 6.18 -0.015461461408 -0.0252143262011
618 6.185 -0.0153359300561 -0.024998576284
619 6.19 -0.0152114720485 -0.0247849843619
620 6.195 -0.015088076657 -0.0245735257263
621 6.2 -0.0149657332764 -0.024364175987
622 6.205 -0.0148444314225 -0.0241569110676
623 6.21 -0.0147241607307 -0.0239517072012
624 6.215 -0.0146049109545 -0.0237485409258
625 6.22 -0.014486671964 -0.0235473890799
626 6.225 -0.0143694337444 -0.0233482287986
627 6.23 -0.0142531863944 -0.0231510375089
628 6.235 -0.0141379201248 -0.0229557929258
629 6.24 -0.0140236252573 -0.0227624730484
630 6.245 -0.0139102922227 -0.0225710561554
631 6.25 -0.0137979115599 -0.0223815208018
632 6.255 -0.0136864739141 -0.0221938458144
633 6.26 -0.013575970036 -0.0220080102883
634 6.265 -0.0134663907799 -0.021823993583
635 6.27 -0.0133577271028 -0.0216417753188
636 6.275 -0.0132499700628 -0.0214613353731
637 6.28 -0.0131431108183 -0.0212826538767
638 6.285 -0.013037140626 -0.0211057112104
639 6.29 -0.0129320508404 -0.0209304880015
640 6.295 -0.0128278329122 -0.0207569651202
641 6.3 -0.0127244783869 -0.0205851236763
642 6.305 -0.0126219789041 -0.020414945016
643 6.31 -0.0125203261961 -0.0202464107184
644 6.315 -0.0124195120866 -0.0200795025926
645 6.32 -0.0123195284899 -0.0199142026739
646 6.325 -0.0122203674091 -0.0197504932215
647 6.33 -0.0121220209361 -0.0195883567147
648 6.335 -0.0120244812493 -0.0194277758502
649 6.34 -0.0119277406133 -0.0192687335389
650 6.345 -0.0118317913778 -0.0191112129035
651 6.35 -0.011736625976 -0.0189551972747
652 6.355 -0.0116422369241 -0.0188006701892
653 6.36 -0.0115486168203 -0.0186476153863
654 6.365 -0.0114557583432 -0.0184960168053
655 6.37 -0.0113636542516 -0.018345858583
656 6.375 -0.0112722973829 -0.0181971250506
657 6.38 -0.0111816806525 -0.0180498007315
658 6.385 -0.0110917970524 -0.0179038703382
659 6.39 -0.011002639651 -0.01775931877
660 6.395 -0.0109142015915 -0.0176161311107
661 6.4 -0.0108264760913 -0.0174742926254
662 6.405 -0.0107394564409 -0.017333788759
663 6.41 -0.0106531360033 -0.0171946051328
664 6.415 -0.0105675082129 -0.0170567275427
665 6.42 -0.0104825665746 -0.016920141957
666 6.425 -0.0103983046631 -0.0167848345133
667 6.43 -0.010314716122 -0.0166507915172
668 6.435 -0.0102317946631 -0.0165179994391
669 6.44 -0.0101495340651 -0.016386444913
670 6.445 -0.0100679281734 -0.0162561147332
671 6.45 -0.00998697089892 -0.0161269958531
672 6.455 -0.0099066562175 -0.0159990753826
673 6.46 -0.00982697816897 -0.0158723405861
674 6.465 -0.0097479308565 -0.0157467788803
675 6.47 -0.00966950844575 -0.0156223778326
676 6.475 -0.00959170516422 -0.0154991251586
677 6.48 -0.00951451530045 -0.0153770087205
678 6.485 -0.00943793320329 -0.0152560165249
679 6.49 -0.00936195328122 -0.0151361367211
680 6.495 -0.00928657000161 -0.0150173575989
681 6.5 -0.00921177789005 -0.0148996675874
682 6.505 -0.00913757152962 -0.0147830552523
683 6.51 -0.00906394556024 -0.0146675092947
684 6.515 -0.00899089467799 -0.0145530185491
685 6.52 -0.00891841363446 -0.0144395719819
686 6.525 -0.00884649723606 -0.0143271586891
687 6.53 -0.00877514034341 -0.0142157678952
688 6.535 -0.0087043378707 -0.0141053889514
689 6.54 -0.00863408478503 -0.0139960113337
690 6.545 -0.00856437610582 -0.0138876246413
691 6.55 -0.00849520690421 -0.0137802185952
692 6.555 -0.0084265723024 -0.0136737830367
693 6.56 -0.0083584674731 -0.0135683079253
694 6.565 -0.00829088763895 -0.0134637833379
695 6.57 -0.00822382807187 -0.0133601994666
696 6.575 -0.00815728409258 -0.0132575466177
697 6.58 -0.00809125106997 -0.01315581521
698 6.585 -0.00802572442054 -0.0130549957733
699 6.59 -0.00796069960789 -0.0129550789471
700 6.595 -0.00789617214214 -0.0128560554792
701 6.6 -0.00783213757941 -0.0127579162242
702 6.605 -0.00776859152128 -0.0126606521422
703 6.61 -0.00770552961427 -0.0125642542974
704 6.615 -0.00764294754931 -0.0124687138569
705 6.62 -0.00758084106125 -0.0123740220889
706 6.625 -0.00751920592835 -0.0122801703624
707 6.63 -0.00745803797178 -0.0121871501447
708 6.635 -0.00739733305512 -0.0120949530012
709 6.64 -0.00733708708388 -0.0120035705934
710 6.645 -0.00727729600504 -0.0119129946781
711 6.65 -0.00721795580654 -0.0118232171061
712 6.655 -0.00715906251684 -0.0117342298209
713 6.66 -0.00710061220446 -0.0116460248577
714 6.665 -0.00704260097752 -0.011558594342
715 6.67 -0.00698502498328 -0.0114719304888
716 6.675 -0.0069278804077 -0.011386025601
717 6.68 -0.00687116347501 -0.0113008720688
718 6.685 -0.00681487044729 -0.0112164623683
719 6.69 -0.00675899762401 -0.0111327890605
720 6.695 -0.00670354134163 -0.0110498447902
721 6.7 -0.00664849797317 -0.010967622285
722 6.705 -0.00659386392783 -0.0108861143542
723 6.71 -0.00653963565053 -0.0108053138879
724 6.715 -0.00648580962156 -0.0107252138558
725 6.72 -0.00643238235617 -0.0106458073064
726 6.725 -0.00637935040415 -0.0105670873659
727 6.73 -0.00632671034949 -0.0104890472373
728 6.735 -0.00627445880997 -0.0104116801994
729 6.74 -0.00622259243676 -0.0103349796058
730 6.745 -0.00617110791413 -0.0102589388842
731 6.75 -0.00612000195897 -0.0101835515351
732 6.755 -0.00606927132054 -0.0101088111315
733 6.76 -0.00601891278001 -0.0100347113173
734 6.765 -0.00596892315019 -0.00996124580682
735 6.77 -0.00591929927513 -0.00988840838405
736 6.775 -0.00587003802979 -0.00981619290146
737 6.78 -0.00582113631969 -0.00974459327937
738 6.785 -0.00577259108059 -0.00967360350506
739 6.79 -0.00572439927814 -0.00960321763197
740 6.795 -0.00567655790757 -0.00953342977884
741 6.8 -0.00562906399335 -0.009464234129
742 6.805 -0.00558191458887 -0.00939562492948
743 6.81 -0.00553510677612 -0.00932759649031
744 6.815 -0.00548863766541 -0.00926014318374
745 6.82 -0.00544250439501 -0.00919325944343
746 6.825 -0.00539670413088 -0.00912693976378
747 6.83 -0.00535123406635 -0.00906117869914
748 6.835 -0.00530609142185 -0.0089959708631
749 6.84 -0.00526127344456 -0.00893131092779
750 6.845 -0.00521677740819 -0.00886719362314
751 6.85 -0.00517260061263 -0.0088036137362
752 6.855 -0.00512874038373 -0.00874056611047
753 6.86 -0.00508519407293 -0.00867804564517
754 6.865 -0.00504195905709 -0.00861604729463
755 6.87 -0.00499903273812 -0.00855456606758
756 6.875 -0.00495641254277 -0.00849359702652
757 6.88 -0.00491409592235 -0.00843313528707
758 6.885 -0.00487208035245 -0.00837317601735
759 6.89 -0.0048303633327 -0.00831371443731
760 6.895 -0.00478894238648 -0.00825474581818
761 6.9 -0.00474781506071 -0.00819626548178
762 6.905 -0.00470697892557 -0.00813826879998
763 6.91 -0.00466643157426 -0.00808075119406
764 6.915 -0.00462617062273 -0.00802370813416
765 6.92 -0.00458619370948 -0.00796713513869
766 6.925 -0.00454649849529 -0.00791102777373
767 6.93 -0.004507082663 -0.0078553816525
768 6.935 -0.00446794391726 -0.00780019243478
769 6.94 -0.00442907998431 -0.00774545582638
770 6.945 -0.00439048861173 -0.00769116757859
771 6.95 -0.00435216756826 -0.00763732348763
772 6.955 -0.00431411464353 -0.00758391939413
773 6.96 -0.00427632764786 -0.00753095118263
774 6.965 -0.00423880441202 -0.00747841478103
775 6.97 -0.00420154278708 -0.0074263061601
776 6.975 -0.0041645406441 -0.00737462133297
777 6.98 -0.004127795874 -0.00732335635464
778 6.985 -0.00409130638732 -0.0072725073215
779 6.99 -0.00405507011399 -0.00722207037082
780 6.995 -0.00401908500318 -0.00717204168032
781 7.0 -0.00398334902306 -0.00712241746764
782 7.005 -0.00394786016061 -0.00707319398991
783 7.01 -0.00391261642144 -0.00702436754329
784 7.015 -0.00387761582957 -0.00697593446253
785 7.02 -0.00384285642725 -0.00692789112049
786 7.025 -0.00380833627479 -0.00688023392772
787 7.03 -0.00377405345032 -0.00683295933202
788 7.035 -0.00374000604966 -0.006786063818
789 7.04 -0.00370619218613 -0.00673954390668
790 7.045 -0.00367260999033 -0.00669339615506
791 7.05 -0.00363925761 -0.0066476171557
792 7.055 -0.00360613320981 -0.00660220353629
793 7.06 -0.00357323497123 -0.00655715195929
794 7.065 -0.00354056109232 -0.00651245912153
795 7.07 -0.00350810978757 -0.00646812175376
796 7.075 -0.00347587928773 -0.00642413662034
797 7.08 -0.00344386783965 -0.00638050051877
798 7.085 -0.00341207370611 -0.0063372102794
799 7.09 -0.00338049516565 -0.006294262765
800 7.095 -0.00334913051243 -0.0062516548704
801 7.1 -0.00331797805604 -0.00620938352214
802 7.105 -0.00328703612137 -0.00616744567807
803 7.11 -0.00325630304843 -0.00612583832708
804 7.115 -0.00322577719224 -0.00608455848864
805 7.12 -0.00319545692261 -0.00604360321253
806 7.125 -0.00316534062405 -0.00600296957848
807 7.13 -0.00313542669558 -0.00596265469582
808 7.135 -0.00310571355061 -0.00592265570314
809 7.14 -0.00307619961678 -0.005882969768
810 7.145 -0.00304688333584 -0.00584359408654
811 7.15 -0.00301776316346 -0.00580452588324
812 7.155 -0.00298883756913 -0.00576576241051
813 7.16 -0.002960105036 -0.00572730094846
814 7.165 -0.00293156406078 -0.00568913880453
815 7.17 -0.00290321315354 -0.00565127331323
816 7.175 -0.00287505083762 -0.0056137018358
817 7.18 -0.00284707564951 -0.00557642175992
818 7.185 -0.00281928613867 -0.00553943049944
819 7.19 -0.00279168086743 -0.00550272549407
820 7.195 -0.00276425841086 -0.00546630420907
821 7.2 -0.00273701735665 -0.00543016413502
822 7.205 -0.00270995630497 -0.00539430278748
823 7.21 -0.00268307386833 -0.00535871770676
824 7.215 -0.00265636867152 -0.00532340645761
825 7.22 -0.00262983935139 -0.00528836662899
826 7.225 -0.00260348455684 -0.00525359583375
827 7.23 -0.00257730294861 -0.00521909170842
828 7.235 -0.00255129319921 -0.00518485191292
829 7.24 -0.00252545399279 -0.00515087413029
830 7.245 -0.00249978402504 -0.00511715606646
831 7.25 -0.00247428200305 -0.00508369545
832 7.255 -0.00244894664521 -0.00505049003185
833 7.26 -0.00242377668111 -0.0050175375851
834 7.265 -0.00239877085142 -0.00498483590472
835 7.27 -0.00237392790776 -0.00495238280735
836 7.275 -0.00234924661264 -0.00492017613103
837 7.28 -0.00232472573932 -0.004888213735
838 7.285 -0.00230036407169 -0.00485649349945
839 7.29 -0.00227616040422 -0.00482501332528
840 7.295 -0.0022521135418 -0.00479377113392
841 7.3 -0.00222822229968 -0.00476276486705
842 7.305 -0.00220448550332 -0.00473199248642
843 7.31 -0.00218090198837 -0.00470145197362
844 7.315 -0.00215747060047 -0.00467114132986
845 7.32 -0.00213419019525 -0.00464105857576
846 7.325 -0.00211105963817 -0.00461120175114
847 7.33 -0.00208807780443 -0.00458156891484
848 7.335 -0.00206524357891 -0.00455215814447
849 7.34 -0.00204255585605 -0.00452296753622
850 7.345 -0.00202001353975 -0.00449399520468
851 7.35 -0.00199761554332 -0.00446523928264
852 7.355 -0.00197536078933 -0.00443669792087
853 7.36 -0.00195324820956 -0.00440836928794
854 7.365 -0.00193127674492 -0.00438025157005
855 7.37 -0.00190944534533 -0.00435234297081
856 7.375 -0.00188775296965 -0.00432464171107
857 7.38 -0.00186619858559 -0.00429714602873
858 7.385 -0.00184478116965 -0.00426985417856
859 7.39 -0.00182349970697 -0.00424276443203
860 7.395 -0.00180235319134 -0.00421587507713
861 7.4 -0.00178134062504 -0.00418918441815
862 7.405 -0.0017604610188 -0.0041626907756
863 7.41 -0.0017397133917 -0.00413639248593
864 7.415 -0.0017190967711 -0.00411028790146
865 7.42 -0.00169861019256 -0.00408437539014
866 7.425 -0.00167825269977 -0.00405865333542
867 7.43 -0.00165802334445 -0.00403312013606
868 7.435 -0.00163792118629 -0.00400777420601
869 7.44 -0.00161794529289 -0.00398261397421
870 7.445 -0.00159809473965 -0.00395763788446
871 7.45 -0.00157836860971 -0.00393284439525
872 7.455 -0.00155876599391 -0.00390823197958
873 7.46 -0.00153928599065 -0.00388379912488
874 7.465 -0.00151992770589 -0.00385954433278
875 7.47 -0.00150069025303 -0.00383546611901
876 7.475 -0.00148157275285 -0.00381156301323
877 7.48 -0.00146257433348 -0.0037878335589
878 7.485 -0.00144369413025 -0.00376427631313
879 7.49 -0.00142493128571 -0.00374088984652
880 7.495 -0.00140628494952 -0.00371767274304
881 7.5 -0.00138775427835 -0.00369462359991
882 7.505 -0.0013693384359 -0.00367174102741
883 7.51 -0.00135103659275 -0.00364902364878
884 7.515 -0.00133284792636 -0.00362647010008
885 7.52 -0.00131477162096 -0.00360407903007
886 7.525 -0.0012968068675 -0.00358184910005
887 7.53 -0.0012789528636 -0.00355977898374
888 7.535 -0.00126120881349 -0.00353786736716
889 7.54 -0.00124357392793 -0.00351611294851
890 7.545 -0.00122604742416 -0.00349451443802
891 7.55 -0.00120862852584 -0.00347307055786
892 7.555 -0.00119131646298 -0.00345178004197
893 7.56 -0.0011741104719 -0.00343064163599
894 7.565 -0.00115700979517 -0.0034096540971
895 7.57 -0.00114001368154 -0.00338881619393
896 7.575 -0.00112312138587 -0.00336812670643
897 7.58 -0.00110633216913 -0.00334758442575
898 7.585 -0.00108964529827 -0.00332718815413
899 7.59 -0.00107306004622 -0.00330693670479
900 7.595 -0.00105657569181 -0.00328682890181
901 7.6 -0.00104019151973 -0.00326686358005
902 7.605 -0.00102390682047 -0.00324703958498
903 7.61 -0.00100772089024 -0.00322735577263
904 7.615 -0.000991633030992 -0.00320781100945
905 7.62 -0.000975642550274 -0.00318840417222
906 7.625 -0.000959748761248 -0.00316913414793
907 7.63 -0.000943950982612 -0.00314999983371
908 7.635 -0.00092824853855 -0.00313100013668
909 7.64 -0.000912640758688 -0.00311213397388
910 7.645 -0.000897126978043 -0.00309340027216
911 7.65 -0.000881706536971 -0.0030747979681
912 7.655 -0.000866378781123 -0.00305632600787
913 7.66 -0.000851143061394 -0.00303798334719
914 7.665 -0.000835998733877 -0.00301976895117
915 7.67 -0.000820945159817 -0.00300168179428
916 7.675 -0.000805981705564 -0.0029837208602
917 7.68 -0.000791107742523 -0.00296588514177
918 7.685 -0.000776322647117 -0.00294817364088
919 7.69 -0.000761625800734 -0.00293058536838
920 7.695 -0.000747016589687 -0.00291311934398
921 7.7 -0.000732494405167 -0.00289577459618
922 7.705 -0.000718058643203 -0.00287855016219
923 7.71 -0.000703708704613 -0.0028614450878
924 7.715 -0.000689443994968 -0.00284445842736
925 7.72 -0.000675263924546 -0.00282758924361
926 7.725 -0.000661167908286 -0.0028108366077
927 7.73 -0.000647155365757 -0.002794199599
928 7.735 -0.000633225721105 -0.00277767730511
929 7.74 -0.000619378403022 -0.00276126882172
930 7.745 -0.000605612844698 -0.00274497325255
931 7.75 -0.000591928483787 -0.00272878970927
932 7.755 -0.000578324762364 -0.00271271731143
933 7.76 -0.000564801126885 -0.00269675518635
934 7.765 -0.000551357028154 -0.00268090246909
935 7.77 -0.000537991921277 -0.00266515830234
936 7.775 -0.00052470526563 -0.00264952183636
937 7.78 -0.000511496524817 -0.00263399222891
938 7.785 -0.000498365166635 -0.00261856864514
939 7.79 -0.000485310663039 -0.00260325025757
940 7.795 -0.0004723324901 -0.00258803624599
941 7.8 -0.000459430127974 -0.00257292579737
942 7.805 -0.000446603060865 -0.00255791810586
943 7.81 -0.000433850776986 -0.00254301237261
944 7.815 -0.000421172768528 -0.00252820780582
945 7.82 -0.000408568531625 -0.00251350362058
946 7.825 -0.000396037566317 -0.00249889903884
947 7.83 -0.000383579376517 -0.00248439328937
948 7.835 -0.000371193469977 -0.00246998560763
949 7.84 -0.000358879358258 -0.00245567523575
950 7.845 -0.000346636556689 -0.00244146142247
951 7.85 -0.000334464584344 -0.00242734342306
952 7.855 -0.000322362964 -0.00241332049923
953 7.86 -0.000310331222112 -0.00239939191913
954 7.865 -0.000298368888779 -0.00238555695723
955 7.87 -0.000286475497709 -0.00237181489431
956 7.875 -0.000274650586192 -0.00235816501734
957 7.88 -0.00026289369507 -0.00234460661948
958 7.885 -0.000251204368701 -0.00233113899997
959 7.89 -0.000239582154932 -0.00231776146411
960 7.895 -0.000228026605069 -0.00230447332318
961 7.9 -0.000216537273846 -0.0022912738944
962 7.905 -0.000205113719399 -0.00227816250086
963 7.91 -0.000193755503231 -0.00226513847144
964 7.915 -0.000182462190187 -0.00225220114081
965 7.92 -0.000171233348425 -0.00223934984935
966 7.925 -0.000160068549386 -0.00222658394306
967 7.93 -0.000148967367767 -0.00221390277357
968 7.935 -0.000137929381494 -0.00220130569803
969 7.94 -0.000126954171692 -0.00218879207909
970 7.945 -0.000116041322662 -0.00217636128485
971 7.95 -0.000105190421847 -0.00216401268878
972 7.955 -9.44010598127e-05 -0.00215174566969
973 7.96 -8.36728302154e-05 -0.0021395596117
974 7.965 -7.30053297786e-05 -0.00212745390412
975 7.97 -6.23981582662e-05 -0.00211542794149
976 7.975 -5.18509184563e-05 -0.00210348112347
977 7.98 -4.13632161162e-05 -0.0020916128548
978 7.985 -3.09346599767e-05 -0.00207982254527
979 7.99 -2.05648617073e-05 -0.00206810960966
980 7.995 -1.0253435891e-05 -0.00205647346771
981 8.0 0.0 0.0
