POD_coefficients: 75
-5.0732085512708851027
-3.0407290750359958764
1.6986688312944357993
2.7092771615624169357
-4.5778253086836091512
1.2243035575060308151
-2.5136898620954775119
0.37569695325257457252
-0.038578351526918512604
44.373522732526723189
21.102289537378492668
127.81600320301852491
26.016027430301654988
-9.9588939266634799452
-35.580093623528227909
-2.6565653130325488362
11.211741497559044589
-15.186313845043262205
-0.054775192436421357711
4.8150058820194265863
7.3007315162776986739
-0.4147535296921259218
-3.5252250504220148386
0.93773692856615231683
-1.2691878712543211982
-1.0317239658694283833
-1.2059607633177260588
-0.22497550803297655664
-0.30805578904260477735
-0.66922798890666146399
-0.35344448851048299032
-0.30748823298562011352
-0.042870639967298611317
-0.031537427699103677547
-0.029128605092788126263
-0.084497408280907154721
-0.065429337429497108625
-0.00094733055601365799211
-0.014433680915905060943
-0.097211159227464122301
-0.26366634635686375665
-0.35504654295371751438
-0.070821602506017253265
-0.06176222759941800422
0.058115670960192558625
-0.015337052312572423129
-0.042164307122434054043
0.14507231047729091111
-0.038601596928466104519
-0.084251827383172647745
0.0032804343665783020426
-0.043671886908117830972
0.061973389550640453627
-0.12650922837070774363
0.17178082004513509085
-0.023260213459967312571
0.11854871138743561243
0.0043401832243985987228
0.066004364557227454546
-0.085886322673121337501
-0.0060091726730743134227
-0.065142059504635155265
0.068822445365707085596
0.0049318982457003130576
-0.047125506409090578419
0.044612699955935995744
-0.092700166735021738429
0.023333658984078731874
0.009472717039933038069
0.023501381031088963008
0.010295781096074650349
0.016497580285034185027
0.0033481662717193627979
0.00090267347246453374585
0.0029558876218174000121
