1 -1.633531566 1.0081779456 0.4997643894
2 -2.3175495108 2.50004343396 0.4998098766
3 -0.0883292022000002 2.49998487024 0.49997382
4 -0.5905249392 2.1141400272 1.2739520638
5 -1.6354550196 0.00777687119999992 0.4998135702
6 2.50024371 1.7052004254 1.1066620646
7 1.6163377164 0.378218796 0.4996352686
8 0.6450816684 1.8136706778 0.4991881638
9 1.3723354464 2.50001343222 0.4998503506
10 -2.49477600042 -2.4994533834 0.49997382
11 0.1591747386 -0.8623052892 0.4997612252
12 0.6018432558 2.50085393652 1.2236191762
13 2.4993970962 2.50004979816 0.499958425
14 2.5002306354 -0.5891871372 1.3656871624
15 2.4996763188 0.910593138 0.4998442324
16 0.1555379868 -2.1140856714 0.499808302
17 1.7917374258 -2.5001865732 1.2081198644
18 -2.1690769116 -1.9332698928 1.3393934932
19 1.7064470976 1.5487702458 0.49997382
20 -0.7669637874 -2.5000096794 0.4999680968
21 2.5000711542 -1.0890633102 0.4997243732
22 -1.630300629 -1.9954333962 0.4995576534
23 1.7914606536 -1.7945441268 0.4997721152
24 -2.50023339174 -0.4939926774 0.4998565634
25 -2.5002228639 0.5096527854 0.4998286406
26 -2.49973398858 1.5167884392 0.4998730372
27 -1.09231806 2.50004601528 0.4999122966
28 -0.7664081604 1.506191607 0.4998754028
29 -2.49994466028 -1.4976897942 0.49997382
30 -1.6351530756 -0.9955213908 0.4999588934
31 2.5000470594 -2.5000639944 0.4999611072
32 1.0827185856 -2.500004454 0.4999501042
33 0.121049223 0.962177124 0.4998840514
34 -0.731239728 -1.4928565722 0.499907191
35 2.5000148538 -1.7942863308 1.208330482
36 1.4293900734 -0.60411936 0.4998811682
37 1.693914078 -1.1739451596 1.2777368674
38 -0.7702945434 -0.4936272762 0.4995237402
39 2.5001273412 0.4105916904 1.3657870828
40 -0.2151642102 -0.4489046268 1.3296380976
41 -0.7687151904 0.5062139106 0.4999055828
42 2.500152618 -0.0892589747999999 0.4997650116
43 1.0009049868 1.008280419 0.972585352
44 -1.5086934072 0.9974863356 1.4916875348
45 -0.1906878174 -2.5001610756 1.3546498898
46 1.9350760212 2.50015141518 1.3263206044
47 0.7680680142 -0.613803066 1.2529781652
48 -0.520322322 0.9840571992 1.3423839878
49 -1.7049937512 1.8781106406 0.987517195
50 0.2890163712 1.5679785972 1.4005698552
51 -2.5001055165 -0.9902666664 1.3677983936
52 0.6718107054 0.0485346384000001 0.4998990378
53 0.8828891958 -1.4903279178 0.7856231914
54 1.6971075462 -1.8794484798 1.986236625
55 0.7785745614 -1.5429397554 1.778749626
56 2.498355582 -2.5002474342 1.9162502768
57 1.8163510674 1.118761185 1.5402656292
58 -2.49028043208 0.00966293040000021 1.3657617934
59 -1.0465593666 -1.9851376494 1.3111443026
60 1.6230277242 -0.109344417 1.3725323044
61 0.803677725 -2.4904980648 1.4601558584
62 2.500174548 -1.291019802 2.077806292
63 -0.4406783868 -1.0295588292 2.111380354
64 -1.0593921888 -0.9853736058 1.3206667652
65 -1.0862456712 0.0421811507999998 1.334589922
66 -0.0664300529999999 -1.4875173498 1.246881552
67 0.2975538384 0.4089966312 1.3541999206
68 -2.0563739124 1.7171792856 1.9181011058
69 -1.5021759366 -2.5002090786 2.037012458
70 1.2004706514 1.8826223166 1.7322744688
71 -2.50018854048 1.0131918204 1.3636933196
72 -0.6610079004 -1.996969944 2.233624626
73 0.3572570658 -0.4242221946 2.149145084
74 -2.50015722168 2.5001806872 1.4828326074
75 -1.7654338962 -0.4966383762 1.832939586
76 2.5001148054 1.8908456178 2.089239758
77 -1.5156057486 -1.498156245 2.047882108
78 -0.0249709901999999 2.50011927126 2.002554182
79 2.500335852 0.901840926 2.23670456
80 -2.50033055412 -2.5002094542 2.093220108
81 -2.50007568966 -1.5087105342 2.222856128
82 0.2019219258 -2.5001781654 2.2742338
83 2.500074618 -0.1030437882 2.239501644
84 1.306372176 -0.7329475686 2.087233828
85 -0.9572314386 1.6112582586 2.05661196
86 0.8603279154 0.9694525734 1.9616903498
87 -1.4114044692 2.50004378976 1.713374457
88 -2.5000006182 2.49931211886 2.482805848
89 -1.020675462 -0.3572734878 2.57123686
90 -0.4044797454 0.2263507242 2.042403434
91 -2.50015066302 -0.0762997092000002 2.3660063
92 2.5000666632 -0.6377540202 3.084536714
93 1.635820743 0.3998132112 2.232930018
94 0.787044012 2.3196010806 2.557182368
95 1.7880996756 -1.270196802 2.779504834
96 -2.5000149498 0.9308964468 2.36020607
97 2.50006086 1.4990173908 3.038728388
98 2.5000002036 -2.0009185842 2.782437742
99 2.4973597854 0.4018063872 3.102688092
100 -0.0847238868 1.1548315362 2.230957046
101 -1.6189831278 0.38758413 2.276164892
102 -1.3109302698 -1.529630028 3.0261821
103 -0.8621444616 2.50007941956 2.548976818
104 -2.5003575921 -2.1906193686 3.043995226
105 1.737794406 2.50023188418 2.306502354
106 1.1607421194 -2.5001894034 2.557490476
107 -0.5515943472 -2.5000711818 3.090821674
108 0.7581635106 0.305805486 2.70258895
109 -0.129270348 -0.0804334734000003 2.953362524
110 1.5702057348 -0.2965035672 2.947395472
111 -1.5907955166 0.297198915 3.271622288
112 -1.6352174376 1.2855549804 2.715570616
113 0.2365862016 -1.5621519012 2.618913636
114 2.5001485044 -1.4752385472 3.632918874
115 -2.50003414566 0.7085497368 3.335106492
116 0.693198909 -0.7706072304 3.02499245
117 -1.977290892 -0.837825789 2.748661152
118 -0.0904186877999997 1.9400047344 2.850126046
119 0.7424979096 1.3708776012 2.869705454
120 2.5001771184 2.49786273384 2.953357364
121 -0.460913031 -1.0102788876 3.1107298
122 -1.5499088826 -2.5003303314 3.035766602
123 1.0563693948 -1.7172623304 3.2938531
124 0.4360463934 -2.5001018958 3.246364772
125 0.0342889535999999 0.8326700802 3.326329174
126 1.8144590976 -2.498344152 3.31403944
127 1.4937454758 0.7565635794 3.208225078
128 1.6727590014 1.420657209 2.482601878
129 0.9063634374 -0.0106950330000002 3.63948294
130 1.6212776142 2.0992148076 3.215117466
131 -0.8136720582 0.7230042144 2.807794018
132 -1.315108014 -0.6402926916 3.483977248
133 -2.50004255652 -0.2892251556 3.401060322
134 0.1195260084 -1.6342581966 3.633549956
135 0.9584037636 1.636359729 3.809100648
136 -1.7019079596 2.2670358852 3.038768934
137 0.4485449298 2.50002773754 3.480648292
138 -0.5629460556 2.50007656902 3.530567852
139 -2.068160793 -2.5000301934 3.890959658
140 1.8860334708 0.0716001041999998 3.821883252
141 -2.50019618556 1.6650778878 3.043689132
142 -2.50008791622 -1.2873252654 3.47288578
143 0.1086245172 -0.5872844136 3.815345888
144 1.6639765482 -0.932813649 3.712928374
145 -0.1833273246 -2.5000925064 4.03160142
146 -0.8962851474 1.5809637768 3.320864614
147 -0.7169574816 0.1400516334 3.731676664
148 2.500011852 2.0721063306 3.85816837
149 2.5001365008 -0.6344300454 4.174079146
150 -1.7707348866 1.2864253152 3.70626387
151 1.2513762864 0.7556992416 4.181294142
152 1.089643938 -2.5001485434 4.002974924
153 2.50008954 -2.499974847 4.041819504
154 -1.0940190246 -2.1313022424 3.845642176
155 2.1776722896 1.0541972718 3.87428099
156 -0.0395331882000001 1.6972500684 3.823106582
157 2.5000338774 0.3867181632 4.54549633
158 2.5001497122 1.3073891742 4.960181558
159 1.3717521018 2.50027781286 4.096333292
160 -1.6955078352 -1.3622797578 4.061873346
161 1.6724483508 1.6405378734 4.508968746
162 -1.5883062366 2.50004191788 4.004525984
163 -2.50011644388 0.2717493792 4.23459531
164 -0.7107997986 -1.1884793388 4.062312162
165 0.8285435406 -1.2029877876 4.191307692
166 -1.55143851 -0.0437593109999996 4.25096113
167 -2.50013461182 2.50003897878 3.594022786
168 0.0734856906000001 2.50008308844 4.408358144
169 -0.914548509 1.0255301358 4.152194222
170 -1.6341264246 -2.500034877 4.79181139
171 1.4748712236 -0.4511699232 4.568599668
172 0.1489712184 0.3411368382 4.189539116
173 1.406735919 0.986367417 5.217013654
174 0.4877848422 -0.430742853 4.727390504
175 -2.5000717353 1.7276144418 4.229072872
176 -1.7937201336 0.8688761202 4.61458745
177 -2.50005687384 -1.8015027882 4.461473774
178 -0.8057804424 2.0077339104 4.385534408
179 -2.5000002933 -0.726109998 4.300541254
180 -2.2475473872 -1.145362248 5.172585892
181 -0.5008551234 -0.354949131 4.573265494
182 0.8966084802 2.50000754118 4.976206068
183 1.7559791976 -1.7879098968 4.223069524
184 -0.0969458190000001 -1.2325570164 4.850439668
185 2.5000228332 -2.5000156716 5.04177638
186 -0.0943493447999999 1.8364560702 5.137311674
187 2.500007484 -0.422753251200001 5.151382112
188 0.4431724908 1.22235765 4.55945736
189 -0.955181808 1.3287034494 5.104253614
190 -0.9722254404 -1.7524120296 4.845562498
191 0.4668761538 -2.0274797958 4.626421886
192 0.5609288028 0.4537067568 5.188170966
193 1.5196347156 0.0203280810000002 5.449296672
194 1.2386247156 -1.5352518792 5.04064475
195 -1.057892532 0.3365646498 5.033092932
196 -1.3577205258 -0.8297695788 4.837965486
197 2.3955945402 0.4951880454 5.534080218
198 2.1694818594 2.50002353358 4.699335376
199 -1.7074444422 1.9173469206 4.808416404
200 2.5000456284 -1.4262992286 4.784752276
201 0.7982982492 1.698849276 5.566507768
202 1.5086419476 -2.500001286 4.91091146
203 -0.5057618832 -2.5000529898 5.318127822
204 -1.6643472924 -1.859715171 5.559303806
205 1.7791669638 -0.9293853702 5.624343356
206 0.4425652998 -1.510152669 5.645313296
207 0.7376718042 -0.5556371952 5.687557738
208 -0.3174564174 0.724506156 5.58195597
209 0.476099514 -2.5000387746 5.50763995
210 1.7492949126 1.983260724 5.445238122
211 -0.2060036316 -0.2676090414 5.524777266
212 2.3083762086 -1.7742526776 5.702449874
213 1.3510895334 -2.1388098024 5.829978542
214 -2.1305990952 -0.1588704822 5.057989534
215 -2.50001512608 1.3339185534 5.148295084
216 -1.0131713934 2.5000168179 5.230870194
