POD_coefficients: 1142
-11.309169386507878841
16.885515632636590055
1.273025685303072807
-1.2027511746847043828
-4.427643360250066884
9.3171774873728008259
-11.391644543409270796
-54.903216638051823395
96.866404582779068733
164.64222973509041026
-4.7391247483813856434
74.487513559263334173
1.1937084940069475625
-16.3657501332552755
-24.463162925332948561
-3.4490481915875883523
-14.728067615820686243
-1.1230425465782090111
0.5357028110571658841
1.0602893568370848065
0.18413442535604218619
0.79060118337618834339
-0.19225485439144193722
-0.155640167330843876
-0.40932867605229328323
-0.042624583788177919375
-0.053478426860402966669
-0.16033421998775529427
-0.38399735061413164949
-0.18319116570703952718
-0.1141070792856069549
-0.047815930732523388713
0.39052183667741952044
0.034864265375349659526
0.60674707758660673118
0.11459924559417611345
0.1347971475498917493
-0.17943573741574389557
0.11871189104360402311
0.085548289949289840761
0.43448205632627845407
0.37972432461737393172
0.17308932779150457137
0.37037116699530026054
0.13443618795162620705
0.28283007145650918002
-0.020569859928347658529
-0.10287135662483364029
-0.13628375285817573292
0.069693518027419354421
-0.013170672037547435235
-0.28442588823422715327
0.022436850053710884201
-0.052220775988667582357
-0.22747903047248665964
-0.15016445975222494913
-0.26391791369037198578
-0.18979252451768616194
0.074038687692249388617
-0.2524202553481728617
-0.25724939287286346934
-0.077890209053462805544
0.61380320460708259755
0.64834607390557796869
0.20977400348686864318
0.22266211382448658496
0.44344034323759834448
-0.66817529373056561148
-32.31592561002867825
-7.3294553545367513436
3.3986341224004772421
-1.6367322887598136916
-1.2000428617074490045
2.2141377974025320263
-2.5209815407631248618
-1.6928090662688910495
1.0229980874664290624
0.44880786178373366369
0.496251505187382147
-0.87482852536926591913
36.333792018013610914
2.3936592076313170097
-4.0933322569081909137
1.2500730283041370239
-0.75410235277396442388
0.24184211386134862876
19.33549643266896112
9.8996713364867776619
-0.87801715303834226845
0.79654683277440430089
-0.58303686043674862738
0.51896788365148416311
-0.055227683552259411448
-0.0021430364347079203409
0.070259447239869030066
0.0019426537496120982202
-0.023116880110628668793
0.018992370915527492098
0.32226965344779201494
0.014078445205124728162
-0.23665043763301538138
0.22796842157543467655
0.11819053212934634012
-0.24011718780706603482
-0.23177707989535792366
0.047944252703485283618
-0.034203519979130445061
0.023990184410648138225
-0.023888984482816268129
0.020470207694592457148
-2.139874294438058655
0.54452178918048299572
0.4555448942408932278
-0.065789257427472921935
0.0060619026982594277977
0.054608024718322545343
-0.29248525879457581977
-0.42177994376797262044
0.096979441484701403575
-0.075919503971630664108
0.067336373735602417234
-0.077967061759151717881
0.02576451564358403501
-0.010011828614028989506
-0.0023506291012444923035
-0.0036908361405761903017
-0.0048954147202142847539
0.011084933232087770816
0.17045790576867317356
-0.015577420920845427496
0.0060986890846843888614
-0.016784681170369908365
-0.0029731292498112113498
0.0028120760307081410501
0.042526217589424021581
-0.002744041327130399173
-0.0043327553874409931167
-0.01030127203861934751
-0.014522797462631390278
0.025875148136734759524
-0.51914146974725861039
-0.22935841214478761008
0.0017999899375195874563
-0.017403091612705017671
0.022801845472484632421
-0.025246143998939950259
-0.2773193599256987274
-0.073588404979097882253
0.028119157204149699408
-0.016222880502750360726
0.0088710926510727292765
-0.0066824078884953645383
-0.0020839497275383293655
0.011025482172594048072
-0.004867193928551531365
-0.00015889054901813170258
0.0023868616237572339023
-0.0031225068948720702613
0.16492461323779578075
0.091133611228356628531
-0.010763679299691955235
0.0036731828418340617577
-0.0083775677090195000557
0.011472180196376873321
-0.047001024126937317182
-0.001343919204152499219
-0.0085205213048888464589
0.0018387915579696969149
0.0044185696944934842179
-0.0059261753269261412125
-0.16363101322204576249
-0.051995370656057901537
-0.02205376336104421589
0.011491610495145415313
-0.0081237244591265463795
0.010721993418134498355
0.17979384479493928928
0.067404075479104361146
0.00033509113553744648102
-0.00080696990680959610007
0.00058495519724152656403
-0.0012015578866889980655
-0.044934723994417363757
-0.018606937369769680629
-0.0026002617067129906239
0.00021029132048415137969
0.00010403542946432213956
-0.00033150840846188101571
-0.14510248156976468525
-0.054811983256972042489
-0.0035197953900395748984
-7.9537677197882305255e-05
0.0027518880367240565986
-0.0035793817180414253323
0.020097250191961516658
0.0072840762876646330051
-0.0042808949955320928921
0.0027067364887809444891
-0.0035366978092099747404
0.0038085547596931335068
-0.061193975233946408532
-0.028661160125796041748
-0.0055029392009908629363
0.0021713799768956804255
-0.00017239624695555201702
-0.00014676427424574286129
-0.047218190830682744974
-0.014569653618297572981
-0.0016740920467165230825
0.00058331145350660345856
0.00035204598174643690709
-0.00049922545509755204222
0.0088649469459309016006
-0.0001077747328955164669
-0.00099097321949245592218
-0.00088759241890991845414
0.00027597698621708471097
-0.00014581347666679992498
-0.26943980703224834627
-0.089795333609251321016
-0.017420800681655326109
0.0094962739718279665785
-0.0064201094278268601087
0.00641969590632784394
0.20902574464091455697
-0.023172474887313648101
-0.08543648359827996086
0.032790646365861861322
-0.016443855977346714253
0.019770304502745736364
-0.00548955309314686727
0.027596128849896348761
0.018012438799625871133
-0.0070182959383953275045
0.0038201688187342853174
-0.0043681507296428265241
0.22724546786399829612
0.089645210176750741993
0.014762156350891115011
-0.018942170187832823441
0.01460060515110117238
-0.015508227113028384692
0.39926753149733101855
0.15530205949483782968
0.0088727901301349290653
0.0020953598048910376979
-0.010144305731428037223
0.011839372522708578594
0.20537607917736230845
0.054489470185689795056
-0.0082226903627104445255
0.003808250598877803688
-0.0086144900639161629818
0.01127565406413470403
-0.0098746371751007571554
0.0060380155744106803542
0.00024050527743893826676
0.0021782830023610215767
0.00042738068567676958543
-0.00083872196826911371396
0.51201818813111643625
0.17527609141851496766
0.013553043099607919864
-0.020192547287068356859
0.010805920598374258237
-0.0097476541904312000164
0.050818149995728867374
0.001570587315891349995
-0.007342794087501680958
0.0040159441840730098969
-0.010152149866712326109
0.011137782387128288344
0.053756234595806577647
-0.0075227728111949901391
-0.014753526774480874711
0.0038722274021067201039
-0.0051874738982211074725
0.0070462118744766509548
-0.083840499077459634814
-0.038828084932206179125
-0.00087044532287443017286
-0.0029237631509407518808
-0.001630563177332521518
0.002425299259232712671
0.0061628493100056285642
-0.0019290548424334523492
-0.0015732637978987924852
0.0011474287582033907296
-0.0045871317114062823417
0.0054721506683758679504
-0.014748029314330718745
0.0037804418964072056784
0.0021707454143619661462
0.00010628940597385621517
-0.0014781183114152582174
0.0014760073632942877653
0.39108826684068326296
0.12672742970209413538
-0.00069677055922241261116
-0.0028830931886524549697
-0.00093921244691901690973
0.0020592927378534839344
-0.088852169886430409917
-0.038659298493243447747
-0.0018636877169686024824
0.0019756120565424641414
-0.0063724809581105013381
0.0067858539448306829864
0.11932797476515394353
0.051556064796893875946
0.011682392533357592243
-0.0088538162855229425585
0.0097499700518827395884
-0.0099819900619713495399
0.012043710552477391099
-0.011791723856727229572
-0.0090996834503175704628
0.0049738633081197235544
-0.0057886220555716481895
0.0067041210375314227998
-0.24163609141495173693
-0.10906075485783220391
-0.021825699149543492661
0.011238071390493443655
-0.0066994450787541143938
0.0080516450171868227809
0.12179737827458360366
0.040728910523651157272
0.0023007018436691554185
-0.0001723514814206539964
0.00038536655147104406519
-0.00056627628556016416234
0.014700116871589842885
0.0056560202542575181359
0.0012650915244560854197
-0.00110475847884729814
7.4870634439025369805e-05
-8.0686963229333608636e-05
0.61958232605085783451
0.19161282504560464557
-0.0082269165258547060499
0.0064914874043637549317
-0.010201435845598676166
0.010846319122742953053
0.068461520290370725395
0.025618866431457602839
0.0037054323580307684839
0.00073974261932196756341
0.00019333173157743975047
-0.00024099483564150449657
0.050644313771244280076
0.014989321824654396748
-0.00098074786631928531806
0.0043386566259173168711
-0.0044647836026204890461
0.0048960605844863506336
-0.19077882305305404742
-0.06261438621051755582
-0.0033677625301646329538
0.0044118913095241678313
0.00071740207369888587489
-0.00046384392379531999562
0.013870948997019951973
-0.0049145516228936148018
-0.0041775475030743098454
0.0016020724441859609741
-0.0013445040203047911066
0.0011038436618431000415
-0.01092101115926299125
-0.0020605066241424479373
0.0017590345647940646302
-0.0017671314316715536642
0.0012100718857479841363
-0.0013596020919327011546
0.040716614515458701695
0.019825639330146322542
0.0069973117834770739987
-0.0031321586694666183302
0.0029430215666887355255
-0.0032474925121443467234
-0.077409869734177669254
-0.039769257788845296941
-0.01132573245529711059
0.0075661796068137244023
-0.0047089112102723720832
0.005664644763574963604
0.016704428903154593111
0.005636866551680434767
0.00049852981173194484132
-0.00050917082779521288891
0.00069775254165349652035
-0.00082044064532365732975
-0.011084395830953330808
0.16913175662509208341
-0.091334701765783316008
-0.025133203019323757665
-0.061008086728169222401
-0.0050954699636110885319
-0.024295343885442455961
0.0038764880861394232676
0.0022018398641377293946
0.008034904341437340905
0.0002247467189918204327
-0.0021122957259653157847
0.00036335121034893660399
-0.0011263419681013296745
-0.00084257433495203010176
0.00015791562619086907697
0.00050946685688839604515
0.00020047594489531960177
0.0003352714894291944879
0.00014148881764127009043
-7.7704280079240412656e-05
-2.016252381384802097e-05
-1.7883954027110506452e-06
-2.5341886734494063245e-05
1.827705574397499926e-05
0.68384360123353715721
0.40879302117180460474
0.43580928805791685487
0.40726554515941743029
0.26818108438573634578
-0.067769900443540725954
-0.033625338080498716475
-0.046810776898233957821
-0.034245516401857224731
-0.027792367096763460205
0.0018816819655530074053
0.00039777752681138545945
-0.00077104021211688315764
0.00060621383526871886003
-2.7070166944637113593e-05
-0.00037501261220300696449
0.00054116310835584859485
-0.00014097052571268277798
5.0202705899016558601e-05
-2.8398005354521938724e-05
0.00042180970105869355956
0.00024723930281490748978
0.00036926982844947111098
0.0002255895790141918965
0.00015611235886943349059
0.084753267508686738751
2.9713531997619062608
2.9116752787741013719
2.1348516610236631941
0.70992501349132763888
-0.051343250918202402999
-0.45496305850157492401
-0.40321256240778236002
-0.27106566503408602298
-0.068584580232150846313
-0.0051391320642511315736
-0.016886385477977425285
-0.0073773340657144722068
-0.010843273020642455254
-0.0071740722078201977704
0.0016408484217723955274
0.0039891530016820482205
0.00093176942335943630999
0.0014737747943151025855
-7.7937096163774435614e-06
-0.00026273951665960518752
0.001522617891712720788
-0.00031697112404654022256
0.00018459120818523837119
0.00031365285290274120189
0.1767775513698902623
0.11238742100560028536
-0.22965315834437788345
0.28033365327290654667
0.30107959699113912011
-0.025018440289420063732
-0.025787551326354799658
0.0047721302916608589542
-0.031623980085462848055
-0.032359771465425853088
-0.00067890404721360046465
0.0001243289086407822644
0.00057566804589531618466
-0.0014900197922675557927
-0.00040473050037738417641
0.00070015948372416760351
0.0018851386741801545895
0.00082470141481947906344
0.00091881066835273149645
0.00041257665322751982048
0.00011835732918064131457
0.00011099625756135430318
0.00023001026650307896553
0.00016086445328302169627
0.00015580773411521731315
0.40942101750637160951
-0.22490399965602930754
1.5589779501847844667
-0.35565339443675847431
0.53119268912906458802
-0.0045345490033445769174
0.042392520381862960899
-0.10640468453964958828
0.046239604514679552572
-0.015452293601014353494
-0.016583881763609781279
-0.026725111459738947611
-0.028202470676878657607
-0.013959370883358640167
-0.012514297111213911959
0.0018434202212247905676
0.0017716792365528163597
0.0021087521029331734654
0.00074760152732819930895
0.00064742917809775207914
-2.9958483557642309254e-05
0.00053613167501575587689
-0.00018856025055860240044
5.687011053730573818e-05
0.0003898042212723973202
0.25729557564254601498
-0.32457076441290788615
0.32822320334517302021
-0.26261213893476753611
0.25545961887429285975
-0.026496074741640847361
0.018346124740431346556
-0.038673488704818230477
0.017177801343617689345
-0.024960458129231359592
-0.00011087922158512975479
0.0032719867790501197188
-0.00049270707752127140908
0.0011596221977445738804
0.00021444287039242527983
-0.00073419859062774043418
-0.0017913400310471544203
-0.0012167218434553928041
-0.0011891561888604969266
-0.00042380701149674301388
3.6953672622517467605e-05
-0.00030229263969114202873
-5.4269546551662965278e-06
-3.7054584089128024245e-05
-4.5496817983452015786e-05
-0.38718418939333670847
-0.18977972287450578515
0.11440587675023838887
-0.075260455602870660052
0.077350289410659966993
0.042048240572442892315
0.01727773290194933517
-0.010098364890632137783
6.3507113239396538419e-05
0.0026735590560722968106
-0.0041209896061452540306
-0.0065677883411026181243
-0.0060046124628158423914
-0.0032162555499611602747
-0.0040149287621429035483
0.00065848736687349927136
0.00097206063439700721683
-0.00018050611430252052887
7.1957219744904892e-05
-0.00017979384006797913308
0.00016539719151856935699
0.00021678616690546452755
0.00012213949781868295463
-7.3885343897876025183e-05
8.4764460589455183363e-05
0.03280782578926080828
0.10528296597511238586
0.032366255530014667596
-0.12570926165210444259
0.27039704261657571127
0.0043267989053791099802
-0.0066779166114825415715
0.0021111198627609584384
0.017132740527511295531
-0.032434358102079827169
-0.00033562311828866852811
-0.00030050845374443975683
-0.00047437424227839445831
3.3696136784821133229e-07
0.0014709912334136478369
-0.00030357276217053995098
0.00022187292531099047396
4.2443793569714681469e-05
7.260190063864382828e-05
-0.00030670319040406520284
0.0001334658025532969416
0.00011196913709471250644
8.2567976018197236318e-05
-1.1125751253633802933e-05
0.00013188203304302889324
-0.95310855671282790347
-1.6763768183418936708
-0.6442251042055907595
-0.60974889110211549781
-0.11386202048081289773
0.07628243176740000242
0.1392812795709924556
0.036663420046739059188
0.04864664083553817131
0.023275413654562284588
0.002244050854581704918
-0.004360704168968074744
0.00059710004199173673332
-0.0016946470568611768717
-0.0046240257824627772204
0.0010612112949677783395
0.0011139089488717904275
0.00029474336453856825671
0.00028662977334579386622
-5.7377447779140260543e-05
-0.00043965076773931226249
-0.00029163890502488618462
-0.00027392817188327909118
-0.00015900971867646392956
0.00016048041002442918566
-0.011869799070485517051
0.087012952436176321802
0.086830596861207892667
-0.089321540054842357703
-0.12787433627331359909
-0.0043292877452688807022
-0.006938011890182890079
-0.017323068297325817239
0.0091944311250255778695
0.024237949093441797654
-0.0011606162440378690708
0.00071033662191487571477
0.00042114959566295288428
-0.00031446557415494092239
-0.0025643500458781497663
0.0021406739637602955825
0.0031342948377433631039
0.0017885459352189839611
0.0013517931227254430943
0.0010141038739769816374
0.00011788519961649958627
0.00021322913562406769572
0.00018655235144010465058
-2.8599567523927946384e-05
-1.3403579515863760365e-05
-0.17398562850451027018
0.75958090133208255867
0.024255780911544594369
-0.010738419739019506097
0.038825242505098188361
-0.012935796930691953466
-0.11889074102226060425
-0.04595008743872207313
-0.021175916461608417646
-0.0054954558639660165686
0.0024785034865797846669
0.0019791881590967303622
0.0024177051926760227338
0.00097806025649755149419
-0.001355057782873459642
-0.00068906256255657635183
-0.00046027701882009536879
-0.0017645622307974114656
-0.00050808929142995198219
-0.0007615057778621736476
0.0001177113108880524419
-2.6286349805942345689e-05
8.1975928245444010917e-05
-0.00026079701559854399874
2.2918615381271215754e-05
-0.0047491184140510166525
0.0046458674209998475357
-0.45763698104256206323
0.15737123401854144489
-0.2455482704245275094
-0.0071765998083346254494
0.014103255173251186272
0.052286588901912345317
-0.0066912579929938077739
0.032479721576058703802
0.0025457009637190456709
-7.7105315122772085556e-06
0.0025534100020874949885
0.00018898092250782153956
-0.0011977706432828132133
0.0010281425130943056597
0.0015660598628759545697
0.0012414201286541535433
0.0010459205253469593903
0.0007966753891487012712
4.7593103670978116431e-05
0.00025481435453382104625
0.0002939530759551604107
0.00018166331880658959249
7.7594260303166543379e-05
-0.039725627766955581843
-0.33786029501553693777
-0.092818710010097615903
-0.078945971340974696595
-0.02977050867097880138
-0.0097869589380062110145
0.016423065184781541342
-0.012308572553806837457
0.00028577910220177710036
0.0037822816278791858945
0.00043825545889551986148
-8.9448537318597115108e-05
0.0017892819166365825975
-0.00055219245288721976583
-0.00090282025195389224454
0.00031339113544879437399
0.00062285150616544007751
-0.00015782629165235091402
0.00023896026772942920505
0.00010226706833510344687
-2.4669296274634068642e-05
-0.0002968705383261925645
1.529175127901252491e-05
-9.219156298648459205e-05
-7.3697278354042827678e-05
-0.015059735449842660826
-0.2931321405041578676
0.031453316477821395558
-0.026410431759935463353
0.19331472857334372484
-0.00099811070665313614964
0.02253108361207998428
-0.016589478712139723443
0.0007934084482610092616
-0.022125225480795422672
-0.00012230932707525221485
0.00080974564353724189439
0.0010501152469226295982
-2.5479254370393463331e-05
0.0003070443975764682986
0.00049641328017982217901
0.0010436753652159108836
0.00041337538980164870118
0.00045708590764619342565
6.8843528725580520659e-05
0.0001356222402547421638
3.7192035890215956348e-06
0.00015066667577219740705
1.8696335000326990241e-05
8.3347494565163006397e-05
-0.019290535557861396981
1.0860120523510627955
0.36848016733488908603
0.58674498021125376379
0.2655199429791211263
-0.0203307861285618105
-0.15566716588141590871
-0.076976031926938262573
-0.081816359582168332598
-0.032944170624420697491
0.0040476625597995075784
0.006166868096743129829
0.0066421470409495069614
0.0029072055357061200344
0.00043655589281744441648
0.0003352935783036583412
0.00047811816838001319849
-0.00081018589357735918376
0.00047679588674613091479
1.6767168466811719209e-05
-5.6224712102772137249e-05
0.00060074140141743999181
0.00037287387438742603625
0.00020483489331673700022
0.00018484673047158909883
0.35416337466935793321
0.10607176371747883969
0.28602703390207789846
0.08113710398618249886
-0.041402995538102081718
-0.027117439910218900379
0.021064044553324667852
-0.0068344384637939225094
0.0030710088931949846257
0.009473744646283095705
-0.0014399514511437558947
-0.00031675948683850988852
-0.0016323550889839829898
-0.00035221564941241475513
-3.1804604608622047608e-05
0.0010369175918893190711
-0.00021288573138126753938
0.0010519312041050224698
0.00034229555225072751719
0.00038758513586756456436
0.00014826433190510062777
0.00058776084799229497829
0.00033897610322659773576
0.0001980161286849669482
7.1002056040303577989e-05
-0.41339588618899930639
-0.27548058029367306077
-0.28541730926156200221
-0.46009084762661778267
0.022482022476880931389
0.051338686579864907522
0.036089400115724534768
0.0415546628953494257
0.051913804325141851836
-0.00063914581056635582333
-0.0012292209648595696803
-0.0036011336878157391116
-0.0025880659383360586634
-0.0013624908045744336081
-0.0003655809327516022539
-0.00046050306943881067758
-0.00042099795962061240537
-0.00052604407006778689318
3.5769871551901825143e-05
-0.00066025710058833836282
-8.2603952866639455315e-05
4.7128775269652423846e-05
-4.0698856558701221569e-05
-0.00022202718524285883347
6.1478527665811920073e-05
-0.022046076304276046587
0.41307027277522256892
-0.36667927574680042602
0.079255669373467993455
-0.35558587495944882217
0.010288739232097509485
-0.0065005558226156464827
0.059900075907383339147
0.0099319177659700410427
0.04385871851874175581
0.00034190514759815937573
-0.0019959099084454145177
0.000264953563508002097
-0.0011807281195077635235
-0.00038083072600865838135
0.00071086342011410349941
0.0013831388688033841722
0.0010478964650834504679
0.0010103693310760750862
0.00048139570321366792786
-4.8259594157189336693e-05
0.0004912275132684123689
0.00029170453366815312334
0.00021101734170050768092
4.1305299256129295092e-05
0.16460506698075064169
0.037962733614940923077
0.20020141110855182998
-0.043283107864311630431
-0.13312228949069229711
-0.0095124660272167659708
0.014796583456694812481
0.0028638500511574691357
0.010406269138662421064
0.016334753889403450661
2.3761878148748269131e-06
-0.00039218010873354246324
-0.0019675753947621670188
0.00079953528215633668744
0.00013600650529435311066
-0.00036598936082169136828
-0.00094455540398337629101
-0.00011503677963093085989
-0.00044620514547711670949
-9.0209675498308645558e-05
-4.1464000139568676266e-05
2.9182314757638775661e-05
4.7015085163282787381e-05
-3.7121346642615315464e-06
-3.4132594726629012264e-05
-0.033052733986584953429
0.36533282533917854629
-0.10541807287757730405
-0.049638804841348901919
0.0062918481364086335794
0.0053596966076582168784
-0.034910304731831272307
0.019860737200954166337
0.006716798686196625949
-0.00018988345348890811213
0.00015636931674742229718
0.00065863091047880595666
-0.00060698036949430041014
5.8876052448763123079e-05
0.00015641300112006397013
-0.00025187785492011393728
-0.00041065491711568324418
0.00013763639874518241606
-0.0002870697997637417084
-3.9862728174640667212e-05
-4.7468635165019206705e-05
2.759109151563647307e-05
-9.7215203258549406202e-05
-2.6509865203600593955e-05
-1.9967357651840222211e-05
-0.02812558331869559336
-0.32540283914203366189
-0.039637427934712428368
-0.091127761033608062347
0.057795563578510338043
0.0025437078416314816073
0.033970954117779138259
0.0042061349791012525925
0.0095293529972452720861
-0.0054248549974718323491
-0.00027554906302512313914
-0.0002625590350119211421
-0.00082311521131919317823
-7.1464476368767314188e-05
-0.00026733826075969285797
2.7012705573966994349e-05
-7.0983623353376520027e-05
4.3408826945248505898e-05
-7.7647722134169231572e-05
4.3427250660815947092e-06
-4.327424496881310873e-06
-0.00011870470163910659071
-4.9332828274684578369e-05
-3.4882214785526613194e-05
7.9311127901076360644e-06
-0.097653434452766751939
1.3406223611538956586
0.43958465650571343364
0.3512091354122369169
0.22737265482874888245
0.005703308788267808481
-0.14229774860688362836
-0.052952133612552652886
-0.040375516242641996956
-0.023181610495527978089
-3.0664933342184395821e-06
0.00071058496427885543909
0.00076355696376506079163
5.7881716911934911096e-05
-0.00013615076868675029522
0.00054942656264909083257
0.0010074865976149483416
0.00028086212400595458871
0.00071112658235959844578
0.00012824288541986669397
0.00010374922388821528486
0.0006040115511976356039
0.00019627666299474984192
8.1823608227459505913e-05
6.372860459589847564e-05
0.06164615364387292934
0.40979693487201240831
0.30016030125291548458
0.1175051735038000339
0.020352706101590508497
0.0090681782141317762019
-0.013666934596507607572
-0.0065855922259105206806
0.00093427997331510385156
0.0004047093020932864796
-0.0013675442992397829605
-0.00039158938131443122351
-0.00130308967171316719
-0.00022806613417690829401
0.00019898570211495593039
0.00030878931410658298903
0.00053519506315026087358
0.00059645028767257163294
0.00036282616829688159711
0.00019028177957158308518
9.453071384475948539e-05
0.00042117138078794335567
0.00024500300869050999379
0.0001184965815601374614
7.6822951284473249426e-05
-0.031728550380304941514
0.39198102891810465698
0.026155111157678843925
0.15116959926142869985
-0.028899549035639880007
0.014444553335186943038
-0.020086068584681544824
0.013636680159441479099
-0.004517501210874745772
0.0060206938207711694841
-0.0018022890457692322588
-0.0012400955072977711512
-0.0012697965679547811978
-0.0011427502465772333435
-2.0656721076045180473e-05
0.00082296847432963263127
0.0018422165871519234712
0.0012054846554618863126
0.00069271254564118301105
0.00036482911994041344926
5.3241259560961456412e-05
0.00031166485859935997476
0.00017476898099576926825
0.00015093938940980970872
3.1301681912662151185e-05
0.058523387434302354126
-0.132229293521170993
-0.045520658908099080608
-0.26456247626080880986
-0.17198793530915759686
0.0058167845958724383876
0.02696384163699703379
0.024581149118755373645
0.034391118234450859803
0.016447323061078149287
-0.00047785668343442485716
-0.00062785534065460735838
-0.0011940854638421893787
-2.7120679112640709959e-05
0.0013204500210119963187
-0.00070385253338663188259
-0.00099309643863359489332
-0.00021912385698023126757
-0.0002854359721340958317
-0.0002723220172542340921
-0.00018013831315065768294
-0.0003108294604403570539
-0.00017346468378082400001
-0.00024487449363479088082
-0.00012314731092948465207
0.083492878996915834144
0.4986508866143753993
0.18884624500236235622
0.078250734311588743264
-0.063860668262185435462
-0.017223981957978293234
-0.060249353329228684528
-0.031058782940906803915
-0.01256081049446686887
0.0036130782232237429116
0.0012085559699756278588
0.0012284722443706150904
0.0022062527034564308193
6.8210902452476394474e-05
0.00064415727544153450913
8.0091663544057376304e-05
6.989169513788154103e-05
1.6298622230691134485e-05
-2.8714542979318028951e-05
0.00012118275566037951829
9.5329114533471148718e-05
-6.5000333415067096683e-06
0.00014700156950075491508
8.2234342976129521247e-06
-3.6462670210513014007e-05
-0.041818754312587178013
-0.13966350260353330159
0.0072148039620324603063
0.031609104086117945087
0.040182355109537111482
0.0023459679651130944944
0.010097921487615204444
-0.0050919407563438864872
-0.0047575216519437843465
-0.0041011537360583980028
0.00027563235468808244561
0.00098519116087968680411
0.00054753278264331917309
0.00051265510085061105541
-7.4921374451175642853e-05
0.00031397577709005726173
0.00042845839050489214518
0.00027976050836379641679
0.00019043809929504204592
0.00013062259420365838819
3.0638555377137610084e-05
3.5406165175787340327e-05
6.746135180234957764e-05
2.2966151424411526292e-05
7.1106906278050145473e-06
-0.093697137920888490248
0.062085362585110118183
-0.064503398958798377483
-0.15171044896852040051
-0.14978726539328740541
0.016222062355373847303
0.0092410832185240224246
0.015350840158690363946
0.023279578344224571146
0.01492061806730785728
-0.00057618386539256682011
-0.00018330807668784834656
-0.00055807108513689085427
-0.00041160328106804548861
0.00051402125581912513734
1.5903253273215591976e-05
-0.00013127987476209713731
7.2527283431414005005e-05
0.00015183923873603809404
4.9094724834932370149e-06
-3.3374301076703867476e-05
1.7460413473938310702e-05
-7.6983504413289841712e-06
-8.3623465909057640376e-05
-3.9540712355003053478e-05
-0.026449753291882975581
-0.040823870886384977519
-0.23336117693152547137
-0.18070822889034535152
-0.22151947944920583056
0.015075849634552822287
0.033167858722722196041
0.049889483201646600552
0.030102256335132086124
0.024193023003512219293
-0.0013632463317318937231
-0.0033617757106535347232
-0.0033633161867083036407
-0.0015063520096390626331
0.00035515377376115511666
-0.00071144989519908604075
-0.0010292871445061638029
-0.0004868639191025261599
-0.00047254300352130202984
-0.00028829937654748530275
-0.00021358675381150484581
-0.00036676899231704825684
-0.00037816901501387054909
-0.00016122312458180618634
-0.00012945550690150528094
0.052455618650772008194
0.064344272502736277186
0.021559959075209220863
-0.059785231164631420786
0.010629991812087215275
-0.0075932613960214079621
-0.0068253776622923013895
-0.003756864628981787177
0.0046238977766893977692
-0.0024281177366811440739
0.00066544450753168958839
3.2458465018330164248e-05
0.00044980336712586890639
0.00044602532869560405958
0.00031626039871347365242
-0.00045136064156135730476
-0.00061556128770393677557
-0.00047442136024168640599
-0.00028910676178552161941
-0.00024420525645520250319
1.0133162646882986157e-05
-2.4003498080329588614e-05
-8.6793798038472887195e-06
-1.049206573481248956e-05
3.5190215562833215422e-05
