1 1 1 2
2 1 1 3
3 1 4 5
4 1 4 6
5 1 7 8
6 1 7 9
7 1 10 11
8 1 10 12
9 1 13 14
10 1 13 15
11 1 16 17
12 1 16 18
13 1 19 20
14 1 19 21
15 1 22 23
16 1 22 24
17 1 25 26
18 1 25 27
19 1 28 29
20 1 28 30
21 1 31 32
22 1 31 33
23 1 34 35
24 1 34 36
25 1 37 38
26 1 37 39
27 1 40 41
28 1 40 42
29 1 43 44
30 1 43 45
31 1 46 47
32 1 46 48
33 1 49 50
34 1 49 51
35 1 52 53
36 1 52 54
37 1 55 56
38 1 55 57
39 1 58 59
40 1 58 60
41 1 61 62
42 1 61 63
43 1 64 65
44 1 64 66
45 1 67 68
46 1 67 69
47 1 70 71
48 1 70 72
49 1 73 74
50 1 73 75
51 1 76 77
52 1 76 78
53 1 79 80
54 1 79 81
55 1 82 83
56 1 82 84
57 1 85 86
58 1 85 87
59 1 88 89
60 1 88 90
61 1 91 92
62 1 91 93
63 1 94 95
64 1 94 96
65 1 97 98
66 1 97 99
67 1 100 101
68 1 100 102
69 1 103 104
70 1 103 105
71 1 106 107
72 1 106 108
73 1 109 110
74 1 109 111
75 1 112 113
76 1 112 114
77 1 115 116
78 1 115 117
79 1 118 119
80 1 118 120
81 1 121 122
82 1 121 123
83 1 124 125
84 1 124 126
85 1 127 128
86 1 127 129
87 1 130 131
88 1 130 132
89 1 133 134
90 1 133 135
91 1 136 137
92 1 136 138
93 1 139 140
94 1 139 141
95 1 142 143
96 1 142 144
97 1 145 146
98 1 145 147
99 1 148 149
100 1 148 150
101 1 151 152
102 1 151 153
103 1 154 155
104 1 154 156
105 1 157 158
106 1 157 159
107 1 160 161
108 1 160 162
109 1 163 164
110 1 163 165
111 1 166 167
112 1 166 168
113 1 169 170
114 1 169 171
115 1 172 173
116 1 172 174
117 1 175 176
118 1 175 177
119 1 178 179
120 1 178 180
121 1 181 182
122 1 181 183
123 1 184 185
124 1 184 186
125 1 187 188
126 1 187 189
127 1 190 191
128 1 190 192
129 1 193 194
130 1 193 195
131 1 196 197
132 1 196 198
133 1 199 200
134 1 199 201
135 1 202 203
136 1 202 204
137 1 205 206
138 1 205 207
139 1 208 209
140 1 208 210
141 1 211 212
142 1 211 213
143 1 214 215
144 1 214 216
145 1 217 218
146 1 217 219
147 1 220 221
148 1 220 222
149 1 223 224
150 1 223 225
151 1 226 227
152 1 226 228
153 1 229 230
154 1 229 231
155 1 232 233
156 1 232 234
157 1 235 236
158 1 235 237
159 1 238 239
160 1 238 240
161 1 241 242
162 1 241 243
163 1 244 245
164 1 244 246
165 1 247 248
166 1 247 249
167 1 250 251
168 1 250 252
169 1 253 254
170 1 253 255
171 1 256 257
172 1 256 258
173 1 259 260
174 1 259 261
175 1 262 263
176 1 262 264
177 1 265 266
178 1 265 267
179 1 268 269
180 1 268 270
181 1 271 272
182 1 271 273
183 1 274 275
184 1 274 276
185 1 277 278
186 1 277 279
187 1 280 281
188 1 280 282
189 1 283 284
190 1 283 285
191 1 286 287
192 1 286 288
193 1 289 290
194 1 289 291
195 1 292 293
196 1 292 294
197 1 295 296
198 1 295 297
199 1 298 299
200 1 298 300
201 1 301 302
202 1 301 303
203 1 304 305
204 1 304 306
205 1 307 308
206 1 307 309
207 1 310 311
208 1 310 312
209 1 313 314
210 1 313 315
211 1 316 317
212 1 316 318
213 1 319 320
214 1 319 321
215 1 322 323
216 1 322 324
217 1 325 326
218 1 325 327
219 1 328 329
220 1 328 330
221 1 331 332
222 1 331 333
223 1 334 335
224 1 334 336
225 1 337 338
226 1 337 339
227 1 340 341
228 1 340 342
229 1 343 344
230 1 343 345
231 1 346 347
232 1 346 348
233 1 349 350
234 1 349 351
235 1 352 353
236 1 352 354
237 1 355 356
238 1 355 357
239 1 358 359
240 1 358 360
241 1 361 362
242 1 361 363
243 1 364 365
244 1 364 366
245 1 367 368
246 1 367 369
247 1 370 371
248 1 370 372
249 1 373 374
250 1 373 375
251 1 376 377
252 1 376 378
253 1 379 380
254 1 379 381
255 1 382 383
256 1 382 384
257 1 385 386
258 1 385 387
259 1 388 389
260 1 388 390
261 1 391 392
262 1 391 393
263 1 394 395
264 1 394 396
265 1 397 398
266 1 397 399
267 1 400 401
268 1 400 402
269 1 403 404
270 1 403 405
271 1 406 407
272 1 406 408
273 1 409 410
274 1 409 411
275 1 412 413
276 1 412 414
277 1 415 416
278 1 415 417
279 1 418 419
280 1 418 420
281 1 421 422
282 1 421 423
283 1 424 425
284 1 424 426
285 1 427 428
286 1 427 429
287 1 430 431
288 1 430 432
289 1 433 434
290 1 433 435
291 1 436 437
292 1 436 438
293 1 439 440
294 1 439 441
295 1 442 443
296 1 442 444
297 1 445 446
298 1 445 447
299 1 448 449
300 1 448 450
301 1 451 452
302 1 451 453
303 1 454 455
304 1 454 456
305 1 457 458
306 1 457 459
307 1 460 461
308 1 460 462
309 1 463 464
310 1 463 465
311 1 466 467
312 1 466 468
313 1 469 470
314 1 469 471
315 1 472 473
316 1 472 474
317 1 475 476
318 1 475 477
319 1 478 479
320 1 478 480
321 1 481 482
322 1 481 483
323 1 484 485
324 1 484 486
325 1 487 488
326 1 487 489
327 1 490 491
328 1 490 492
329 1 493 494
330 1 493 495
331 1 496 497
332 1 496 498
333 1 499 500
334 1 499 501
335 1 502 503
336 1 502 504
337 1 505 506
338 1 505 507
339 1 508 509
340 1 508 510
341 1 511 512
342 1 511 513
343 1 514 515
344 1 514 516
345 1 517 518
346 1 517 519
347 1 520 521
348 1 520 522
349 1 523 524
350 1 523 525
351 1 526 527
352 1 526 528
353 1 529 530
354 1 529 531
355 1 532 533
356 1 532 534
357 1 535 536
358 1 535 537
359 1 538 539
360 1 538 540
361 1 541 542
362 1 541 543
363 1 544 545
364 1 544 546
365 1 547 548
366 1 547 549
367 1 550 551
368 1 550 552
369 1 553 554
370 1 553 555
371 1 556 557
372 1 556 558
373 1 559 560
374 1 559 561
375 1 562 563
376 1 562 564
377 1 565 566
378 1 565 567
379 1 568 569
380 1 568 570
381 1 571 572
382 1 571 573
383 1 574 575
384 1 574 576
385 1 577 578
386 1 577 579
387 1 580 581
388 1 580 582
389 1 583 584
390 1 583 585
391 1 586 587
392 1 586 588
393 1 589 590
394 1 589 591
395 1 592 593
396 1 592 594
397 1 595 596
398 1 595 597
399 1 598 599
400 1 598 600
401 1 601 602
402 1 601 603
403 1 604 605
404 1 604 606
405 1 607 608
406 1 607 609
407 1 610 611
408 1 610 612
409 1 613 614
410 1 613 615
411 1 616 617
412 1 616 618
413 1 619 620
414 1 619 621
415 1 622 623
416 1 622 624
417 1 625 626
418 1 625 627
419 1 628 629
420 1 628 630
421 1 631 632
422 1 631 633
423 1 634 635
424 1 634 636
425 1 637 638
426 1 637 639
427 1 640 641
428 1 640 642
429 1 643 644
430 1 643 645
431 1 646 647
432 1 646 648
433 1 649 650
434 1 649 651
435 1 652 653
436 1 652 654
437 1 655 656
438 1 655 657
439 1 658 659
440 1 658 660
441 1 661 662
442 1 661 663
443 1 664 665
444 1 664 666
445 1 667 668
446 1 667 669
447 1 670 671
448 1 670 672
449 1 673 674
450 1 673 675
451 1 676 677
452 1 676 678
453 1 679 680
454 1 679 681
455 1 682 683
456 1 682 684
457 1 685 686
458 1 685 687
459 1 688 689
460 1 688 690
461 1 691 692
462 1 691 693
463 1 694 695
464 1 694 696
465 1 697 698
466 1 697 699
467 1 700 701
468 1 700 702
469 1 703 704
470 1 703 705
471 1 706 707
472 1 706 708
473 1 709 710
474 1 709 711
475 1 712 713
476 1 712 714
477 1 715 716
478 1 715 717
479 1 718 719
480 1 718 720
481 1 721 722
482 1 721 723
483 1 724 725
484 1 724 726
485 1 727 728
486 1 727 729
487 1 730 731
488 1 730 732
489 1 733 734
490 1 733 735
491 1 736 737
492 1 736 738
493 1 739 740
494 1 739 741
495 1 742 743
496 1 742 744
497 1 745 746
498 1 745 747
499 1 748 749
500 1 748 750
501 1 751 752
502 1 751 753
503 1 754 755
504 1 754 756
505 1 757 758
506 1 757 759
507 1 760 761
508 1 760 762
509 1 763 764
510 1 763 765
511 1 766 767
512 1 766 768
513 1 769 770
514 1 769 771
515 1 772 773
516 1 772 774
517 1 775 776
518 1 775 777
519 1 778 779
520 1 778 780
