1 1 2 1 3
2 1 5 4 6
3 1 8 7 9
4 1 11 10 12
5 1 14 13 15
6 1 17 16 18
7 1 20 19 21
8 1 23 22 24
9 1 26 25 27
10 1 29 28 30
11 1 32 31 33
12 1 35 34 36
13 1 38 37 39
14 1 41 40 42
15 1 44 43 45
16 1 47 46 48
17 1 50 49 51
18 1 53 52 54
19 1 56 55 57
20 1 59 58 60
21 1 62 61 63
22 1 65 64 66
23 1 68 67 69
24 1 71 70 72
25 1 74 73 75
26 1 77 76 78
27 1 80 79 81
28 1 83 82 84
29 1 86 85 87
30 1 89 88 90
31 1 92 91 93
32 1 95 94 96
33 1 98 97 99
34 1 101 100 102
35 1 104 103 105
36 1 107 106 108
37 1 110 109 111
38 1 113 112 114
39 1 116 115 117
40 1 119 118 120
41 1 122 121 123
42 1 125 124 126
43 1 128 127 129
44 1 131 130 132
45 1 134 133 135
46 1 137 136 138
47 1 140 139 141
48 1 143 142 144
49 1 146 145 147
50 1 149 148 150
51 1 152 151 153
52 1 155 154 156
53 1 158 157 159
54 1 161 160 162
55 1 164 163 165
56 1 167 166 168
57 1 170 169 171
58 1 173 172 174
59 1 176 175 177
60 1 179 178 180
61 1 182 181 183
62 1 185 184 186
63 1 188 187 189
64 1 191 190 192
65 1 194 193 195
66 1 197 196 198
67 1 200 199 201
68 1 203 202 204
69 1 206 205 207
70 1 209 208 210
71 1 212 211 213
72 1 215 214 216
73 1 218 217 219
74 1 221 220 222
75 1 224 223 225
76 1 227 226 228
77 1 230 229 231
78 1 233 232 234
79 1 236 235 237
80 1 239 238 240
81 1 242 241 243
82 1 245 244 246
83 1 248 247 249
84 1 251 250 252
85 1 254 253 255
86 1 257 256 258
87 1 260 259 261
88 1 263 262 264
89 1 266 265 267
90 1 269 268 270
91 1 272 271 273
92 1 275 274 276
93 1 278 277 279
94 1 281 280 282
95 1 284 283 285
96 1 287 286 288
97 1 290 289 291
98 1 293 292 294
99 1 296 295 297
100 1 299 298 300
101 1 302 301 303
102 1 305 304 306
103 1 308 307 309
104 1 311 310 312
105 1 314 313 315
106 1 317 316 318
107 1 320 319 321
108 1 323 322 324
109 1 326 325 327
110 1 329 328 330
111 1 332 331 333
112 1 335 334 336
113 1 338 337 339
114 1 341 340 342
115 1 344 343 345
116 1 347 346 348
117 1 350 349 351
118 1 353 352 354
119 1 356 355 357
120 1 359 358 360
121 1 362 361 363
122 1 365 364 366
123 1 368 367 369
124 1 371 370 372
125 1 374 373 375
126 1 377 376 378
127 1 380 379 381
128 1 383 382 384
129 1 386 385 387
130 1 389 388 390
131 1 392 391 393
132 1 395 394 396
133 1 398 397 399
134 1 401 400 402
135 1 404 403 405
136 1 407 406 408
137 1 410 409 411
138 1 413 412 414
139 1 416 415 417
140 1 419 418 420
141 1 422 421 423
142 1 425 424 426
143 1 428 427 429
144 1 431 430 432
145 1 434 433 435
146 1 437 436 438
147 1 440 439 441
148 1 443 442 444
149 1 446 445 447
150 1 449 448 450
151 1 452 451 453
152 1 455 454 456
153 1 458 457 459
154 1 461 460 462
155 1 464 463 465
156 1 467 466 468
157 1 470 469 471
158 1 473 472 474
159 1 476 475 477
160 1 479 478 480
161 1 482 481 483
162 1 485 484 486
163 1 488 487 489
164 1 491 490 492
165 1 494 493 495
166 1 497 496 498
167 1 500 499 501
168 1 503 502 504
169 1 506 505 507
170 1 509 508 510
171 1 512 511 513
172 1 515 514 516
173 1 518 517 519
174 1 521 520 522
175 1 524 523 525
176 1 527 526 528
177 1 530 529 531
178 1 533 532 534
179 1 536 535 537
180 1 539 538 540
181 1 542 541 543
182 1 545 544 546
183 1 548 547 549
184 1 551 550 552
185 1 554 553 555
186 1 557 556 558
187 1 560 559 561
188 1 563 562 564
189 1 566 565 567
190 1 569 568 570
191 1 572 571 573
192 1 575 574 576
193 1 578 577 579
194 1 581 580 582
195 1 584 583 585
196 1 587 586 588
197 1 590 589 591
198 1 593 592 594
199 1 596 595 597
200 1 599 598 600
201 1 602 601 603
202 1 605 604 606
203 1 608 607 609
204 1 611 610 612
205 1 614 613 615
206 1 617 616 618
207 1 620 619 621
208 1 623 622 624
209 1 626 625 627
210 1 629 628 630
211 1 632 631 633
212 1 635 634 636
213 1 638 637 639
214 1 641 640 642
215 1 644 643 645
216 1 647 646 648
217 1 650 649 651
218 1 653 652 654
219 1 656 655 657
220 1 659 658 660
221 1 662 661 663
222 1 665 664 666
223 1 668 667 669
224 1 671 670 672
225 1 674 673 675
226 1 677 676 678
227 1 680 679 681
228 1 683 682 684
229 1 686 685 687
230 1 689 688 690
231 1 692 691 693
232 1 695 694 696
233 1 698 697 699
234 1 701 700 702
235 1 704 703 705
236 1 707 706 708
237 1 710 709 711
238 1 713 712 714
239 1 716 715 717
240 1 719 718 720
241 1 722 721 723
242 1 725 724 726
243 1 728 727 729
244 1 731 730 732
245 1 734 733 735
246 1 737 736 738
247 1 740 739 741
248 1 743 742 744
249 1 746 745 747
250 1 749 748 750
251 1 752 751 753
252 1 755 754 756
253 1 758 757 759
254 1 761 760 762
255 1 764 763 765
256 1 767 766 768
257 1 770 769 771
258 1 773 772 774
259 1 776 775 777
260 1 779 778 780
