    After analysis of      3 configurations: 
 Bulk (1) O-water                        :   at.type -     1;   col.title - o*      
 Bulk (1) H-water                        :   at.type -     2;   col.title - h*      


   ra      rb      o*      h*      
   0.290   0.383   0.000   0.000
   0.290   1.148   0.000   0.000
   0.290   1.913   0.000   0.333
   0.290   2.678   0.000   0.000
   0.290   3.444   0.000   0.000
   0.290   4.209   0.000   0.000
   0.290   4.974   0.000   0.000
   0.290   5.739   0.000   0.000
   0.290   6.504   0.000   0.000
   0.290   7.270   0.000   0.000
   0.290   8.035   0.000   0.000
   0.290   8.800   0.000   0.167
   0.290   9.565   0.000   0.333
   0.290  10.331   0.000   0.000
   0.290  11.096   0.000   0.000
   0.290  11.861   0.000   0.000
   0.290  12.626   0.000   0.000
   0.290  13.391   0.000   0.000
   0.290  14.157   0.000   0.000
   0.290  14.922   0.000   0.000
   0.290  15.687   0.000   0.000
   0.290  16.452   0.000   0.333
   0.290  17.218   0.000   0.000
   0.290  17.983   0.000   0.000
   0.290  18.748   0.000   0.000
   0.290  19.513   0.000   0.000
   0.290  20.278   0.000   0.000
   0.290  21.044   0.000   0.000
   0.290  21.809   0.000   0.000
   0.290  22.574   0.000   0.000
   0.290  23.339   0.000   0.000
   0.290  24.105   0.000   0.000
   0.290  24.870   0.000   0.000
   0.290  25.635   0.000   0.000
   0.290  26.400   0.000   0.000
   0.290  27.165   0.000   0.000
   0.290  27.931   0.667   0.000
   0.290  28.696   0.000   0.500
   0.290  29.461   0.000   0.000
   0.290  30.226   0.000   0.000
   0.290  30.992   0.000   0.000
   0.290  31.757   0.000   0.000
   0.290  32.522   0.000   0.000
   0.290  33.287   0.000   0.167
   0.290  34.052   0.000   0.000
   0.290  34.818   0.000   0.000
   0.290  35.583   0.000   0.000
   0.290  36.348   0.000   0.500
   0.290  37.113   0.000   0.000
   0.290  37.879   0.000   0.000
   0.870   0.383   0.000   0.000
   0.870   1.148   0.000   0.000
   0.870   1.913   0.000   0.167
   0.870   2.678   0.000   0.000
   0.870   3.444   0.000   0.000
   0.870   4.209   0.000   0.000
   0.870   4.974   0.000   0.000
   0.870   5.739   0.000   0.000
   0.870   6.504   0.000   0.000
   0.870   7.270   1.000   0.167
   0.870   8.035   0.000   0.000
   0.870   8.800   0.000   0.000
   0.870   9.565   0.000   0.000
   0.870  10.331   0.000   0.000
   0.870  11.096   0.000   0.000
   0.870  11.861   0.000   0.500
   0.870  12.626   0.000   0.000
   0.870  13.391   0.000   0.000
   0.870  14.157   0.000   0.000
   0.870  14.922   0.000   0.167
   0.870  15.687   0.000   0.000
   0.870  16.452   0.000   0.167
   0.870  17.218   0.000   0.000
   0.870  17.983   0.000   0.000
   0.870  18.748   0.000   0.000
   0.870  19.513   1.000   0.000
   0.870  20.278   0.000   0.000
   0.870  21.044   0.000   0.000
   0.870  21.809   0.000   0.000
   0.870  22.574   0.000   0.000
   0.870  23.339   0.000   0.000
   0.870  24.105   0.000   0.000
   0.870  24.870   0.000   0.000
   0.870  25.635   0.000   0.000
   0.870  26.400   0.000   0.167
   0.870  27.165   0.000   0.333
   0.870  27.931   0.000   0.000
   0.870  28.696   0.000   0.000
   0.870  29.461   0.000   0.000
   0.870  30.226   0.000   0.000
   0.870  30.992   0.000   0.000
   0.870  31.757   0.000   0.000
   0.870  32.522   0.000   0.000
   0.870  33.287   0.000   0.000
   0.870  34.052   0.000   0.000
   0.870  34.818   0.000   0.000
   0.870  35.583   0.000   0.167
   0.870  36.348   0.000   0.167
   0.870  37.113   0.000   0.000
   0.870  37.879   0.000   0.000
   1.450   0.383   0.000   0.000
   1.450   1.148   0.000   0.000
   1.450   1.913   0.000   0.000
   1.450   2.678   0.000   0.000
   1.450   3.444   0.000   0.000
   1.450   4.209   0.000   0.000
   1.450   4.974   0.000   0.000
   1.450   5.739   0.000   0.333
   1.450   6.504   0.000   0.000
   1.450   7.270   0.000   0.333
   1.450   8.035   0.000   0.500
   1.450   8.800   0.000   0.000
   1.450   9.565   0.000   0.000
   1.450  10.331   0.000   0.167
   1.450  11.096   0.333   0.000
   1.450  11.861   0.333   0.000
   1.450  12.626   0.000   0.000
   1.450  13.391   0.000   0.000
   1.450  14.157   0.000   0.000
   1.450  14.922   0.000   0.000
   1.450  15.687   0.333   0.167
   1.450  16.452   0.000   0.167
   1.450  17.218   0.000   0.000
   1.450  17.983   0.000   0.000
   1.450  18.748   0.000   0.500
   1.450  19.513   0.000   0.333
   1.450  20.278   0.000   0.167
   1.450  21.044   0.000   0.000
   1.450  21.809   0.000   0.000
   1.450  22.574   0.000   0.000
   1.450  23.339   0.000   0.500
   1.450  24.105   0.000   0.000
   1.450  24.870   0.000   0.000
   1.450  25.635   0.000   0.000
   1.450  26.400   0.000   0.000
   1.450  27.165   0.000   0.000
   1.450  27.931   0.000   0.000
   1.450  28.696   0.000   0.000
   1.450  29.461   0.000   0.000
   1.450  30.226   0.000   0.000
   1.450  30.992   0.000   0.000
   1.450  31.757   0.000   0.000
   1.450  32.522   0.000   0.000
   1.450  33.287   0.000   0.333
   1.450  34.052   0.000   0.000
   1.450  34.818   0.000   0.000
   1.450  35.583   0.000   0.000
   1.450  36.348   0.000   0.000
   1.450  37.113   0.000   0.000
   1.450  37.879   0.000   0.000
   2.030   0.383   0.000   0.167
   2.030   1.148   0.000   0.000
   2.030   1.913   0.333   0.167
   2.030   2.678   0.000   0.000
   2.030   3.444   0.000   0.167
   2.030   4.209   0.000   0.000
   2.030   4.974   1.000   0.000
   2.030   5.739   0.000   0.167
   2.030   6.504   0.000   0.000
   2.030   7.270   0.000   0.000
   2.030   8.035   0.000   0.000
   2.030   8.800   0.000   0.000
   2.030   9.565   1.000   0.000
   2.030  10.331   0.000   0.667
   2.030  11.096   0.000   0.000
   2.030  11.861   0.000   0.000
   2.030  12.626   0.000   0.000
   2.030  13.391   0.000   0.000
   2.030  14.157   0.000   0.000
   2.030  14.922   0.000   0.000
   2.030  15.687   0.000   0.000
   2.030  16.452   0.000   0.000
   2.030  17.218   0.000   0.000
   2.030  17.983   0.000   0.000
   2.030  18.748   0.000   0.000
   2.030  19.513   0.000   0.000
   2.030  20.278   0.000   0.000
   2.030  21.044   0.000   0.000
   2.030  21.809   0.000   0.000
   2.030  22.574   0.000   0.000
   2.030  23.339   0.000   0.000
   2.030  24.105   0.000   0.000
   2.030  24.870   0.000   0.333
   2.030  25.635   0.000   0.000
   2.030  26.400   0.000   0.000
   2.030  27.165   0.000   0.000
   2.030  27.931   0.000   0.000
   2.030  28.696   0.000   0.000
   2.030  29.461   0.000   0.000
   2.030  30.226   0.000   0.000
   2.030  30.992   0.000   0.167
   2.030  31.757   0.000   0.000
   2.030  32.522   0.000   0.000
   2.030  33.287   0.000   0.167
   2.030  34.052   0.000   0.000
   2.030  34.818   0.000   0.000
   2.030  35.583   0.000   0.000
   2.030  36.348   0.000   0.000
   2.030  37.113   0.000   0.000
   2.030  37.879   0.000   0.000
   2.610   0.383   0.000   0.333
   2.610   1.148   0.000   0.000
   2.610   1.913   0.667   0.333
   2.610   2.678   0.000   0.000
   2.610   3.444   0.000   0.333
   2.610   4.209   0.000   0.000
   2.610   4.974   0.000   0.500
   2.610   5.739   0.000   0.000
   2.610   6.504   0.000   0.000
   2.610   7.270   0.000   0.000
   2.610   8.035   0.000   0.000
   2.610   8.800   0.000   0.000
   2.610   9.565   0.000   0.000
   2.610  10.331   0.000   0.000
   2.610  11.096   0.000   0.000
   2.610  11.861   0.000   0.000
   2.610  12.626   0.000   0.000
   2.610  13.391   0.000   0.000
   2.610  14.157   0.000   0.000
   2.610  14.922   0.000   0.000
   2.610  15.687   0.000   0.000
   2.610  16.452   0.000   0.000
   2.610  17.218   0.000   0.167
   2.610  17.983   0.000   0.000
   2.610  18.748   0.000   0.000
   2.610  19.513   0.000   0.000
   2.610  20.278   0.000   0.000
   2.610  21.044   0.000   0.000
   2.610  21.809   0.000   0.000
   2.610  22.574   0.000   0.000
   2.610  23.339   0.000   0.000
   2.610  24.105   0.667   0.000
   2.610  24.870   0.333   0.167
   2.610  25.635   0.000   0.000
   2.610  26.400   0.000   0.000
   2.610  27.165   0.000   0.000
   2.610  27.931   0.000   0.000
   2.610  28.696   0.000   0.000
   2.610  29.461   0.000   0.333
   2.610  30.226   0.000   0.000
   2.610  30.992   0.000   0.333
   2.610  31.757   0.000   0.000
   2.610  32.522   0.000   0.167
   2.610  33.287   1.000   0.000
   2.610  34.052   0.000   0.000
   2.610  34.818   0.000   0.500
   2.610  35.583   0.667   0.000
   2.610  36.348   0.000   0.500
   2.610  37.113   0.000   0.000
   2.610  37.879   1.000   0.000
   3.190   0.383   0.000   0.000
   3.190   1.148   0.000   0.000
   3.190   1.913   0.000   0.167
   3.190   2.678   0.000   0.333
   3.190   3.444   0.000   0.000
   3.190   4.209   0.000   0.000
   3.190   4.974   0.000   0.000
   3.190   5.739   0.000   0.000
   3.190   6.504   0.000   0.000
   3.190   7.270   0.000   0.000
   3.190   8.035   0.000   0.000
   3.190   8.800   0.000   0.333
   3.190   9.565   0.000   0.000
   3.190  10.331   0.000   0.000
   3.190  11.096   0.000   0.000
   3.190  11.861   0.000   0.000
   3.190  12.626   0.000   0.333
   3.190  13.391   0.000   0.000
   3.190  14.157   0.000   0.000
   3.190  14.922   0.000   0.333
   3.190  15.687   0.000   0.333
   3.190  16.452   0.000   0.000
   3.190  17.218   0.000   0.000
   3.190  17.983   0.000   0.000
   3.190  18.748   0.000   0.000
   3.190  19.513   0.000   0.000
   3.190  20.278   0.000   0.000
   3.190  21.044   0.000   0.500
   3.190  21.809   0.000   0.000
   3.190  22.574   0.000   0.000
   3.190  23.339   0.000   0.500
   3.190  24.105   0.000   0.000
   3.190  24.870   0.000   0.500
   3.190  25.635   0.000   0.000
   3.190  26.400   0.000   0.000
   3.190  27.165   0.000   0.000
   3.190  27.931   0.000   0.000
   3.190  28.696   0.000   0.000
   3.190  29.461   0.000   0.167
   3.190  30.226   1.000   0.000
   3.190  30.992   0.000   0.000
   3.190  31.757   0.000   0.000
   3.190  32.522   0.000   0.333
   3.190  33.287   0.000   0.000
   3.190  34.052   0.000   0.000
   3.190  34.818   0.000   0.000
   3.190  35.583   0.000   0.000
   3.190  36.348   0.000   0.000
   3.190  37.113   0.000   0.000
   3.190  37.879   0.000   0.500
   3.770   0.383   0.000   0.000
   3.770   1.148   0.000   0.000
   3.770   1.913   0.000   0.000
   3.770   2.678   0.000   0.000
   3.770   3.444   0.000   0.000
   3.770   4.209   0.000   0.000
   3.770   4.974   0.000   0.000
   3.770   5.739   0.000   0.000
   3.770   6.504   0.000   0.000
   3.770   7.270   0.000   0.500
   3.770   8.035   0.667   0.000
   3.770   8.800   0.000   0.167
   3.770   9.565   0.000   0.000
   3.770  10.331   0.000   0.000
   3.770  11.096   0.000   0.000
   3.770  11.861   0.000   0.000
   3.770  12.626   0.000   0.167
   3.770  13.391   0.000   0.000
   3.770  14.157   0.000   0.000
   3.770  14.922   0.000   0.000
   3.770  15.687   0.000   0.167
   3.770  16.452   0.333   0.167
   3.770  17.218   0.000   0.333
   3.770  17.983   0.000   0.000
   3.770  18.748   0.000   0.000
   3.770  19.513   0.000   0.000
   3.770  20.278   0.000   0.000
   3.770  21.044   0.000   0.000
   3.770  21.809   1.000   0.000
   3.770  22.574   0.000   0.000
   3.770  23.339   0.000   0.000
   3.770  24.105   0.000   0.000
   3.770  24.870   0.000   0.000
   3.770  25.635   0.000   0.000
   3.770  26.400   0.000   0.000
   3.770  27.165   0.000   0.000
   3.770  27.931   0.000   0.000
   3.770  28.696   0.000   0.000
   3.770  29.461   0.000   0.167
   3.770  30.226   0.000   0.167
   3.770  30.992   0.000   0.000
   3.770  31.757   0.000   0.167
   3.770  32.522   0.000   0.167
   3.770  33.287   0.000   0.000
   3.770  34.052   0.000   0.000
   3.770  34.818   0.000   0.000
   3.770  35.583   0.000   0.000
   3.770  36.348   0.000   0.000
   3.770  37.113   0.000   0.000
   3.770  37.879   0.000   0.000
   4.350   0.383   0.000   0.000
   4.350   1.148   0.000   0.000
   4.350   1.913   0.000   0.000
   4.350   2.678   0.000   0.000
   4.350   3.444   0.000   0.000
   4.350   4.209   0.000   0.000
   4.350   4.974   0.000   0.000
   4.350   5.739   0.000   0.000
   4.350   6.504   0.000   0.000
   4.350   7.270   0.000   0.000
   4.350   8.035   0.333   0.000
   4.350   8.800   0.000   0.500
   4.350   9.565   0.000   0.000
   4.350  10.331   0.000   0.000
   4.350  11.096   0.000   0.000
   4.350  11.861   0.000   0.000
   4.350  12.626   0.000   0.167
   4.350  13.391   0.000   0.167
   4.350  14.157   0.000   0.000
   4.350  14.922   0.000   0.000
   4.350  15.687   0.000   0.000
   4.350  16.452   0.667   0.000
   4.350  17.218   0.000   0.000
   4.350  17.983   0.000   0.000
   4.350  18.748   0.000   0.000
   4.350  19.513   0.000   0.000
   4.350  20.278   0.000   0.000
   4.350  21.044   0.000   0.000
   4.350  21.809   0.000   0.000
   4.350  22.574   0.000   0.000
   4.350  23.339   0.000   0.000
   4.350  24.105   0.000   0.000
   4.350  24.870   0.000   0.000
   4.350  25.635   0.000   0.000
   4.350  26.400   0.000   0.000
   4.350  27.165   0.000   0.000
   4.350  27.931   0.000   0.000
   4.350  28.696   0.000   0.000
   4.350  29.461   0.000   0.167
   4.350  30.226   0.000   0.000
   4.350  30.992   0.000   0.000
   4.350  31.757   0.000   0.000
   4.350  32.522   0.000   0.000
   4.350  33.287   0.000   0.000
   4.350  34.052   0.000   0.000
   4.350  34.818   0.000   0.000
   4.350  35.583   0.000   0.000
   4.350  36.348   0.000   0.000
   4.350  37.113   0.000   0.000
   4.350  37.879   0.000   0.000
   4.930   0.383   0.000   0.000
   4.930   1.148   0.000   0.000
   4.930   1.913   0.000   0.000
   4.930   2.678   0.000   0.000
   4.930   3.444   0.000   0.000
   4.930   4.209   0.000   0.000
   4.930   4.974   0.000   0.000
   4.930   5.739   0.000   0.000
   4.930   6.504   0.000   0.167
   4.930   7.270   0.000   0.000
   4.930   8.035   0.000   0.000
   4.930   8.800   0.000   0.000
   4.930   9.565   0.000   0.000
   4.930  10.331   0.000   0.000
   4.930  11.096   0.000   0.000
   4.930  11.861   0.000   0.000
   4.930  12.626   0.000   0.000
   4.930  13.391   0.000   0.167
   4.930  14.157   0.000   0.000
   4.930  14.922   0.000   0.000
   4.930  15.687   0.000   0.000
   4.930  16.452   0.000   0.000
   4.930  17.218   0.000   0.000
   4.930  17.983   0.000   0.000
   4.930  18.748   0.000   0.000
   4.930  19.513   0.000   0.000
   4.930  20.278   0.000   0.000
   4.930  21.044   0.000   0.000
   4.930  21.809   0.000   0.500
   4.930  22.574   0.000   0.000
   4.930  23.339   0.000   0.000
   4.930  24.105   0.000   0.000
   4.930  24.870   0.000   0.000
   4.930  25.635   0.000   0.000
   4.930  26.400   0.000   0.000
   4.930  27.165   0.000   0.000
   4.930  27.931   0.000   0.000
   4.930  28.696   0.000   0.500
   4.930  29.461   0.000   0.000
   4.930  30.226   0.000   0.000
   4.930  30.992   0.000   0.000
   4.930  31.757   0.000   0.000
   4.930  32.522   0.000   0.000
   4.930  33.287   0.000   0.500
   4.930  34.052   0.000   0.000
   4.930  34.818   0.000   0.000
   4.930  35.583   0.000   0.000
   4.930  36.348   0.000   0.000
   4.930  37.113   0.000   0.000
   4.930  37.879   0.000   0.000
   5.510   0.383   0.000   0.000
   5.510   1.148   0.000   0.000
   5.510   1.913   0.000   0.000
   5.510   2.678   0.000   0.000
   5.510   3.444   0.000   0.000
   5.510   4.209   0.000   0.000
   5.510   4.974   0.000   0.000
   5.510   5.739   0.000   0.333
   5.510   6.504   0.000   0.167
   5.510   7.270   0.000   0.167
   5.510   8.035   0.000   0.000
   5.510   8.800   0.000   0.000
   5.510   9.565   0.000   0.000
   5.510  10.331   0.000   0.000
   5.510  11.096   0.000   0.000
   5.510  11.861   0.000   0.167
   5.510  12.626   0.333   0.000
   5.510  13.391   0.000   0.000
   5.510  14.157   0.000   0.000
   5.510  14.922   0.000   0.000
   5.510  15.687   0.000   0.000
   5.510  16.452   0.000   0.333
   5.510  17.218   0.000   0.000
   5.510  17.983   0.000   0.000
   5.510  18.748   0.000   0.000
   5.510  19.513   0.000   0.000
   5.510  20.278   0.000   0.000
   5.510  21.044   0.000   0.000
   5.510  21.809   0.000   0.000
   5.510  22.574   0.000   0.000
   5.510  23.339   0.000   0.000
   5.510  24.105   0.000   0.000
   5.510  24.870   0.000   0.000
   5.510  25.635   0.000   0.000
   5.510  26.400   0.000   0.000
   5.510  27.165   0.000   0.000
   5.510  27.931   0.000   0.000
   5.510  28.696   0.667   0.000
   5.510  29.461   0.333   0.000
   5.510  30.226   0.000   0.000
   5.510  30.992   0.000   0.000
   5.510  31.757   0.000   0.000
   5.510  32.522   0.000   0.000
   5.510  33.287   0.000   0.000
   5.510  34.052   0.000   0.000
   5.510  34.818   0.000   0.000
   5.510  35.583   0.000   0.000
   5.510  36.348   0.000   0.000
   5.510  37.113   0.000   0.000
   5.510  37.879   0.000   0.000
   6.090   0.383   0.000   0.000
   6.090   1.148   0.000   0.167
   6.090   1.913   0.000   0.000
   6.090   2.678   0.000   0.000
   6.090   3.444   0.000   0.000
   6.090   4.209   0.000   0.000
   6.090   4.974   0.000   0.000
   6.090   5.739   0.333   0.167
   6.090   6.504   0.667   0.000
   6.090   7.270   0.000   0.000
   6.090   8.035   0.000   0.000
   6.090   8.800   0.000   0.000
   6.090   9.565   0.000   0.000
   6.090  10.331   0.000   0.000
   6.090  11.096   0.000   0.000
   6.090  11.861   0.000   0.333
   6.090  12.626   0.000   0.000
   6.090  13.391   0.000   0.000
   6.090  14.157   0.000   0.000
   6.090  14.922   0.000   0.500
   6.090  15.687   0.000   0.000
   6.090  16.452   0.000   0.667
   6.090  17.218   0.000   0.000
   6.090  17.983   0.000   0.000
   6.090  18.748   0.000   0.000
   6.090  19.513   0.000   0.000
   6.090  20.278   0.000   0.000
   6.090  21.044   0.333   0.000
   6.090  21.809   0.000   0.000
   6.090  22.574   0.000   0.000
   6.090  23.339   0.000   0.000
   6.090  24.105   0.000   0.167
   6.090  24.870   0.333   0.000
   6.090  25.635   0.000   0.000
   6.090  26.400   0.000   0.000
   6.090  27.165   0.000   0.000
   6.090  27.931   0.000   0.500
   6.090  28.696   0.000   0.000
   6.090  29.461   0.000   0.500
   6.090  30.226   0.000   0.000
   6.090  30.992   0.000   0.000
   6.090  31.757   0.000   0.000
   6.090  32.522   0.000   0.000
   6.090  33.287   0.000   0.000
   6.090  34.052   0.333   0.000
   6.090  34.818   0.667   0.000
   6.090  35.583   0.000   0.000
   6.090  36.348   0.000   0.167
   6.090  37.113   0.000   0.000
   6.090  37.879   0.000   0.000
   6.670   0.383   0.000   0.333
   6.670   1.148   0.000   0.000
   6.670   1.913   0.000   0.000
   6.670   2.678   0.000   0.000
   6.670   3.444   0.000   0.000
   6.670   4.209   0.000   0.000
   6.670   4.974   0.000   0.167
   6.670   5.739   0.000   0.000
   6.670   6.504   0.000   0.000
   6.670   7.270   0.000   0.000
   6.670   8.035   0.000   0.000
   6.670   8.800   0.000   0.000
   6.670   9.565   0.000   0.000
   6.670  10.331   0.000   0.000
   6.670  11.096   0.000   0.000
   6.670  11.861   0.000   0.000
   6.670  12.626   0.000   0.333
   6.670  13.391   0.333   0.333
   6.670  14.157   0.000   0.000
   6.670  14.922   0.000   0.000
   6.670  15.687   0.000   0.000
   6.670  16.452   0.333   0.000
   6.670  17.218   0.667   0.000
   6.670  17.983   0.000   0.000
   6.670  18.748   0.000   0.000
   6.670  19.513   0.000   0.000
   6.670  20.278   0.000   0.333
   6.670  21.044   0.667   0.167
   6.670  21.809   0.000   0.500
   6.670  22.574   0.000   0.000
   6.670  23.339   0.000   0.000
   6.670  24.105   0.000   0.333
   6.670  24.870   0.667   0.000
   6.670  25.635   0.000   0.000
   6.670  26.400   0.000   0.000
   6.670  27.165   0.000   0.000
   6.670  27.931   0.000   0.000
   6.670  28.696   0.000   0.000
   6.670  29.461   0.000   0.000
   6.670  30.226   0.000   0.000
   6.670  30.992   0.000   0.000
   6.670  31.757   0.000   0.000
   6.670  32.522   0.000   0.000
   6.670  33.287   0.000   0.000
   6.670  34.052   0.000   0.167
   6.670  34.818   0.000   0.000
   6.670  35.583   0.000   0.000
   6.670  36.348   0.000   0.333
   6.670  37.113   0.000   0.000
   6.670  37.879   0.000   0.000
   7.250   0.383   0.000   0.500
   7.250   1.148   1.000   0.000
   7.250   1.913   0.000   0.000
   7.250   2.678   0.000   0.000
   7.250   3.444   0.000   0.000
   7.250   4.209   0.000   0.000
   7.250   4.974   0.000   0.167
   7.250   5.739   0.000   0.167
   7.250   6.504   0.000   0.000
   7.250   7.270   0.000   0.000
   7.250   8.035   0.000   0.000
   7.250   8.800   0.000   0.000
   7.250   9.565   0.000   0.333
   7.250  10.331   0.000   0.333
   7.250  11.096   0.000   0.000
   7.250  11.861   0.000   0.000
   7.250  12.626   0.000   0.167
   7.250  13.391   0.667   0.167
   7.250  14.157   0.000   0.000
   7.250  14.922   0.000   0.000
   7.250  15.687   0.000   0.000
   7.250  16.452   0.000   0.500
   7.250  17.218   0.000   0.000
   7.250  17.983   0.000   0.167
   7.250  18.748   0.000   0.000
   7.250  19.513   0.000   0.000
   7.250  20.278   0.000   0.167
   7.250  21.044   0.000   0.000
   7.250  21.809   0.000   0.000
   7.250  22.574   0.000   0.000
   7.250  23.339   0.000   0.000
   7.250  24.105   0.000   0.000
   7.250  24.870   0.000   0.500
   7.250  25.635   0.000   0.000
   7.250  26.400   0.000   0.000
   7.250  27.165   0.000   0.000
   7.250  27.931   0.000   0.000
   7.250  28.696   0.000   0.000
   7.250  29.461   0.000   0.000
   7.250  30.226   0.000   0.000
   7.250  30.992   0.000   0.000
   7.250  31.757   0.000   0.000
   7.250  32.522   0.000   0.000
   7.250  33.287   0.000   0.000
   7.250  34.052   0.000   0.500
   7.250  34.818   0.000   0.000
   7.250  35.583   0.000   0.000
   7.250  36.348   0.000   0.000
   7.250  37.113   0.000   0.000
   7.250  37.879   0.000   0.000
   7.830   0.383   0.000   0.000
   7.830   1.148   0.000   0.000
   7.830   1.913   0.000   0.000
   7.830   2.678   0.000   0.000
   7.830   3.444   0.000   0.000
   7.830   4.209   0.000   0.000
   7.830   4.974   0.000   0.000
   7.830   5.739   0.000   0.167
   7.830   6.504   0.000   0.000
   7.830   7.270   0.000   0.000
   7.830   8.035   0.000   0.000
   7.830   8.800   0.000   0.000
   7.830   9.565   0.000   0.000
   7.830  10.331   0.000   0.000
   7.830  11.096   0.000   0.000
   7.830  11.861   0.000   0.000
   7.830  12.626   0.000   0.000
   7.830  13.391   0.000   0.000
   7.830  14.157   0.000   0.000
   7.830  14.922   0.000   0.000
   7.830  15.687   0.000   0.000
   7.830  16.452   0.000   0.000
   7.830  17.218   0.000   0.000
   7.830  17.983   0.000   0.333
   7.830  18.748   0.667   0.000
   7.830  19.513   0.000   0.000
   7.830  20.278   0.000   0.000
   7.830  21.044   0.000   0.000
   7.830  21.809   0.000   0.000
   7.830  22.574   0.000   0.000
   7.830  23.339   0.000   0.000
   7.830  24.105   0.000   0.000
   7.830  24.870   0.000   0.000
   7.830  25.635   0.000   0.000
   7.830  26.400   0.000   0.000
   7.830  27.165   0.000   0.000
   7.830  27.931   0.000   0.000
   7.830  28.696   0.000   0.000
   7.830  29.461   0.000   0.000
   7.830  30.226   0.000   0.000
   7.830  30.992   0.000   0.000
   7.830  31.757   0.000   0.333
   7.830  32.522   0.000   0.000
   7.830  33.287   0.000   0.000
   7.830  34.052   0.000   0.000
   7.830  34.818   0.000   0.000
   7.830  35.583   0.000   0.000
   7.830  36.348   0.000   0.000
   7.830  37.113   0.000   0.000
   7.830  37.879   0.000   0.000
   8.410   0.383   0.000   0.000
   8.410   1.148   0.000   0.000
   8.410   1.913   0.000   0.000
   8.410   2.678   0.000   0.000
   8.410   3.444   0.000   0.000
   8.410   4.209   0.000   0.000
   8.410   4.974   0.000   0.500
   8.410   5.739   0.000   0.000
   8.410   6.504   0.000   0.000
   8.410   7.270   0.000   0.000
   8.410   8.035   0.000   0.000
   8.410   8.800   0.000   0.000
   8.410   9.565   0.000   0.000
   8.410  10.331   0.000   0.000
   8.410  11.096   0.000   0.000
   8.410  11.861   0.000   0.000
   8.410  12.626   0.000   0.000
   8.410  13.391   0.000   0.000
   8.410  14.157   0.000   0.333
   8.410  14.922   0.000   0.000
   8.410  15.687   0.000   0.000
   8.410  16.452   0.000   0.000
   8.410  17.218   0.000   0.000
   8.410  17.983   0.000   0.000
   8.410  18.748   0.333   0.000
   8.410  19.513   0.000   0.000
   8.410  20.278   0.000   0.000
   8.410  21.044   0.000   0.000
   8.410  21.809   0.000   0.000
   8.410  22.574   0.000   0.000
   8.410  23.339   0.000   0.000
   8.410  24.105   0.000   0.000
   8.410  24.870   0.000   0.000
   8.410  25.635   0.000   0.000
   8.410  26.400   0.000   0.000
   8.410  27.165   0.000   0.000
   8.410  27.931   0.000   0.000
   8.410  28.696   0.000   0.000
   8.410  29.461   0.000   0.000
   8.410  30.226   0.000   0.000
   8.410  30.992   0.000   0.000
   8.410  31.757   0.000   0.000
   8.410  32.522   0.000   0.167
   8.410  33.287   0.000   0.000
   8.410  34.052   1.000   0.000
   8.410  34.818   0.000   0.000
   8.410  35.583   0.000   0.000
   8.410  36.348   0.000   0.000
   8.410  37.113   0.000   0.000
   8.410  37.879   0.000   0.000
   8.990   0.383   0.000   0.000
   8.990   1.148   0.000   0.333
   8.990   1.913   0.000   0.167
   8.990   2.678   0.000   0.000
   8.990   3.444   0.000   0.000
   8.990   4.209   0.000   0.000
   8.990   4.974   0.000   0.000
   8.990   5.739   0.000   0.000
   8.990   6.504   0.000   0.167
   8.990   7.270   0.000   0.500
   8.990   8.035   0.000   0.000
   8.990   8.800   0.000   0.000
   8.990   9.565   1.000   0.167
   8.990  10.331   0.000   0.167
   8.990  11.096   0.000   0.000
   8.990  11.861   0.000   0.000
   8.990  12.626   0.000   0.000
   8.990  13.391   0.000   0.000
   8.990  14.157   0.000   0.000
   8.990  14.922   0.000   0.167
   8.990  15.687   0.000   0.000
   8.990  16.452   0.000   0.000
   8.990  17.218   0.000   0.000
   8.990  17.983   0.000   0.000
   8.990  18.748   0.000   0.500
   8.990  19.513   0.000   0.000
   8.990  20.278   0.000   0.000
   8.990  21.044   0.000   0.000
   8.990  21.809   0.000   0.000
   8.990  22.574   0.000   0.000
   8.990  23.339   0.000   0.000
   8.990  24.105   0.000   0.167
   8.990  24.870   0.000   0.000
   8.990  25.635   0.000   0.000
   8.990  26.400   0.000   0.000
   8.990  27.165   0.000   0.000
   8.990  27.931   0.000   0.167
   8.990  28.696   0.000   0.000
   8.990  29.461   0.000   0.000
   8.990  30.226   0.000   0.500
   8.990  30.992   0.000   0.000
   8.990  31.757   1.000   0.000
   8.990  32.522   0.000   0.000
   8.990  33.287   0.000   0.333
   8.990  34.052   0.000   0.167
   8.990  34.818   0.000   0.000
   8.990  35.583   0.000   0.000
   8.990  36.348   0.000   0.000
   8.990  37.113   0.000   0.000
   8.990  37.879   0.000   0.000
   9.570   0.383   0.000   0.000
   9.570   1.148   0.000   0.000
   9.570   1.913   0.000   0.000
   9.570   2.678   0.000   0.000
   9.570   3.444   0.000   0.000
   9.570   4.209   0.000   0.000
   9.570   4.974   0.000   0.000
   9.570   5.739   0.000   0.000
   9.570   6.504   0.333   0.000
   9.570   7.270   0.667   0.000
   9.570   8.035   0.000   0.333
   9.570   8.800   0.000   0.000
   9.570   9.565   0.000   0.000
   9.570  10.331   0.000   0.500
   9.570  11.096   0.000   0.000
   9.570  11.861   0.000   0.000
   9.570  12.626   0.000   0.000
   9.570  13.391   0.000   0.000
   9.570  14.157   0.000   0.000
   9.570  14.922   0.000   0.000
   9.570  15.687   0.000   0.000
   9.570  16.452   0.000   0.000
   9.570  17.218   0.000   0.000
   9.570  17.983   0.000   0.000
   9.570  18.748   0.000   0.000
   9.570  19.513   0.000   0.000
   9.570  20.278   0.000   0.000
   9.570  21.044   0.000   0.000
   9.570  21.809   0.000   0.000
   9.570  22.574   0.000   0.000
   9.570  23.339   0.000   0.000
   9.570  24.105   0.000   0.000
   9.570  24.870   0.000   0.000
   9.570  25.635   0.000   0.000
   9.570  26.400   0.000   0.167
   9.570  27.165   0.000   0.167
   9.570  27.931   0.000   0.167
   9.570  28.696   0.000   0.167
   9.570  29.461   0.000   0.000
   9.570  30.226   0.000   0.000
   9.570  30.992   0.000   0.000
   9.570  31.757   0.000   0.000
   9.570  32.522   0.000   0.000
   9.570  33.287   0.000   0.000
   9.570  34.052   0.000   0.000
   9.570  34.818   0.000   0.333
   9.570  35.583   0.000   0.000
   9.570  36.348   0.000   0.000
   9.570  37.113   0.000   0.000
   9.570  37.879   0.000   0.000
  10.150   0.383   0.000   0.000
  10.150   1.148   0.000   0.000
  10.150   1.913   0.000   0.000
  10.150   2.678   0.000   0.500
  10.150   3.444   0.000   0.000
  10.150   4.209   0.667   0.333
  10.150   4.974   0.000   0.167
  10.150   5.739   0.000   0.333
  10.150   6.504   0.000   0.000
  10.150   7.270   0.000   0.000
  10.150   8.035   0.000   0.000
  10.150   8.800   0.000   0.000
  10.150   9.565   0.000   0.000
  10.150  10.331   0.000   0.000
  10.150  11.096   0.000   0.000
  10.150  11.861   0.000   0.000
  10.150  12.626   0.000   0.000
  10.150  13.391   0.000   0.500
  10.150  14.157   0.000   0.000
  10.150  14.922   0.000   0.167
  10.150  15.687   0.000   0.333
  10.150  16.452   0.000   0.000
  10.150  17.218   0.000   0.000
  10.150  17.983   0.000   0.000
  10.150  18.748   0.333   0.000
  10.150  19.513   0.667   0.000
  10.150  20.278   0.000   0.000
  10.150  21.044   0.000   0.000
  10.150  21.809   0.000   0.000
  10.150  22.574   0.000   0.000
  10.150  23.339   0.000   0.167
  10.150  24.105   0.000   0.000
  10.150  24.870   0.000   0.000
  10.150  25.635   0.000   0.000
  10.150  26.400   0.000   0.167
  10.150  27.165   0.667   0.000
  10.150  27.931   0.000   0.000
  10.150  28.696   0.000   0.000
  10.150  29.461   0.000   0.000
  10.150  30.226   0.000   0.000
  10.150  30.992   0.000   0.000
  10.150  31.757   0.000   0.167
  10.150  32.522   0.000   0.000
  10.150  33.287   0.000   0.000
  10.150  34.052   0.000   0.000
  10.150  34.818   0.000   0.000
  10.150  35.583   0.000   0.000
  10.150  36.348   0.000   0.000
  10.150  37.113   0.000   0.000
  10.150  37.879   0.000   0.000
  10.730   0.383   0.000   0.000
  10.730   1.148   0.000   0.000
  10.730   1.913   0.000   0.000
  10.730   2.678   0.000   0.000
  10.730   3.444   0.000   0.000
  10.730   4.209   0.333   0.167
  10.730   4.974   0.000   0.000
  10.730   5.739   0.000   0.000
  10.730   6.504   0.000   0.000
  10.730   7.270   0.000   0.000
  10.730   8.035   0.000   0.000
  10.730   8.800   0.000   0.000
  10.730   9.565   0.000   0.000
  10.730  10.331   0.000   0.000
  10.730  11.096   0.000   0.000
  10.730  11.861   0.000   0.167
  10.730  12.626   0.000   0.167
  10.730  13.391   0.000   0.000
  10.730  14.157   0.000   0.000
  10.730  14.922   0.000   0.000
  10.730  15.687   1.000   0.000
  10.730  16.452   0.000   0.000
  10.730  17.218   0.000   0.000
  10.730  17.983   0.000   0.000
  10.730  18.748   0.000   0.333
  10.730  19.513   0.000   0.167
  10.730  20.278   0.000   0.333
  10.730  21.044   0.000   0.000
  10.730  21.809   0.000   0.333
  10.730  22.574   0.000   0.167
  10.730  23.339   0.000   0.333
  10.730  24.105   0.000   0.000
  10.730  24.870   0.000   0.000
  10.730  25.635   0.000   0.000
  10.730  26.400   0.000   0.000
  10.730  27.165   0.000   0.000
  10.730  27.931   0.000   0.000
  10.730  28.696   0.000   0.000
  10.730  29.461   0.000   0.000
  10.730  30.226   0.000   0.000
  10.730  30.992   0.000   0.000
  10.730  31.757   0.000   0.333
  10.730  32.522   0.000   0.000
  10.730  33.287   0.000   0.000
  10.730  34.052   0.000   0.000
  10.730  34.818   0.333   0.000
  10.730  35.583   0.000   0.000
  10.730  36.348   0.000   0.000
  10.730  37.113   0.000   0.000
  10.730  37.879   0.000   0.000
  11.310   0.383   0.000   0.000
  11.310   1.148   0.000   0.000
  11.310   1.913   0.000   0.000
  11.310   2.678   0.000   0.000
  11.310   3.444   0.000   0.000
  11.310   4.209   0.000   0.000
  11.310   4.974   0.000   0.000
  11.310   5.739   0.000   0.000
  11.310   6.504   0.000   0.000
  11.310   7.270   0.000   0.500
  11.310   8.035   0.000   0.000
  11.310   8.800   0.000   0.000
  11.310   9.565   0.000   0.000
  11.310  10.331   0.000   0.000
  11.310  11.096   0.000   0.000
  11.310  11.861   0.000   0.000
  11.310  12.626   0.000   0.167
  11.310  13.391   0.000   0.000
  11.310  14.157   0.000   0.333
  11.310  14.922   0.000   0.167
  11.310  15.687   0.000   0.000
  11.310  16.452   0.000   0.000
  11.310  17.218   0.000   0.000
  11.310  17.983   0.000   0.000
  11.310  18.748   0.000   0.000
  11.310  19.513   0.000   0.167
  11.310  20.278   0.000   0.000
  11.310  21.044   0.667   0.000
  11.310  21.809   0.333   0.000
  11.310  22.574   0.000   0.000
  11.310  23.339   0.000   0.000
  11.310  24.105   0.000   0.000
  11.310  24.870   0.000   0.000
  11.310  25.635   0.000   0.000
  11.310  26.400   0.000   0.000
  11.310  27.165   0.000   0.167
  11.310  27.931   0.000   0.167
  11.310  28.696   0.000   0.000
  11.310  29.461   0.000   0.000
  11.310  30.226   0.000   0.000
  11.310  30.992   0.000   0.000
  11.310  31.757   0.000   0.000
  11.310  32.522   0.000   0.000
  11.310  33.287   0.000   0.500
  11.310  34.052   0.000   0.000
  11.310  34.818   0.000   0.000
  11.310  35.583   0.000   0.667
  11.310  36.348   0.000   0.000
  11.310  37.113   0.000   0.000
  11.310  37.879   0.000   0.000
  11.890   0.383   0.000   0.000
  11.890   1.148   0.000   0.000
  11.890   1.913   0.000   0.000
  11.890   2.678   0.000   0.000
  11.890   3.444   0.000   0.000
  11.890   4.209   0.000   0.000
  11.890   4.974   0.000   0.000
  11.890   5.739   0.000   0.000
  11.890   6.504   0.000   0.000
  11.890   7.270   0.000   0.000
  11.890   8.035   0.333   0.500
  11.890   8.800   0.000   0.000
  11.890   9.565   0.000   0.000
  11.890  10.331   0.000   0.000
  11.890  11.096   0.000   0.000
  11.890  11.861   0.000   0.000
  11.890  12.626   0.000   0.000
  11.890  13.391   1.000   0.000
  11.890  14.157   0.000   0.000
  11.890  14.922   0.000   0.000
  11.890  15.687   0.000   0.000
  11.890  16.452   0.000   0.000
  11.890  17.218   0.000   0.000
  11.890  17.983   0.000   0.333
  11.890  18.748   0.000   0.167
  11.890  19.513   0.000   0.000
  11.890  20.278   0.000   0.000
  11.890  21.044   0.000   0.000
  11.890  21.809   0.000   0.333
  11.890  22.574   0.000   0.000
  11.890  23.339   0.000   0.000
  11.890  24.105   1.000   0.500
  11.890  24.870   0.000   0.000
  11.890  25.635   0.000   0.000
  11.890  26.400   0.000   0.000
  11.890  27.165   0.000   0.167
  11.890  27.931   0.000   0.167
  11.890  28.696   0.000   0.167
  11.890  29.461   0.000   0.000
  11.890  30.226   0.000   0.000
  11.890  30.992   0.000   0.000
  11.890  31.757   0.000   0.167
  11.890  32.522   0.000   0.000
  11.890  33.287   0.000   0.000
  11.890  34.052   0.000   0.000
  11.890  34.818   0.000   0.000
  11.890  35.583   0.667   0.167
  11.890  36.348   0.000   0.000
  11.890  37.113   0.000   0.000
  11.890  37.879   0.000   0.000
  12.470   0.383   0.000   0.000
  12.470   1.148   0.000   0.000
  12.470   1.913   0.000   0.333
  12.470   2.678   0.000   0.000
  12.470   3.444   0.000   0.167
  12.470   4.209   0.000   0.333
  12.470   4.974   0.000   0.000
  12.470   5.739   0.000   0.000
  12.470   6.504   0.000   0.000
  12.470   7.270   0.000   0.000
  12.470   8.035   0.667   0.000
  12.470   8.800   0.000   0.000
  12.470   9.565   0.000   0.000
  12.470  10.331   0.000   0.000
  12.470  11.096   0.000   0.000
  12.470  11.861   0.000   0.000
  12.470  12.626   0.000   0.000
  12.470  13.391   0.000   0.000
  12.470  14.157   0.000   0.000
  12.470  14.922   0.000   0.000
  12.470  15.687   0.000   0.000
  12.470  16.452   0.000   0.000
  12.470  17.218   0.000   0.000
  12.470  17.983   0.000   0.000
  12.470  18.748   0.000   0.000
  12.470  19.513   0.000   0.000
  12.470  20.278   0.000   0.000
  12.470  21.044   0.000   0.000
  12.470  21.809   0.000   0.167
  12.470  22.574   0.000   0.000
  12.470  23.339   0.000   0.000
  12.470  24.105   0.000   0.000
  12.470  24.870   0.000   0.333
  12.470  25.635   0.000   0.000
  12.470  26.400   0.000   0.000
  12.470  27.165   0.000   0.000
  12.470  27.931   0.000   0.000
  12.470  28.696   0.000   0.000
  12.470  29.461   0.000   0.000
  12.470  30.226   0.000   0.000
  12.470  30.992   1.000   0.500
  12.470  31.757   0.000   0.333
  12.470  32.522   0.000   0.000
  12.470  33.287   0.000   0.000
  12.470  34.052   0.000   0.000
  12.470  34.818   0.000   0.000
  12.470  35.583   0.000   0.000
  12.470  36.348   0.000   0.167
  12.470  37.113   0.000   0.333
  12.470  37.879   0.000   0.333
  13.050   0.383   0.000   0.000
  13.050   1.148   0.000   0.000
  13.050   1.913   0.000   0.167
  13.050   2.678   0.000   0.000
  13.050   3.444   0.000   0.000
  13.050   4.209   0.000   0.000
  13.050   4.974   0.000   0.000
  13.050   5.739   0.000   0.000
  13.050   6.504   0.000   0.000
  13.050   7.270   0.000   0.000
  13.050   8.035   0.000   0.000
  13.050   8.800   0.000   0.000
  13.050   9.565   0.000   0.000
  13.050  10.331   0.000   0.000
  13.050  11.096   0.000   0.000
  13.050  11.861   0.000   0.000
  13.050  12.626   0.000   0.167
  13.050  13.391   0.000   0.333
  13.050  14.157   0.000   0.000
  13.050  14.922   0.000   0.000
  13.050  15.687   0.000   0.000
  13.050  16.452   0.000   0.000
  13.050  17.218   0.000   0.000
  13.050  17.983   0.000   0.000
  13.050  18.748   0.000   0.000
  13.050  19.513   0.000   0.000
  13.050  20.278   0.000   0.000
  13.050  21.044   0.000   0.000
  13.050  21.809   0.000   0.000
  13.050  22.574   0.000   0.000
  13.050  23.339   0.000   0.000
  13.050  24.105   0.000   0.167
  13.050  24.870   0.000   0.000
  13.050  25.635   0.000   0.000
  13.050  26.400   0.000   0.000
  13.050  27.165   0.000   0.000
  13.050  27.931   0.000   0.000
  13.050  28.696   0.000   0.000
  13.050  29.461   0.000   0.000
  13.050  30.226   0.000   0.000
  13.050  30.992   0.000   0.000
  13.050  31.757   0.000   0.000
  13.050  32.522   0.000   0.000
  13.050  33.287   0.000   0.000
  13.050  34.052   0.000   0.000
  13.050  34.818   0.000   0.000
  13.050  35.583   0.000   0.000
  13.050  36.348   0.000   0.000
  13.050  37.113   0.000   0.000
  13.050  37.879   0.000   0.000
  13.630   0.383   0.000   0.000
  13.630   1.148   0.000   0.000
  13.630   1.913   0.000   0.000
  13.630   2.678   0.000   0.000
  13.630   3.444   0.000   0.000
  13.630   4.209   0.000   0.000
  13.630   4.974   0.000   0.000
  13.630   5.739   0.000   0.167
  13.630   6.504   0.000   0.333
  13.630   7.270   0.000   0.167
  13.630   8.035   0.000   0.000
  13.630   8.800   0.000   0.500
  13.630   9.565   0.000   0.000
  13.630  10.331   0.000   0.333
  13.630  11.096   0.000   0.167
  13.630  11.861   0.000   0.000
  13.630  12.626   0.000   0.000
  13.630  13.391   0.000   0.000
  13.630  14.157   0.000   0.000
  13.630  14.922   0.000   0.000
  13.630  15.687   0.000   0.000
  13.630  16.452   0.000   0.000
  13.630  17.218   0.000   0.000
  13.630  17.983   0.000   0.000
  13.630  18.748   0.000   0.333
  13.630  19.513   0.000   0.167
  13.630  20.278   0.000   0.000
  13.630  21.044   0.000   0.000
  13.630  21.809   0.000   0.333
  13.630  22.574   0.000   0.000
  13.630  23.339   0.000   0.000
  13.630  24.105   0.000   0.000
  13.630  24.870   0.000   0.000
  13.630  25.635   0.000   0.000
  13.630  26.400   0.000   0.000
  13.630  27.165   0.000   0.000
  13.630  27.931   0.000   0.000
  13.630  28.696   0.000   0.000
  13.630  29.461   0.000   0.167
  13.630  30.226   0.000   0.000
  13.630  30.992   0.000   0.000
  13.630  31.757   0.000   0.000
  13.630  32.522   0.000   0.000
  13.630  33.287   0.000   0.000
  13.630  34.052   0.000   0.000
  13.630  34.818   0.000   0.000
  13.630  35.583   0.000   0.167
  13.630  36.348   0.000   0.500
  13.630  37.113   0.000   0.000
  13.630  37.879   0.000   0.000
  14.210   0.383   0.000   0.000
  14.210   1.148   0.000   0.000
  14.210   1.913   0.000   0.000
  14.210   2.678   0.000   0.000
  14.210   3.444   0.000   0.000
  14.210   4.209   0.000   0.000
  14.210   4.974   0.000   0.167
  14.210   5.739   0.667   0.167
  14.210   6.504   0.333   0.000
  14.210   7.270   0.000   0.000
  14.210   8.035   0.000   0.000
  14.210   8.800   0.000   0.000
  14.210   9.565   1.000   0.000
  14.210  10.331   0.000   0.000
  14.210  11.096   0.000   0.000
  14.210  11.861   0.000   0.000
  14.210  12.626   0.000   0.000
  14.210  13.391   0.333   0.000
  14.210  14.157   0.667   0.000
  14.210  14.922   0.000   0.000
  14.210  15.687   0.000   0.000
  14.210  16.452   0.000   0.000
  14.210  17.218   0.000   0.000
  14.210  17.983   0.000   0.000
  14.210  18.748   0.000   0.000
  14.210  19.513   0.000   0.000
  14.210  20.278   0.000   0.000
  14.210  21.044   0.000   0.000
  14.210  21.809   0.000   0.167
  14.210  22.574   0.000   0.333
  14.210  23.339   0.000   0.167
  14.210  24.105   0.000   0.000
  14.210  24.870   0.000   0.000
  14.210  25.635   0.000   0.000
  14.210  26.400   0.000   0.000
  14.210  27.165   0.000   0.000
  14.210  27.931   0.000   0.500
  14.210  28.696   0.000   0.000
  14.210  29.461   0.000   0.333
  14.210  30.226   0.000   0.000
  14.210  30.992   0.000   0.000
  14.210  31.757   0.000   0.000
  14.210  32.522   0.000   0.000
  14.210  33.287   0.000   0.000
  14.210  34.052   0.000   0.000
  14.210  34.818   0.000   0.000
  14.210  35.583   0.000   0.000
  14.210  36.348   0.000   0.000
  14.210  37.113   0.000   0.000
  14.210  37.879   0.000   0.000
  14.790   0.383   0.000   0.000
  14.790   1.148   0.000   0.000
  14.790   1.913   0.000   0.000
  14.790   2.678   0.000   1.000
  14.790   3.444   0.000   0.000
  14.790   4.209   0.000   0.000
  14.790   4.974   0.000   0.000
  14.790   5.739   0.000   0.000
  14.790   6.504   0.000   0.000
  14.790   7.270   0.000   0.000
  14.790   8.035   0.000   0.000
  14.790   8.800   0.000   0.000
  14.790   9.565   0.000   0.500
  14.790  10.331   0.000   0.000
  14.790  11.096   0.000   0.000
  14.790  11.861   0.000   0.000
  14.790  12.626   0.000   0.000
  14.790  13.391   0.000   0.000
  14.790  14.157   0.000   0.500
  14.790  14.922   0.000   0.000
  14.790  15.687   0.000   0.000
  14.790  16.452   0.000   0.000
  14.790  17.218   0.000   0.000
  14.790  17.983   0.000   0.000
  14.790  18.748   0.000   0.000
  14.790  19.513   0.000   0.000
  14.790  20.278   0.000   0.500
  14.790  21.044   0.000   0.333
  14.790  21.809   0.000   0.000
  14.790  22.574   0.000   0.000
  14.790  23.339   0.000   0.000
  14.790  24.105   0.000   0.000
  14.790  24.870   0.000   0.000
  14.790  25.635   0.000   0.500
  14.790  26.400   0.000   0.000
  14.790  27.165   0.000   0.000
  14.790  27.931   0.000   0.000
  14.790  28.696   0.667   0.000
  14.790  29.461   0.000   0.000
  14.790  30.226   0.000   0.000
  14.790  30.992   0.000   0.000
  14.790  31.757   0.000   0.000
  14.790  32.522   0.000   0.000
  14.790  33.287   0.000   0.000
  14.790  34.052   0.000   0.000
  14.790  34.818   0.000   0.000
  14.790  35.583   0.000   0.333
  14.790  36.348   1.000   0.000
  14.790  37.113   0.000   0.000
  14.790  37.879   0.000   0.000
  15.370   0.383   0.000   0.000
  15.370   1.148   0.000   0.000
  15.370   1.913   0.000   0.000
  15.370   2.678   1.000   0.000
  15.370   3.444   0.000   0.000
  15.370   4.209   0.000   0.000
  15.370   4.974   0.000   0.000
  15.370   5.739   0.000   0.000
  15.370   6.504   0.000   0.000
  15.370   7.270   0.000   0.000
  15.370   8.035   0.000   0.000
  15.370   8.800   0.000   0.000
  15.370   9.565   0.000   0.000
  15.370  10.331   0.000   0.000
  15.370  11.096   0.000   0.000
  15.370  11.861   0.000   0.000
  15.370  12.626   0.000   0.000
  15.370  13.391   0.000   0.500
  15.370  14.157   0.000   0.000
  15.370  14.922   0.000   0.000
  15.370  15.687   0.000   0.000
  15.370  16.452   0.000   0.500
  15.370  17.218   0.000   0.000
  15.370  17.983   0.000   0.000
  15.370  18.748   0.000   0.000
  15.370  19.513   0.000   0.000
  15.370  20.278   0.000   0.000
  15.370  21.044   0.000   0.000
  15.370  21.809   0.000   0.000
  15.370  22.574   0.000   0.000
  15.370  23.339   0.000   0.000
  15.370  24.105   0.000   0.000
  15.370  24.870   0.000   0.000
  15.370  25.635   0.000   0.167
  15.370  26.400   0.000   0.000
  15.370  27.165   0.000   0.000
  15.370  27.931   0.000   0.000
  15.370  28.696   0.000   0.000
  15.370  29.461   0.000   0.000
  15.370  30.226   0.000   0.000
  15.370  30.992   0.000   0.000
  15.370  31.757   0.000   0.000
  15.370  32.522   0.000   0.000
  15.370  33.287   0.000   0.000
  15.370  34.052   0.000   0.000
  15.370  34.818   0.000   0.167
  15.370  35.583   0.000   0.500
  15.370  36.348   0.000   0.000
  15.370  37.113   0.000   0.000
  15.370  37.879   0.000   0.000
  15.950   0.383   0.000   0.000
  15.950   1.148   0.000   0.333
  15.950   1.913   0.000   0.000
  15.950   2.678   0.000   0.000
  15.950   3.444   0.000   0.000
  15.950   4.209   0.000   0.000
  15.950   4.974   0.000   0.000
  15.950   5.739   0.000   0.500
  15.950   6.504   0.000   0.000
  15.950   7.270   0.000   0.000
  15.950   8.035   0.000   0.000
  15.950   8.800   0.000   0.000
  15.950   9.565   0.000   0.000
  15.950  10.331   0.000   0.000
  15.950  11.096   0.000   0.000
  15.950  11.861   0.000   0.000
  15.950  12.626   0.000   0.000
  15.950  13.391   0.000   0.000
  15.950  14.157   0.000   0.000
  15.950  14.922   0.000   0.000
  15.950  15.687   0.000   0.000
  15.950  16.452   0.000   0.000
  15.950  17.218   0.333   0.000
  15.950  17.983   0.000   0.500
  15.950  18.748   0.000   0.000
  15.950  19.513   0.000   0.000
  15.950  20.278   0.000   0.000
  15.950  21.044   0.000   0.000
  15.950  21.809   0.000   0.000
  15.950  22.574   0.000   0.000
  15.950  23.339   0.000   0.000
  15.950  24.105   0.000   0.000
  15.950  24.870   0.000   0.000
  15.950  25.635   0.333   0.333
  15.950  26.400   0.000   0.000
  15.950  27.165   0.000   0.000
  15.950  27.931   0.000   0.000
  15.950  28.696   0.000   0.000
  15.950  29.461   0.000   0.000
  15.950  30.226   0.000   0.000
  15.950  30.992   0.000   0.000
  15.950  31.757   0.000   0.000
  15.950  32.522   0.000   0.000
  15.950  33.287   0.000   0.000
  15.950  34.052   0.000   0.000
  15.950  34.818   0.000   0.000
  15.950  35.583   0.000   0.000
  15.950  36.348   0.000   0.000
  15.950  37.113   0.000   0.000
  15.950  37.879   0.000   0.500
  16.530   0.383   1.000   0.000
  16.530   1.148   0.000   0.167
  16.530   1.913   0.000   0.000
  16.530   2.678   0.000   0.000
  16.530   3.444   0.000   0.000
  16.530   4.209   0.000   0.000
  16.530   4.974   0.000   0.000
  16.530   5.739   0.667   0.000
  16.530   6.504   0.333   0.000
  16.530   7.270   0.000   0.000
  16.530   8.035   0.000   0.000
  16.530   8.800   0.000   0.000
  16.530   9.565   0.000   0.000
  16.530  10.331   0.000   0.000
  16.530  11.096   0.000   0.000
  16.530  11.861   0.000   0.000
  16.530  12.626   0.000   0.000
  16.530  13.391   0.000   0.000
  16.530  14.157   0.000   0.000
  16.530  14.922   0.000   0.000
  16.530  15.687   0.000   0.000
  16.530  16.452   0.000   0.167
  16.530  17.218   0.667   0.333
  16.530  17.983   0.000   0.000
  16.530  18.748   0.000   0.000
  16.530  19.513   0.000   0.000
  16.530  20.278   0.000   0.000
  16.530  21.044   0.000   0.000
  16.530  21.809   0.000   0.000
  16.530  22.574   0.000   0.000
  16.530  23.339   0.000   0.000
  16.530  24.105   0.000   0.000
  16.530  24.870   0.000   0.000
  16.530  25.635   0.667   0.000
  16.530  26.400   0.000   0.000
  16.530  27.165   0.000   0.167
  16.530  27.931   0.000   0.000
  16.530  28.696   0.000   0.167
  16.530  29.461   0.000   0.333
  16.530  30.226   0.000   0.000
  16.530  30.992   0.000   0.000
  16.530  31.757   0.000   0.667
  16.530  32.522   1.000   0.000
  16.530  33.287   0.000   0.000
  16.530  34.052   0.000   0.333
  16.530  34.818   0.000   0.000
  16.530  35.583   0.000   0.000
  16.530  36.348   0.000   0.000
  16.530  37.113   0.000   0.000
  16.530  37.879   0.000   0.000
  17.110   0.383   0.000   0.000
  17.110   1.148   0.000   0.000
  17.110   1.913   0.000   0.000
  17.110   2.678   0.000   0.167
  17.110   3.444   0.000   0.333
  17.110   4.209   0.000   0.000
  17.110   4.974   0.000   0.167
  17.110   5.739   0.000   0.000
  17.110   6.504   0.000   0.000
  17.110   7.270   0.000   0.500
  17.110   8.035   0.000   0.000
  17.110   8.800   1.000   0.000
  17.110   9.565   0.000   0.500
  17.110  10.331   0.000   0.000
  17.110  11.096   0.000   0.000
  17.110  11.861   0.000   0.000
  17.110  12.626   0.000   0.000
  17.110  13.391   0.000   0.000
  17.110  14.157   0.000   0.000
  17.110  14.922   0.000   0.333
  17.110  15.687   0.000   0.000
  17.110  16.452   0.000   0.000
  17.110  17.218   0.000   0.000
  17.110  17.983   0.000   0.000
  17.110  18.748   0.000   0.000
  17.110  19.513   0.000   0.000
  17.110  20.278   0.000   0.167
  17.110  21.044   0.000   0.500
  17.110  21.809   0.000   0.000
  17.110  22.574   0.000   0.000
  17.110  23.339   0.000   0.000
  17.110  24.105   0.000   0.000
  17.110  24.870   0.000   0.500
  17.110  25.635   0.000   0.000
  17.110  26.400   0.000   0.333
  17.110  27.165   0.000   0.000
  17.110  27.931   0.000   0.000
  17.110  28.696   0.000   0.000
  17.110  29.461   1.000   0.000
  17.110  30.226   0.000   0.000
  17.110  30.992   0.000   0.000
  17.110  31.757   0.000   0.000
  17.110  32.522   0.000   0.167
  17.110  33.287   0.000   0.000
  17.110  34.052   0.000   0.000
  17.110  34.818   0.000   0.333
  17.110  35.583   0.000   0.000
  17.110  36.348   0.000   0.000
  17.110  37.113   0.000   0.000
  17.110  37.879   0.000   0.000
  17.690   0.383   0.000   0.000
  17.690   1.148   0.000   0.000
  17.690   1.913   0.000   0.000
  17.690   2.678   0.000   0.000
  17.690   3.444   0.667   0.000
  17.690   4.209   0.000   0.333
  17.690   4.974   0.000   0.000
  17.690   5.739   0.000   0.000
  17.690   6.504   0.000   0.000
  17.690   7.270   0.000   0.000
  17.690   8.035   0.000   0.000
  17.690   8.800   0.000   0.167
  17.690   9.565   0.000   0.000
  17.690  10.331   0.000   0.000
  17.690  11.096   0.000   0.000
  17.690  11.861   0.000   0.000
  17.690  12.626   0.000   0.000
  17.690  13.391   0.000   0.000
  17.690  14.157   1.000   0.000
  17.690  14.922   0.000   0.167
  17.690  15.687   0.000   0.000
  17.690  16.452   0.000   0.500
  17.690  17.218   0.000   0.000
  17.690  17.983   0.000   0.000
  17.690  18.748   0.000   0.000
  17.690  19.513   0.000   0.000
  17.690  20.278   0.000   0.000
  17.690  21.044   0.000   0.000
  17.690  21.809   0.000   0.000
  17.690  22.574   0.000   0.000
  17.690  23.339   0.000   0.000
  17.690  24.105   0.000   0.000
  17.690  24.870   0.000   0.000
  17.690  25.635   0.000   0.000
  17.690  26.400   0.000   0.000
  17.690  27.165   0.000   0.000
  17.690  27.931   0.000   0.000
  17.690  28.696   0.000   0.500
  17.690  29.461   0.000   0.167
  17.690  30.226   0.000   0.333
  17.690  30.992   0.000   0.000
  17.690  31.757   0.333   0.000
  17.690  32.522   0.000   0.000
  17.690  33.287   0.000   0.000
  17.690  34.052   0.000   0.000
  17.690  34.818   0.000   0.167
  17.690  35.583   0.000   0.333
  17.690  36.348   0.000   0.000
  17.690  37.113   0.000   0.500
  17.690  37.879   0.000   0.000
  18.270   0.383   0.000   0.500
  18.270   1.148   0.000   0.000
  18.270   1.913   0.000   0.167
  18.270   2.678   0.000   0.000
  18.270   3.444   0.333   0.000
  18.270   4.209   0.000   0.167
  18.270   4.974   0.000   0.000
  18.270   5.739   0.000   0.000
  18.270   6.504   0.000   0.000
  18.270   7.270   0.000   0.000
  18.270   8.035   0.000   0.000
  18.270   8.800   0.000   0.333
  18.270   9.565   0.000   0.000
  18.270  10.331   0.000   0.000
  18.270  11.096   0.000   0.000
  18.270  11.861   0.000   0.000
  18.270  12.626   0.000   0.000
  18.270  13.391   0.000   0.000
  18.270  14.157   0.000   0.333
  18.270  14.922   0.000   0.000
  18.270  15.687   0.000   0.000
  18.270  16.452   0.000   0.000
  18.270  17.218   0.000   0.000
  18.270  17.983   0.000   0.000
  18.270  18.748   0.000   0.000
  18.270  19.513   0.000   0.000
  18.270  20.278   0.000   0.000
  18.270  21.044   0.333   0.000
  18.270  21.809   0.000   0.000
  18.270  22.574   0.000   0.000
  18.270  23.339   0.000   0.167
  18.270  24.105   0.000   0.500
  18.270  24.870   0.000   0.000
  18.270  25.635   0.000   0.000
  18.270  26.400   0.000   0.000
  18.270  27.165   0.000   0.000
  18.270  27.931   0.000   0.000
  18.270  28.696   0.000   0.000
  18.270  29.461   0.000   0.000
  18.270  30.226   0.000   0.000
  18.270  30.992   0.000   0.000
  18.270  31.757   0.000   0.000
  18.270  32.522   0.000   0.000
  18.270  33.287   0.000   0.000
  18.270  34.052   0.000   0.000
  18.270  34.818   0.000   0.000
  18.270  35.583   0.000   0.000
  18.270  36.348   1.000   0.167
  18.270  37.113   0.000   0.000
  18.270  37.879   0.000   0.000
  18.850   0.383   0.000   0.000
  18.850   1.148   1.000   0.000
  18.850   1.913   0.000   0.333
  18.850   2.678   0.000   0.000
  18.850   3.444   0.000   0.000
  18.850   4.209   0.000   0.000
  18.850   4.974   0.000   0.000
  18.850   5.739   0.000   0.000
  18.850   6.504   0.000   0.000
  18.850   7.270   0.000   0.000
  18.850   8.035   0.000   0.000
  18.850   8.800   0.000   0.000
  18.850   9.565   0.000   0.000
  18.850  10.331   0.000   0.000
  18.850  11.096   0.000   0.000
  18.850  11.861   0.000   0.000
  18.850  12.626   0.000   0.000
  18.850  13.391   0.000   0.000
  18.850  14.157   0.000   0.333
  18.850  14.922   0.000   0.000
  18.850  15.687   0.000   0.000
  18.850  16.452   0.000   0.000
  18.850  17.218   0.000   0.000
  18.850  17.983   0.000   0.000
  18.850  18.748   0.000   0.000
  18.850  19.513   0.000   0.167
  18.850  20.278   0.000   0.000
  18.850  21.044   0.667   0.000
  18.850  21.809   0.000   0.333
  18.850  22.574   0.000   0.000
  18.850  23.339   0.000   0.333
  18.850  24.105   0.000   0.000
  18.850  24.870   0.000   0.000
  18.850  25.635   0.000   0.000
  18.850  26.400   0.000   0.000
  18.850  27.165   0.000   0.000
  18.850  27.931   0.000   0.000
  18.850  28.696   0.000   0.000
  18.850  29.461   0.000   0.000
  18.850  30.226   0.000   0.000
  18.850  30.992   0.000   0.000
  18.850  31.757   0.000   0.167
  18.850  32.522   0.000   0.333
  18.850  33.287   0.000   0.000
  18.850  34.052   0.000   0.000
  18.850  34.818   0.000   0.000
  18.850  35.583   0.000   0.000
  18.850  36.348   0.000   0.000
  18.850  37.113   0.000   0.000
  18.850  37.879   0.000   0.000
  19.430   0.383   0.000   0.000
  19.430   1.148   0.000   0.000
  19.430   1.913   0.000   0.000
  19.430   2.678   0.000   0.000
  19.430   3.444   0.000   0.000
  19.430   4.209   0.000   0.000
  19.430   4.974   0.000   0.000
  19.430   5.739   0.000   0.000
  19.430   6.504   0.000   0.000
  19.430   7.270   0.000   0.000
  19.430   8.035   0.000   0.000
  19.430   8.800   0.000   0.000
  19.430   9.565   0.000   0.000
  19.430  10.331   0.000   0.000
  19.430  11.096   0.000   0.000
  19.430  11.861   0.000   0.000
  19.430  12.626   0.000   0.000
  19.430  13.391   0.000   0.000
  19.430  14.157   0.000   0.333
  19.430  14.922   0.000   0.000
  19.430  15.687   0.000   0.167
  19.430  16.452   0.000   0.000
  19.430  17.218   0.000   0.000
  19.430  17.983   0.000   0.000
  19.430  18.748   0.000   0.000
  19.430  19.513   0.000   0.000
  19.430  20.278   0.000   0.333
  19.430  21.044   0.000   0.167
  19.430  21.809   0.000   0.000
  19.430  22.574   0.333   0.000
  19.430  23.339   0.667   0.000
  19.430  24.105   0.000   0.000
  19.430  24.870   0.000   0.000
  19.430  25.635   0.000   0.000
  19.430  26.400   0.000   0.167
  19.430  27.165   0.000   0.667
  19.430  27.931   0.000   0.000
  19.430  28.696   0.000   0.000
  19.430  29.461   0.000   0.000
  19.430  30.226   0.000   0.000
  19.430  30.992   0.000   0.000
  19.430  31.757   0.000   0.000
  19.430  32.522   0.000   0.000
  19.430  33.287   0.000   0.000
  19.430  34.052   0.000   0.000
  19.430  34.818   0.000   0.000
  19.430  35.583   0.000   0.000
  19.430  36.348   0.000   0.000
  19.430  37.113   0.000   0.000
  19.430  37.879   0.000   0.000
  20.010   0.383   0.000   0.000
  20.010   1.148   0.000   0.000
  20.010   1.913   0.000   0.000
  20.010   2.678   0.000   0.000
  20.010   3.444   0.000   0.000
  20.010   4.209   0.000   0.000
  20.010   4.974   0.000   0.000
  20.010   5.739   0.000   0.000
  20.010   6.504   0.000   0.000
  20.010   7.270   0.000   0.000
  20.010   8.035   0.000   0.000
  20.010   8.800   0.000   0.000
  20.010   9.565   0.000   0.333
  20.010  10.331   0.000   0.333
  20.010  11.096   0.000   0.000
  20.010  11.861   0.000   0.000
  20.010  12.626   0.000   0.000
  20.010  13.391   0.000   0.000
  20.010  14.157   0.000   0.000
  20.010  14.922   0.000   0.000
  20.010  15.687   0.000   0.000
  20.010  16.452   0.000   0.000
  20.010  17.218   0.000   0.000
  20.010  17.983   0.000   0.000
  20.010  18.748   0.000   0.000
  20.010  19.513   0.000   0.000
  20.010  20.278   0.000   0.000
  20.010  21.044   0.000   0.000
  20.010  21.809   0.000   0.000
  20.010  22.574   0.000   0.500
  20.010  23.339   0.000   0.000
  20.010  24.105   0.000   0.000
  20.010  24.870   0.000   0.000
  20.010  25.635   0.000   0.000
  20.010  26.400   0.000   0.000
  20.010  27.165   1.000   0.000
  20.010  27.931   0.000   0.167
  20.010  28.696   0.000   0.000
  20.010  29.461   0.000   0.000
  20.010  30.226   0.000   0.000
  20.010  30.992   0.000   0.000
  20.010  31.757   0.000   0.000
  20.010  32.522   0.000   0.000
  20.010  33.287   0.333   0.000
  20.010  34.052   0.000   0.000
  20.010  34.818   0.000   0.000
  20.010  35.583   0.000   0.000
  20.010  36.348   0.000   0.500
  20.010  37.113   0.000   0.000
  20.010  37.879   0.000   0.000
  20.590   0.383   0.000   0.000
  20.590   1.148   0.000   0.333
  20.590   1.913   0.000   0.167
  20.590   2.678   0.000   0.000
  20.590   3.444   0.000   0.000
  20.590   4.209   0.000   0.500
  20.590   4.974   0.000   0.000
  20.590   5.739   0.000   0.000
  20.590   6.504   0.000   0.000
  20.590   7.270   0.000   0.000
  20.590   8.035   0.000   0.000
  20.590   8.800   0.000   0.000
  20.590   9.565   0.000   0.000
  20.590  10.331   0.000   0.167
  20.590  11.096   0.000   0.000
  20.590  11.861   0.000   0.000
  20.590  12.626   0.000   0.000
  20.590  13.391   0.000   0.333
  20.590  14.157   0.000   0.000
  20.590  14.922   0.000   0.000
  20.590  15.687   0.000   0.000
  20.590  16.452   0.000   0.000
  20.590  17.218   0.000   0.333
  20.590  17.983   0.000   0.000
  20.590  18.748   0.000   0.000
  20.590  19.513   0.000   0.000
  20.590  20.278   0.000   0.000
  20.590  21.044   0.000   0.000
  20.590  21.809   0.000   0.000
  20.590  22.574   0.000   0.000
  20.590  23.339   0.000   0.500
  20.590  24.105   0.000   0.000
  20.590  24.870   0.000   0.000
  20.590  25.635   0.000   0.000
  20.590  26.400   0.000   0.333
  20.590  27.165   0.000   0.000
  20.590  27.931   0.000   0.000
  20.590  28.696   0.000   0.000
  20.590  29.461   0.000   0.000
  20.590  30.226   0.000   0.000
  20.590  30.992   0.000   0.000
  20.590  31.757   0.000   0.167
  20.590  32.522   0.000   0.000
  20.590  33.287   0.667   0.500
  20.590  34.052   0.000   0.167
  20.590  34.818   0.000   0.000
  20.590  35.583   0.000   0.000
  20.590  36.348   0.000   0.000
  20.590  37.113   0.000   0.000
  20.590  37.879   0.000   0.000
  21.170   0.383   0.000   0.500
  21.170   1.148   0.667   0.000
  21.170   1.913   0.333   0.000
  21.170   2.678   0.000   0.000
  21.170   3.444   0.000   0.000
  21.170   4.209   0.333   0.000
  21.170   4.974   0.000   0.167
  21.170   5.739   0.000   0.000
  21.170   6.504   0.000   0.000
  21.170   7.270   0.000   0.000
  21.170   8.035   0.000   0.000
  21.170   8.800   0.000   0.000
  21.170   9.565   0.000   0.000
  21.170  10.331   1.000   0.000
  21.170  11.096   0.000   0.000
  21.170  11.861   0.000   0.000
  21.170  12.626   0.000   0.000
  21.170  13.391   0.000   0.000
  21.170  14.157   0.000   0.500
  21.170  14.922   0.000   0.000
  21.170  15.687   0.000   0.000
  21.170  16.452   0.000   0.000
  21.170  17.218   0.000   0.000
  21.170  17.983   0.000   0.000
  21.170  18.748   0.000   0.500
  21.170  19.513   0.000   0.000
  21.170  20.278   0.000   0.000
  21.170  21.044   0.000   0.000
  21.170  21.809   0.000   0.000
  21.170  22.574   0.000   0.000
  21.170  23.339   0.000   0.000
  21.170  24.105   0.000   0.000
  21.170  24.870   0.000   0.000
  21.170  25.635   0.000   0.000
  21.170  26.400   0.000   0.167
  21.170  27.165   0.000   0.333
  21.170  27.931   0.000   0.000
  21.170  28.696   0.000   0.500
  21.170  29.461   0.000   0.000
  21.170  30.226   0.000   0.000
  21.170  30.992   0.000   0.000
  21.170  31.757   0.000   0.000
  21.170  32.522   0.000   0.333
  21.170  33.287   0.000   0.000
  21.170  34.052   0.000   0.000
  21.170  34.818   0.000   0.000
  21.170  35.583   0.000   0.000
  21.170  36.348   0.000   0.500
  21.170  37.113   1.000   0.000
  21.170  37.879   0.000   0.000
  21.750   0.383   0.000   0.000
  21.750   1.148   0.000   0.000
  21.750   1.913   0.000   0.000
  21.750   2.678   0.000   0.000
  21.750   3.444   0.000   0.500
  21.750   4.209   0.333   0.000
  21.750   4.974   0.000   0.333
  21.750   5.739   0.000   0.000
  21.750   6.504   0.000   0.000
  21.750   7.270   0.000   0.000
  21.750   8.035   0.000   0.000
  21.750   8.800   0.000   0.000
  21.750   9.565   0.000   0.333
  21.750  10.331   0.000   0.500
  21.750  11.096   0.000   0.000
  21.750  11.861   0.000   0.000
  21.750  12.626   0.000   0.000
  21.750  13.391   0.000   0.000
  21.750  14.157   0.000   0.000
  21.750  14.922   0.000   0.000
  21.750  15.687   0.000   0.000
  21.750  16.452   0.000   0.000
  21.750  17.218   0.000   0.000
  21.750  17.983   0.000   0.000
  21.750  18.748   1.000   0.000
  21.750  19.513   0.000   0.000
  21.750  20.278   0.000   0.000
  21.750  21.044   0.000   0.000
  21.750  21.809   0.000   0.167
  21.750  22.574   0.000   0.333
  21.750  23.339   0.000   0.000
  21.750  24.105   0.000   0.000
  21.750  24.870   0.000   0.000
  21.750  25.635   0.000   0.000
  21.750  26.400   0.000   0.167
  21.750  27.165   0.000   0.000
  21.750  27.931   0.000   0.000
  21.750  28.696   0.000   0.000
  21.750  29.461   1.000   0.167
  21.750  30.226   0.000   0.333
  21.750  30.992   0.000   0.000
  21.750  31.757   0.000   0.000
  21.750  32.522   0.000   0.000
  21.750  33.287   0.000   0.000
  21.750  34.052   0.000   0.000
  21.750  34.818   0.000   0.000
  21.750  35.583   0.000   0.000
  21.750  36.348   0.000   0.000
  21.750  37.113   0.000   0.000
  21.750  37.879   0.000   0.167
  22.330   0.383   0.000   0.000
  22.330   1.148   0.000   0.000
  22.330   1.913   0.000   0.000
  22.330   2.678   0.000   0.000
  22.330   3.444   0.000   0.000
  22.330   4.209   0.000   0.000
  22.330   4.974   0.000   0.000
  22.330   5.739   0.000   0.000
  22.330   6.504   0.000   0.000
  22.330   7.270   0.000   0.000
  22.330   8.035   0.000   0.000
  22.330   8.800   0.000   0.000
  22.330   9.565   0.000   0.167
  22.330  10.331   0.000   0.000
  22.330  11.096   0.000   0.000
  22.330  11.861   0.000   0.000
  22.330  12.626   0.000   0.000
  22.330  13.391   0.000   0.000
  22.330  14.157   1.000   0.000
  22.330  14.922   0.000   0.500
  22.330  15.687   0.000   0.000
  22.330  16.452   0.000   0.000
  22.330  17.218   0.000   0.333
  22.330  17.983   0.000   0.000
  22.330  18.748   0.000   0.000
  22.330  19.513   0.000   0.333
  22.330  20.278   0.000   0.000
  22.330  21.044   0.000   0.167
  22.330  21.809   0.000   0.000
  22.330  22.574   0.000   0.000
  22.330  23.339   0.000   0.000
  22.330  24.105   1.000   0.333
  22.330  24.870   0.000   0.500
  22.330  25.635   0.000   0.000
  22.330  26.400   0.000   0.000
  22.330  27.165   0.000   0.000
  22.330  27.931   0.000   0.000
  22.330  28.696   0.000   0.000
  22.330  29.461   0.000   0.000
  22.330  30.226   0.000   0.000
  22.330  30.992   0.000   0.000
  22.330  31.757   0.000   0.000
  22.330  32.522   0.000   0.000
  22.330  33.287   0.000   0.000
  22.330  34.052   0.000   0.000
  22.330  34.818   0.000   0.000
  22.330  35.583   0.000   0.000
  22.330  36.348   0.000   0.000
  22.330  37.113   0.000   0.000
  22.330  37.879   0.000   0.000
  22.910   0.383   0.000   0.000
  22.910   1.148   0.000   0.000
  22.910   1.913   0.000   0.000
  22.910   2.678   0.000   0.000
  22.910   3.444   0.000   0.000
  22.910   4.209   0.000   0.000
  22.910   4.974   0.000   0.000
  22.910   5.739   0.000   0.000
  22.910   6.504   0.000   0.000
  22.910   7.270   0.000   0.000
  22.910   8.035   0.000   0.000
  22.910   8.800   0.000   0.000
  22.910   9.565   0.000   0.000
  22.910  10.331   0.000   0.000
  22.910  11.096   0.000   0.000
  22.910  11.861   0.000   0.333
  22.910  12.626   0.000   0.167
  22.910  13.391   0.000   0.000
  22.910  14.157   0.000   0.000
  22.910  14.922   0.000   0.000
  22.910  15.687   0.000   0.000
  22.910  16.452   1.000   0.000
  22.910  17.218   0.000   0.167
  22.910  17.983   0.000   0.000
  22.910  18.748   0.000   0.000
  22.910  19.513   0.000   0.167
  22.910  20.278   0.000   0.000
  22.910  21.044   0.000   0.000
  22.910  21.809   0.000   0.000
  22.910  22.574   0.000   0.000
  22.910  23.339   0.000   0.167
  22.910  24.105   0.000   0.000
  22.910  24.870   0.000   0.000
  22.910  25.635   0.000   0.000
  22.910  26.400   0.000   0.000
  22.910  27.165   0.000   0.000
  22.910  27.931   0.000   0.000
  22.910  28.696   0.000   0.000
  22.910  29.461   0.000   0.000
  22.910  30.226   0.000   0.000
  22.910  30.992   0.000   0.000
  22.910  31.757   0.000   0.000
  22.910  32.522   0.000   0.000
  22.910  33.287   0.000   0.000
  22.910  34.052   0.000   0.000
  22.910  34.818   0.000   0.000
  22.910  35.583   0.000   0.000
  22.910  36.348   0.000   0.000
  22.910  37.113   0.000   0.500
  22.910  37.879   0.000   0.000
  23.490   0.383   0.000   0.000
  23.490   1.148   0.000   0.000
  23.490   1.913   0.000   0.000
  23.490   2.678   0.000   0.000
  23.490   3.444   0.000   0.000
  23.490   4.209   0.000   0.000
  23.490   4.974   0.000   0.000
  23.490   5.739   0.000   0.000
  23.490   6.504   0.000   0.000
  23.490   7.270   0.000   0.000
  23.490   8.035   0.000   0.500
  23.490   8.800   0.000   0.000
  23.490   9.565   0.000   0.500
  23.490  10.331   0.000   0.000
  23.490  11.096   0.000   0.000
  23.490  11.861   0.000   0.000
  23.490  12.626   0.333   0.333
  23.490  13.391   0.000   0.000
  23.490  14.157   0.000   0.000
  23.490  14.922   0.000   0.000
  23.490  15.687   0.000   0.000
  23.490  16.452   0.000   0.167
  23.490  17.218   0.000   0.167
  23.490  17.983   0.000   0.000
  23.490  18.748   0.000   0.000
  23.490  19.513   0.000   0.000
  23.490  20.278   0.000   0.000
  23.490  21.044   0.000   0.000
  23.490  21.809   0.000   0.000
  23.490  22.574   0.000   0.000
  23.490  23.339   0.000   0.000
  23.490  24.105   0.000   0.000
  23.490  24.870   0.000   0.000
  23.490  25.635   0.000   0.000
  23.490  26.400   0.000   0.000
  23.490  27.165   0.000   0.333
  23.490  27.931   0.000   0.000
  23.490  28.696   0.000   0.000
  23.490  29.461   0.000   0.000
  23.490  30.226   0.000   0.000
  23.490  30.992   0.000   0.000
  23.490  31.757   0.000   0.000
  23.490  32.522   0.000   0.000
  23.490  33.287   0.000   0.000
  23.490  34.052   0.000   0.000
  23.490  34.818   0.000   0.000
  23.490  35.583   0.000   0.000
  23.490  36.348   0.000   0.000
  23.490  37.113   1.000   0.000
  23.490  37.879   0.000   0.000
  24.070   0.383   0.000   0.000
  24.070   1.148   0.000   0.000
  24.070   1.913   0.000   0.000
  24.070   2.678   0.000   0.000
  24.070   3.444   0.000   0.000
  24.070   4.209   0.000   0.000
  24.070   4.974   0.000   0.000
  24.070   5.739   0.000   0.000
  24.070   6.504   0.000   0.000
  24.070   7.270   0.000   0.000
  24.070   8.035   0.000   0.000
  24.070   8.800   1.000   0.000
  24.070   9.565   0.000   0.000
  24.070  10.331   0.000   0.000
  24.070  11.096   0.000   0.000
  24.070  11.861   0.667   0.000
  24.070  12.626   0.000   0.000
  24.070  13.391   0.000   0.000
  24.070  14.157   0.000   0.000
  24.070  14.922   0.000   0.000
  24.070  15.687   0.000   0.000
  24.070  16.452   0.000   0.167
  24.070  17.218   0.000   0.000
  24.070  17.983   0.000   0.000
  24.070  18.748   0.000   0.000
  24.070  19.513   0.000   0.000
  24.070  20.278   0.000   0.000
  24.070  21.044   0.000   0.000
  24.070  21.809   0.000   0.333
  24.070  22.574   0.000   0.000
  24.070  23.339   0.000   0.000
  24.070  24.105   0.000   0.000
  24.070  24.870   0.000   0.000
  24.070  25.635   0.000   0.000
  24.070  26.400   0.000   0.000
  24.070  27.165   0.000   0.167
  24.070  27.931   0.000   0.000
  24.070  28.696   0.000   0.000
  24.070  29.461   0.000   0.000
  24.070  30.226   0.000   0.000
  24.070  30.992   0.000   0.000
  24.070  31.757   0.000   0.000
  24.070  32.522   0.000   0.500
  24.070  33.287   1.000   0.000
  24.070  34.052   0.000   0.333
  24.070  34.818   0.000   0.000
  24.070  35.583   0.000   0.500
  24.070  36.348   0.000   0.000
  24.070  37.113   0.000   0.000
  24.070  37.879   0.000   0.500
  24.650   0.383   0.000   0.000
  24.650   1.148   0.000   0.000
  24.650   1.913   0.000   0.000
  24.650   2.678   0.000   0.000
  24.650   3.444   0.000   0.000
  24.650   4.209   0.000   0.000
  24.650   4.974   0.000   0.333
  24.650   5.739   0.000   0.000
  24.650   6.504   0.000   0.000
  24.650   7.270   0.000   0.000
  24.650   8.035   0.000   0.167
  24.650   8.800   0.000   0.000
  24.650   9.565   0.000   0.000
  24.650  10.331   0.000   0.000
  24.650  11.096   0.000   0.000
  24.650  11.861   0.000   0.333
  24.650  12.626   0.000   0.167
  24.650  13.391   0.000   0.000
  24.650  14.157   0.000   0.000
  24.650  14.922   0.000   0.000
  24.650  15.687   0.000   0.000
  24.650  16.452   0.000   0.000
  24.650  17.218   0.000   0.000
  24.650  17.983   0.000   0.000
  24.650  18.748   0.000   0.000
  24.650  19.513   0.667   0.000
  24.650  20.278   0.000   0.000
  24.650  21.044   0.000   0.000
  24.650  21.809   0.000   0.167
  24.650  22.574   0.000   0.167
  24.650  23.339   0.000   0.167
  24.650  24.105   0.000   0.000
  24.650  24.870   0.000   0.000
  24.650  25.635   0.000   0.000
  24.650  26.400   0.000   0.000
  24.650  27.165   0.000   0.000
  24.650  27.931   1.000   0.000
  24.650  28.696   0.000   0.000
  24.650  29.461   0.000   0.667
  24.650  30.226   0.333   0.000
  24.650  30.992   0.000   0.000
  24.650  31.757   0.000   0.000
  24.650  32.522   0.000   0.000
  24.650  33.287   0.000   0.167
  24.650  34.052   0.000   0.000
  24.650  34.818   0.000   0.000
  24.650  35.583   0.000   0.000
  24.650  36.348   0.000   0.000
  24.650  37.113   0.000   0.000
  24.650  37.879   0.000   0.000
  25.230   0.383   0.000   0.000
  25.230   1.148   1.000   0.000
  25.230   1.913   0.000   0.500
  25.230   2.678   0.000   0.000
  25.230   3.444   0.667   0.000
  25.230   4.209   0.000   0.333
  25.230   4.974   0.000   0.000
  25.230   5.739   0.000   0.000
  25.230   6.504   0.000   0.000
  25.230   7.270   0.000   0.000
  25.230   8.035   0.000   0.000
  25.230   8.800   0.000   0.167
  25.230   9.565   0.000   0.000
  25.230  10.331   0.000   0.000
  25.230  11.096   0.000   0.000
  25.230  11.861   0.000   0.000
  25.230  12.626   0.000   0.000
  25.230  13.391   0.000   0.000
  25.230  14.157   0.000   0.000
  25.230  14.922   0.000   0.167
  25.230  15.687   0.000   0.000
  25.230  16.452   0.000   0.000
  25.230  17.218   0.000   0.000
  25.230  17.983   0.000   0.000
  25.230  18.748   0.000   0.000
  25.230  19.513   0.000   0.333
  25.230  20.278   0.000   0.000
  25.230  21.044   0.000   0.167
  25.230  21.809   0.000   0.000
  25.230  22.574   0.000   0.000
  25.230  23.339   0.000   0.167
  25.230  24.105   0.000   0.000
  25.230  24.870   0.000   0.000
  25.230  25.635   0.000   0.000
  25.230  26.400   0.000   0.000
  25.230  27.165   0.000   0.500
  25.230  27.931   0.000   0.000
  25.230  28.696   0.000   0.000
  25.230  29.461   0.000   0.000
  25.230  30.226   0.333   0.000
  25.230  30.992   0.333   0.000
  25.230  31.757   0.000   0.000
  25.230  32.522   0.000   0.000
  25.230  33.287   0.000   0.167
  25.230  34.052   0.000   0.000
  25.230  34.818   0.000   0.000
  25.230  35.583   0.000   0.000
  25.230  36.348   0.000   0.000
  25.230  37.113   0.000   0.000
  25.230  37.879   0.000   0.000
  25.810   0.383   0.000   0.167
  25.810   1.148   0.000   0.000
  25.810   1.913   0.000   0.000
  25.810   2.678   0.000   0.000
  25.810   3.444   0.000   0.000
  25.810   4.209   0.000   0.167
  25.810   4.974   0.000   0.000
  25.810   5.739   0.000   0.000
  25.810   6.504   0.000   0.000
  25.810   7.270   0.000   0.000
  25.810   8.035   0.000   0.000
  25.810   8.800   0.000   0.000
  25.810   9.565   0.000   0.000
  25.810  10.331   0.000   0.000
  25.810  11.096   0.000   0.000
  25.810  11.861   0.000   0.000
  25.810  12.626   0.000   0.000
  25.810  13.391   0.000   0.000
  25.810  14.157   0.000   0.167
  25.810  14.922   0.000   0.000
  25.810  15.687   0.000   0.000
  25.810  16.452   0.000   0.000
  25.810  17.218   0.000   0.000
  25.810  17.983   0.000   0.000
  25.810  18.748   0.000   0.000
  25.810  19.513   0.000   0.167
  25.810  20.278   0.000   0.000
  25.810  21.044   0.000   0.333
  25.810  21.809   0.000   0.000
  25.810  22.574   0.000   0.000
  25.810  23.339   0.000   0.000
  25.810  24.105   0.000   0.000
  25.810  24.870   0.000   0.000
  25.810  25.635   0.000   0.000
  25.810  26.400   0.000   0.000
  25.810  27.165   0.000   0.000
  25.810  27.931   0.000   0.000
  25.810  28.696   0.000   0.000
  25.810  29.461   0.000   0.000
  25.810  30.226   0.000   0.167
  25.810  30.992   0.000   0.333
  25.810  31.757   0.000   0.000
  25.810  32.522   0.000   0.000
  25.810  33.287   0.000   0.333
  25.810  34.052   0.000   0.000
  25.810  34.818   0.000   0.167
  25.810  35.583   0.000   0.333
  25.810  36.348   0.000   0.000
  25.810  37.113   0.000   0.000
  25.810  37.879   0.000   0.000
  26.390   0.383   0.000   0.333
  26.390   1.148   0.000   0.333
  26.390   1.913   0.000   0.000
  26.390   2.678   0.000   0.000
  26.390   3.444   0.000   0.167
  26.390   4.209   0.000   0.333
  26.390   4.974   0.000   0.000
  26.390   5.739   0.000   0.000
  26.390   6.504   0.000   0.000
  26.390   7.270   0.000   0.000
  26.390   8.035   0.000   0.000
  26.390   8.800   0.000   0.000
  26.390   9.565   0.000   0.000
  26.390  10.331   0.000   0.000
  26.390  11.096   0.000   0.000
  26.390  11.861   0.000   0.000
  26.390  12.626   0.667   0.000
  26.390  13.391   0.000   0.333
  26.390  14.157   0.000   0.000
  26.390  14.922   0.000   0.000
  26.390  15.687   0.000   0.000
  26.390  16.452   0.000   0.000
  26.390  17.218   0.000   0.000
  26.390  17.983   0.000   0.000
  26.390  18.748   0.000   0.500
  26.390  19.513   0.000   0.000
  26.390  20.278   0.000   0.000
  26.390  21.044   0.333   0.000
  26.390  21.809   0.667   0.000
  26.390  22.574   0.000   0.000
  26.390  23.339   0.000   0.500
  26.390  24.105   1.000   0.167
  26.390  24.870   0.000   0.000
  26.390  25.635   0.000   0.500
  26.390  26.400   0.000   0.000
  26.390  27.165   0.000   0.167
  26.390  27.931   0.000   0.333
  26.390  28.696   0.000   0.000
  26.390  29.461   0.000   0.000
  26.390  30.226   0.000   0.000
  26.390  30.992   0.000   0.000
  26.390  31.757   0.000   0.000
  26.390  32.522   0.000   0.000
  26.390  33.287   0.000   0.000
  26.390  34.052   0.000   0.000
  26.390  34.818   0.000   0.333
  26.390  35.583   1.000   0.000
  26.390  36.348   0.000   0.000
  26.390  37.113   0.000   0.000
  26.390  37.879   0.000   0.167
  26.970   0.383   0.000   0.000
  26.970   1.148   0.000   0.000
  26.970   1.913   0.000   0.000
  26.970   2.678   0.000   0.000
  26.970   3.444   0.000   0.000
  26.970   4.209   0.000   0.000
  26.970   4.974   0.000   0.000
  26.970   5.739   0.000   0.167
  26.970   6.504   0.000   0.333
  26.970   7.270   0.000   0.000
  26.970   8.035   0.000   0.000
  26.970   8.800   0.000   0.000
  26.970   9.565   0.000   0.000
  26.970  10.331   0.000   0.000
  26.970  11.096   0.000   0.000
  26.970  11.861   0.000   0.833
  26.970  12.626   0.333   0.167
  26.970  13.391   0.000   0.000
  26.970  14.157   0.000   0.000
  26.970  14.922   0.000   0.000
  26.970  15.687   0.000   0.000
  26.970  16.452   0.000   0.000
  26.970  17.218   0.000   0.000
  26.970  17.983   0.000   0.000
  26.970  18.748   0.000   0.000
  26.970  19.513   0.000   0.000
  26.970  20.278   0.000   0.000
  26.970  21.044   0.000   0.500
  26.970  21.809   0.000   0.000
  26.970  22.574   0.000   0.000
  26.970  23.339   0.000   0.000
  26.970  24.105   0.000   0.333
  26.970  24.870   0.000   0.000
  26.970  25.635   0.000   0.000
  26.970  26.400   0.000   0.000
  26.970  27.165   0.000   0.000
  26.970  27.931   0.000   0.000
  26.970  28.696   0.000   0.000
  26.970  29.461   0.000   0.000
  26.970  30.226   0.000   0.000
  26.970  30.992   0.000   0.000
  26.970  31.757   0.000   0.000
  26.970  32.522   0.000   0.000
  26.970  33.287   0.000   0.000
  26.970  34.052   0.000   0.000
  26.970  34.818   0.000   0.167
  26.970  35.583   0.000   0.000
  26.970  36.348   0.000   0.000
  26.970  37.113   0.000   0.000
  26.970  37.879   0.000   0.000
  27.550   0.383   0.000   0.000
  27.550   1.148   0.000   0.000
  27.550   1.913   0.000   0.000
  27.550   2.678   0.000   0.000
  27.550   3.444   0.000   0.000
  27.550   4.209   0.000   0.000
  27.550   4.974   0.000   0.000
  27.550   5.739   0.667   0.000
  27.550   6.504   0.333   0.000
  27.550   7.270   0.000   0.000
  27.550   8.035   0.000   0.000
  27.550   8.800   0.000   0.000
  27.550   9.565   0.000   0.167
  27.550  10.331   0.000   0.000
  27.550  11.096   0.000   0.000
  27.550  11.861   0.000   0.000
  27.550  12.626   0.000   0.000
  27.550  13.391   0.000   0.000
  27.550  14.157   0.000   0.000
  27.550  14.922   0.000   0.000
  27.550  15.687   0.000   0.000
  27.550  16.452   0.000   0.000
  27.550  17.218   0.000   0.000
  27.550  17.983   0.333   0.333
  27.550  18.748   0.667   0.000
  27.550  19.513   0.000   0.000
  27.550  20.278   0.000   0.000
  27.550  21.044   0.000   0.000
  27.550  21.809   0.000   0.000
  27.550  22.574   0.000   0.000
  27.550  23.339   0.000   0.000
  27.550  24.105   0.000   0.000
  27.550  24.870   0.000   0.000
  27.550  25.635   0.000   0.000
  27.550  26.400   0.000   0.167
  27.550  27.165   0.000   0.333
  27.550  27.931   0.000   0.333
  27.550  28.696   0.000   0.000
  27.550  29.461   0.000   0.000
  27.550  30.226   0.000   0.000
  27.550  30.992   0.000   0.000
  27.550  31.757   0.000   0.000
  27.550  32.522   0.000   0.000
  27.550  33.287   0.000   0.000
  27.550  34.052   0.000   0.000
  27.550  34.818   0.000   0.000
  27.550  35.583   0.000   0.000
  27.550  36.348   0.000   0.000
  27.550  37.113   0.000   0.000
  27.550  37.879   0.000   0.000
  28.130   0.383   0.000   0.333
  28.130   1.148   0.000   0.500
  28.130   1.913   0.333   0.000
  28.130   2.678   0.000   0.333
  28.130   3.444   0.000   0.000
  28.130   4.209   0.000   0.333
  28.130   4.974   0.000   0.000
  28.130   5.739   0.000   0.000
  28.130   6.504   0.000   0.000
  28.130   7.270   0.000   0.000
  28.130   8.035   0.000   0.000
  28.130   8.800   0.000   0.000
  28.130   9.565   1.000   0.333
  28.130  10.331   0.000   0.000
  28.130  11.096   0.000   0.000
  28.130  11.861   0.000   0.000
  28.130  12.626   0.000   0.000
  28.130  13.391   0.000   0.000
  28.130  14.157   0.000   0.333
  28.130  14.922   0.000   0.000
  28.130  15.687   0.000   0.000
  28.130  16.452   0.000   0.000
  28.130  17.218   0.000   0.167
  28.130  17.983   0.000   0.000
  28.130  18.748   0.000   0.167
  28.130  19.513   0.000   0.333
  28.130  20.278   0.000   0.000
  28.130  21.044   0.000   0.000
  28.130  21.809   0.000   0.000
  28.130  22.574   0.000   0.000
  28.130  23.339   0.000   0.000
  28.130  24.105   0.000   0.000
  28.130  24.870   0.000   0.000
  28.130  25.635   0.000   0.000
  28.130  26.400   0.000   0.000
  28.130  27.165   0.000   0.000
  28.130  27.931   0.000   0.167
  28.130  28.696   0.000   0.000
  28.130  29.461   0.000   0.000
  28.130  30.226   0.000   0.000
  28.130  30.992   0.000   0.000
  28.130  31.757   0.000   0.000
  28.130  32.522   0.000   0.500
  28.130  33.287   0.000   0.000
  28.130  34.052   0.000   0.000
  28.130  34.818   0.000   0.000
  28.130  35.583   0.000   0.000
  28.130  36.348   0.000   0.667
  28.130  37.113   0.000   0.167
  28.130  37.879   0.000   0.167
  28.710   0.383   0.000   0.000
  28.710   1.148   0.000   0.000
  28.710   1.913   0.667   0.000
  28.710   2.678   0.000   0.000
  28.710   3.444   0.000   0.000
  28.710   4.209   0.000   0.167
  28.710   4.974   0.000   0.000
  28.710   5.739   0.000   0.000
  28.710   6.504   0.000   0.500
  28.710   7.270   0.000   0.000
  28.710   8.035   0.000   0.000
  28.710   8.800   0.000   0.000
  28.710   9.565   0.000   0.000
  28.710  10.331   0.000   0.000
  28.710  11.096   0.000   0.000
  28.710  11.861   0.000   0.000
  28.710  12.626   0.000   0.000
  28.710  13.391   0.000   0.000
  28.710  14.157   0.000   0.167
  28.710  14.922   0.000   0.000
  28.710  15.687   0.000   0.000
  28.710  16.452   1.000   0.000
  28.710  17.218   0.000   0.000
  28.710  17.983   0.000   0.000
  28.710  18.748   0.000   0.000
  28.710  19.513   0.000   0.000
  28.710  20.278   0.000   0.000
  28.710  21.044   0.000   0.000
  28.710  21.809   0.000   0.000
  28.710  22.574   0.000   0.000
  28.710  23.339   0.000   0.000
  28.710  24.105   0.000   0.000
  28.710  24.870   0.000   0.000
  28.710  25.635   0.000   0.000
  28.710  26.400   0.000   0.000
  28.710  27.165   0.333   0.000
  28.710  27.931   0.000   0.000
  28.710  28.696   0.000   0.000
  28.710  29.461   0.000   0.000
  28.710  30.226   0.000   0.000
  28.710  30.992   0.000   0.000
  28.710  31.757   0.000   0.000
  28.710  32.522   1.000   0.500
  28.710  33.287   0.000   0.000
  28.710  34.052   0.000   0.000
  28.710  34.818   0.000   0.000
  28.710  35.583   0.000   0.000
  28.710  36.348   0.000   0.167
  28.710  37.113   1.000   0.000
  28.710  37.879   0.000   0.000
 Bulk (1) O-water                        
 Bulk (1) H-water                        
Bulk (1) O-water                        
Bulk (1) H-water                        
