POD_coefficients: 170
-1.2728244320560913039
-4.0373625038745943883
4.5495867487216514746
13.614423599649477126
-0.89147977049934601368
3.8195245550062981721
5.0687508759256152402
0.21144349073076584844
0.60808850620247545393
-0.65107855563825145495
0.035558187370055949206
-0.051826547665524906605
0.42423513333451501328
0.35372112377306313968
0.23396597861623957826
-0.47483836507059212773
-0.1699894187477798968
-0.1529756628557650544
0.15594453633102955958
0.1278111274276027276
31.034640353378758704
-40.752669851638970044
-52.488244487967378404
-176.78231052934776812
-17.40994809745499694
-14.894950049072825493
35.164463369595964082
-96.153988832096942474
-54.939695603307107774
-217.40231274661863381
-44.736614967072320326
24.876065538870484772
-19.095631708641359836
-58.771193316653700833
-62.10119686511985293
-208.9940929208587761
-46.966318916943386341
39.991332425043609078
25.901660495554217789
-55.111961783803863568
1.0546282918432963172
-57.624097849506995317
-7.5657151803912086052
35.629349215369778392
30.02272264646158817
-25.821478089379105825
22.778542830754588522
-11.670633539301043413
7.7970005667146171646
-3.140237748715579702
-6.6529951480315450141
8.097016255973898069
12.663910534765678406
23.659133332261443883
0.5626862390779721057
2.6776536487952720123
-8.4518837059956428703
15.586357406883658783
17.443715643582379471
30.277584584610433893
3.401976019685356345
-6.4377038104248072159
-5.3876948035422689287
10.716739535697499264
13.798709626071614665
25.341853674089957593
5.6164674246399606261
-6.8598604566069099064
-6.5886117874484053658
9.0848229421102821846
2.2674189226507577288
7.033256815477511914
0.3402097052428815771
-5.3422686084456616484
-6.0686510882511086606
5.0533393931324690485
-2.2391974030388164252
1.1237418460707901957
-1.1352577853945917674
-0.088365512650422209373
1.2172448122598804598
-0.82143640669193640491
-0.092731852588380972446
0.58690551815189773155
0.64582609299215532062
-0.95557852377801100197
1.4217738358585887415
-1.0973057582584426761
0.1171120878300539736
0.99502296677758728105
0.99603896038230954613
-0.2577141816585153955
2.895114981241657226
-1.0060524900430609652
0.71530030634734875772
1.174700500120013702
0.44164471312894010291
-0.34520342637427603449
0.83900032777830002573
-0.5579359886830028703
0.63347501235884706716
0.45096911862409044813
0.30090171808183691082
0.068185697858162003238
0.77551990447823804242
-0.55873130572162454932
0.40415193183441849856
0.182451792482184183
-0.0051205948495868149756
0.15832766699487879625
-0.34380619017716929076
0.13689614546411721374
0.09978255893531999543
0.15174730133720948366
-0.035198247221096691517
0.13621349217442568769
-0.35540006407474677985
0.24941105725318596376
0.12590896651723063049
0.35939189630655232754
-0.02232263643465424649
-0.11882857488304812699
-0.55512336959060548658
0.16781903376497112057
0.077105615763564130938
0.1544359087195657787
0.061039876713508238459
-0.0044305577340684222654
-0.14237922877479933237
0.13740684261758154272
-0.034824971693850952092
0.18722661718478081361
0.0023556466864857678392
-0.16788896975440054105
-0.13189392769773841674
0.057367368243765308466
0.065328641656530073156
0.057621747033497337787
0.037164373080443839636
-0.056850461631823182018
0.04948019037650162183
-0.061092407644847739057
0.16820046975691435587
-0.043836022453364639762
0.072615854050645453621
0.01148878329311924483
-0.048140564805088416345
-0.18266888813887008358
0.26134650991134927844
-0.10483818658918467315
0.0048106216629532185317
0.19056907312659063236
0.059760693059108929703
-0.11343527402159027384
0.26005421458561717163
-0.051976579338856118695
0.076158155091387111368
0.048710805011934532605
-0.056860263856868521748
-0.072284883029027413581
0.16571261520992972005
-0.14450928580314223448
0.0040185267386186641903
0.13224532160058574681
-0.03092245775674752617
-0.056495281460127250162
0.068512404551108463391
-0.001895507962521842879
0.0076399773452468415849
0.088817704503246483472
