#! FIELDS time dd
 0.000000 5.985554
 0.002000 6.002880
 0.004000 6.022015
 0.006000 6.029922
 0.008000 6.020103
 0.010000 5.996906
 0.012000 5.972734
 0.014000 5.960079
 0.016000 5.963714
 0.018000 5.978140
 0.020000 5.991813
 0.022000 5.995155
 0.024000 5.987021
 0.026000 5.975340
 0.028000 5.971456
 0.030000 5.981945
 0.032000 6.003550
 0.034000 6.024743
 0.036000 6.032990
 0.038000 6.022936
 0.040000 6.000131
 0.042000 5.977800
 0.044000 5.968692
 0.046000 5.977224
 0.048000 5.996934
 0.050000 6.014800
 0.052000 6.019586
 0.054000 6.008803
 0.056000 5.989809
 0.058000 5.974484
 0.060000 5.971140
 0.062000 5.979074
 0.064000 5.989379
 0.066000 5.991356
 0.068000 5.980176
 0.070000 5.960625
 0.072000 5.944401
 0.074000 5.942614
 0.076000 5.958402
 0.078000 5.984574
 0.080000 6.007964
 0.082000 6.017667
 0.084000 6.011795
 0.086000 5.998304
 0.088000 5.989405
 0.090000 5.993275
 0.092000 6.008545
 0.094000 6.025183
 0.096000 6.031186
 0.098000 6.020651
 0.100000 5.997952
 0.102000 5.975230
 0.104000 5.964757
 0.106000 5.971150
 0.108000 5.988568
 0.110000 6.004676
 0.112000 6.008731
 0.114000 5.998481
 0.116000 5.981406
 0.118000 5.969615
 0.120000 5.971827
 0.122000 5.987658
 0.124000 6.007888
 0.126000 6.020477
 0.128000 6.018377
 0.130000 6.004046
 0.132000 5.987682
 0.134000 5.980338
 0.136000 5.986534
 0.138000 6.001303
 0.140000 6.013589
 0.142000 6.013717
 0.144000 6.000028
 0.146000 5.980283
 0.148000 5.966836
 0.150000 5.968670
 0.152000 5.985459
 0.154000 6.007612
 0.156000 6.022374
 0.158000 6.022034
 0.160000 6.008851
 0.162000 5.993355
 0.164000 5.987212
 0.166000 5.995452
 0.168000 6.013111
 0.170000 6.028386
 0.172000 6.030387
 0.174000 6.016468
 0.176000 5.994191
 0.178000 5.976616
 0.180000 5.973983
 0.182000 5.987185
 0.184000 6.007275
 0.186000 6.021338
 0.188000 6.020837
 0.190000 6.006955
 0.192000 5.989433
 0.194000 5.979796
 0.196000 5.983601
 0.198000 5.996921
 0.200000 6.009310
 0.202000 6.011114
