POD_coefficients: 3350
3.7636149499311049027
-4.4829234026312692052
-37.505074463495404302
13.97660274412420911
-0.45414249759199082357
-17.950983814251777915
9.9812249771318359848
4.1464253076123522845
-2.8036038939862737429
1.2752981321382586
4.1185020704312291784
0.46054811323874966789
-0.23067488357232199259
-1.3264708557230633357
-0.24702289761738163709
-0.23045376434943523614
-0.5643525218520794029
0.12894288582984994584
0.11439750159408840213
0.44261556385034356298
31.442566826104769717
34.972791600409856017
-71.897935868306873886
57.271623126011604654
62.969842854462896753
64.7114830911956318
211.62943104904755387
-21.195872923813723787
-109.07885474032194395
86.565162289554024255
62.298927101804963513
4.437287275043566126
216.13693093160787839
50.977964834386320092
-58.623660006390394983
46.43998721227174542
65.162897010709585288
59.867194115605599336
138.95275543463287704
14.571657685100769086
-30.888674463413494209
91.290909157837134558
7.4726144314550921877
51.501050200206194063
122.04408020193982054
1.4710293953567326053
-54.975480272942242266
4.7541785522483683835
-47.063339912619348127
-22.011568056166591845
-7.4054084502450781002
-5.4871139973897999909
12.874801268177220592
-12.816647642184472389
-9.0901375166572613296
-10.070313281165574892
-33.468153282917121771
0.22723986439496665635
15.466260060196816539
-23.446984711119373657
-10.491390260622461383
-0.46883974162325042778
-43.236514992836845295
-10.432468361882213159
7.4624157265516144477
-13.198366127209615328
-8.6739433633027012149
-16.991440262686282381
-31.837244247243564388
-3.1416173421638888819
2.4402454119889922524
-14.597490599846887349
-0.85769098284526779086
-11.390300996859124893
-29.846135939792674208
-1.4457751279943817924
7.2889613945331417355
-2.2254677402713629597
6.706735904596734521
-0.50132312096562114956
1.2630434614025674023
0.61721544532425598462
-0.078813619579626820189
1.8942216262656397241
-0.3317794119004230935
-0.6263228516076213559
1.4705294731581723955
0.67585776012147746883
0.98855246828698573047
3.2359202491261185308
0.71223125686479704655
-0.86744038042301663261
3.4566312484076862077
1.563431133415897234
0.86150435290752036543
1.6904476840416629013
-0.83958849375426447548
1.0541821340208501478
2.9977617402560863269
0.71140953926275118935
0.62792321052993582686
0.59728898204450930898
-0.47885801384634529843
0.94981768193264348721
2.8016967038086990627
0.48986040318031998098
0.10292691406846192492
0.27332616953735472398
-0.28204567732598256891
1.0106771278036297268
-0.0067737714632033858494
-0.032788812144702104978
0.044196075275935151061
0.037379071498646054827
0.067804247489600413812
0.00060892688618099108724
-0.31784362888891876109
-0.026629712914490556025
-0.107452064049477089
0.22667097056241411468
-0.24432014148787362107
0.15362063306364678872
-0.279320786580631919
-0.1121405187278072535
-0.082126551260633867679
0.057647900386370264092
0.021975143421987499565
-0.24757801070601057059
-0.28057348486684985378
-0.040694689836903288893
0.030100261677696825424
0.11676834151856783917
0.060608414703004730162
-0.13960814158839035537
-0.24187053558285387389
-0.01016629679789932128
-0.028995838660814381854
0.0057187590134172624351
0.030971297033130288506
-0.20701721847100679197
-0.00056325624250907720732
0.015690251460504046899
0.0987921133282268632
-0.033675659254772130624
-0.058335620864891787885
0.0022281277487791917476
0.18465328027040386893
0.05608958494963942748
0.2343270008535890403
0.088616618125067533884
0.038710752328558618862
-0.14515036697093106066
0.03234921919722131417
0.079562365189499537066
0.17939571881758750727
0.021583991705508245862
-0.043704667100331398566
0.1218524915463262831
0.04293546322220768291
0.022577783991361673882
-0.077661366472564996588
0.092075342253276099003
-0.044244864564634299453
0.037793255250544055546
0.038175106534561707716
-0.0022191376288769612893
0.087930501432529575845
-0.083967988408327975947
0.0042825896339053586004
0.10719131575619811336
0.086616997644789084365
0.29122080472484518365
-1.8243258582658412603
-0.2862989338559511765
-1.0673079808069971808
0.22683611069234269064
-0.52267039674510651359
-0.20305620949244676532
0.54522725020148754549
-0.35704850472860444333
-0.13905259693768479146
-1.182485278278353702
0.82320952962724280866
-0.35140409779067743878
-0.48707504190747880068
0.28528406225222457948
0.34195241027226452868
-0.40143903438750688784
-0.30161486672208381865
0.31206813406394090515
-0.6873901984341134197
-0.11071619327076596961
0.19453790092505274245
-0.13723178783758827048
0.40935385729667361776
0.34096554795663025494
-0.28688398353035604593
0.076877231364399598035
-0.30909776553254220133
-0.19254528332189393969
-0.029020436448181946565
0.19592995832167106607
-0.17787654086829654543
0.18814750669214724832
0.65195264207963754544
0.095293737796967925568
-0.052456953751850304846
0.046484186751318365416
0.49150086961195821322
0.075790071225479704875
-0.16508727203835532604
-0.30581261212374255543
0.073840311108194167655
-0.096073394394081648717
0.73362155832253039822
0.32344099364365519467
0.47332959956772618915
-0.18407312552075713596
-0.20907714547746852896
-0.22846722984682341084
0.098510788726577966368
0.72197769089196850434
0.38239662189759071609
-0.11056754632753966472
0.028073740517198790545
0.028217522096549475102
0.27782119065475191499
0.034757618196661274612
-0.38705650324349399893
-0.042409047918833805979
-0.018908498707317030613
-0.090663284643213576386
-0.88039980101997472595
0.21750007281505906453
-0.77724810012117628855
0.26081582540890485555
-0.14877058783845795165
0.33579467895827042057
0.15875089050108964761
0.27341207390438970748
-0.5172135943236220168
-0.67402957099943983099
-0.37945643878447388175
0.22829923961593126536
0.36554195896140107003
0.72992511886067756866
-0.016761503713029993201
-0.12270313898722853829
-0.081858796056833493804
-0.17154054639046903419
0.047135836995975601005
-0.026343804074256498698
0.65580520861629765239
0.16088373236821063017
0.017275346498871569506
0.54090150763571687165
0.1688100081390795093
0.30668179020414754188
-0.17597406931248688045
-0.09114762881095937741
-0.0025047255855897084149
-0.31455502368884163955
0.32716394080602195782
-0.31691581273758329118
0.30810028085982738011
0.223384286153826217
-0.58887348719589938106
-0.044712208205375560122
0.21807169705277873462
-0.50584158459074524128
-0.64719369897234368949
-0.43314168617920273396
-0.63280069320375076369
-0.042563281996147173114
0.82384544142532567523
0.31433632821530405055
-0.28622024761443065621
-0.34126897828812086111
0.047605957100331539045
0.12477097484629071089
-0.23506772372114509428
0.49437147588872404347
0.42214762836582520045
-0.22099015218016901385
-0.11876739990557058646
-0.046976510556637395
-0.14323037300543459138
0.062985976780974811673
-0.068378158506180203302
0.1077403369782401199
-0.018913655706673571794
0.17848131484710474948
-1.7224452458759078599
-0.62897586338646038762
-0.93489016223486465229
0.26056627611825211588
0.40456508340854357986
-0.54616757550422978529
0.50157247932730952833
0.50731838221689884438
-0.17266119979266153495
-0.18154724572609770572
0.27766481806472770311
-0.55756712590834767163
-0.27744614991783694835
0.094319996962470606383
0.13130218076851091213
-0.32388292584773081817
-0.27157648109817383864
-0.10062596724265608639
-0.26658134098560481995
-0.096235367634772403522
0.067267816300394633888
0.20522607322805813679
0.13266351482790736394
0.030830259052429934141
-0.049624927380614455852
-0.25374078072792638494
0.0010054566537125708952
0.1583489896923317708
-0.0025139093374735195507
0.039527501791830760292
0.39345747538016684341
0.47331497882223244611
0.37903880427021124921
0.17771365081460102631
-0.079499645440508290295
0.13058281977749910951
1.1796086917329497989
-0.46410069427109712503
-0.158193131609871529
-0.36259048104567559445
0.066909169688129835341
0.32442964590133266389
0.91224407058206413712
0.25695434317842352767
0.084056871340992864172
-0.19719184926179936235
0.11178379170832572487
0.042390667065209913789
0.21215536529580952818
1.3387949348238081804
-0.25259433801013597698
0.13074060135394194315
0.099493664695979186496
-0.06497395400005219479
0.23847138501294778967
0.29157413300110479604
0.27137581076838962479
-0.25123266618648848469
-0.044567704806879118729
-0.07947590364062163959
-0.59092032098490554493
0.36217609945900514079
0.47181687295268820437
0.071102170759443181214
0.70940764988302884575
0.33608028627374236796
0.26167262814788466718
0.32633412712048931459
0.084649309480135936923
-0.33102184030276771143
-0.044388026770994626347
0.26803984258920476869
0.59479719921249163406
0.24113292284095616536
0.27958523915855504338
-0.31512896504782933471
-0.004604576501762493515
-0.084384090524553270751
0.10455522474091469287
0.72962068255600132094
-0.32419532621387031623
-0.10637596377389720026
-0.18795935679463182666
0.018506745573367899826
0.042739953945374199729
-0.29597867262184812676
-0.019793390676928351163
-0.083734019963908654094
0.053112391106515839667
-0.091402122112524047948
0.6013915778147340685
-0.24693959129155604315
1.1133147653364658947
0.27490488785061678589
0.3482952246854374434
0.0097861394235057557606
0.15454452350875924616
0.53927293453891589348
0.65813853595886673276
0.23351443987112233125
-0.093624980193847115451
-0.32402616075500845216
-0.36589903002352669459
0.070605618337047523769
-0.010684925270720327731
0.14366871694334440446
-0.007454034230773932089
-0.013358685693807702613
0.043784373918893622346
0.58952728902036899417
0.077986226619466469945
-0.039046927822540676567
-0.17920215980912260201
-0.11382335489547336371
-0.03846624019940840522
0.16722490171418760707
0.0091608576733516900586
0.052082643978766871018
-0.006286794021709343587
0.44306644437644415735
0.57823006983892499822
-0.12045551040754542971
0.55436729470001944176
-0.25861638898009220444
-0.025280245036234084977
0.3868484922520925573
-0.45918761181529199611
-0.2240430190613432182
0.27019122781209004014
-0.18307989296938345647
0.30039734690739605671
0.24495587345060895745
-0.36020101141384902599
-0.18075372837309405805
0.94062462416031866752
0.049611882014543876029
-0.24541926587940854354
0.20734999104864126895
-0.095159415033978803078
-0.25479148981559057718
-0.5355402418183006219
0.016468225355298928697
-0.30520012848578398357
0.20351296350274150626
-0.0602590936795105378
-0.26770116743421878969
-0.34330557298288066903
-0.041324561393731855385
-0.063810913647009748217
0.79450983597132962544
0.29743488268995882384
0.55961352253705076709
0.79998280933626930711
0.39949852641389671515
-0.48513946464496388034
0.55621824828544175201
0.00041746540090461641817
0.62619224747607982184
0.044448743275639343575
-0.044069802562051826889
0.28478677776589367276
-0.032362444394589948149
0.35411736719652786576
-0.4594712249076614019
-0.15202234713316173376
0.027289727468907270386
-0.1435254135733221581
0.033114002666917836948
0.056811113667679012662
0.42236164269541159877
-0.099486142980481612197
0.26660647425479239159
0.20846722121720998033
0.36981638122555526849
0.03713906032298915777
-0.5441355055063347157
-0.13231154873095346547
0.034605168761549461032
-0.040467988390343899441
0.15257070066323791258
0.35749078597724315287
-0.014441788718373546954
-0.1038492164027056408
-0.34117025079808838139
-0.092972783344616685697
-0.12817521807315812588
-1.1310110555473094074
-0.66679082938520650714
0.45383322076372145659
-0.12214243890796072645
-0.090025854513025485582
-0.036013546027815444839
-1.0722017086511757
-0.33299248299594358391
0.45635280893157514903
-0.13598526671760852169
-0.11449139881882065828
0.099351120777640591908
0.083282301209439510425
-0.025393425990812703436
0.11102938264428056925
0.36130830449017620198
-0.12310671017786280201
0.10979603497387128985
0.18756954933222150239
0.34185522989994926446
0.19858943948027277249
0.034085227691454320076
0.025650225598568651697
-0.81171246961943921416
0.40966320061000321973
0.015559137540170457636
0.46102911887813941005
-0.0051831419778060423484
-0.17167423007527618517
-0.16266786169483934965
0.70922333923635083597
-0.13908384702860174253
-0.17721573480063773642
-0.54859541092253949479
0.335612045530274683
0.32066286486732209493
1.2417750339086781608
-0.29127170102350230518
-0.070488302571611691216
-0.66864153945402549084
-0.026432797246585568868
0.21343154347039805518
0.071219088978776531884
0.72372446584351590726
-0.45982996126254033209
-0.29745824232481010707
-0.32916288096548423914
0.080520311316979870098
-0.025716277960409605202
-0.22239748807810350018
-0.0029497736658071205262
0.66616783590712946861
-0.040576670919721301301
0.13540403286898256008
0.18905904913646590093
-0.19078087100261148512
-0.035163290695095134053
-0.34341388207721046388
0.16268451650639612072
0.25503707022638616442
0.3154787580461260732
-0.084986501655470295113
-0.44759314812265815764
-0.21181127670906102489
0.01224694139884807513
-0.14501691679815600922
-0.19882152676882428044
-0.11916170887924967814
-0.78959283195718621418
-0.2818149479102727839
0.062738863986504828096
-0.068315830676428906942
-0.32105479362133332311
0.020042664670942383215
0.0094843602406329517718
-0.036551594698468907463
-0.2717717012431923318
0.19948413759046393356
-0.29628768633362428941
0.016819999982588079018
0.14255304294188353431
0.13017871856406645903
0.025668730529335208324
0.71018960128792407716
-0.094647222220344245924
0.41995834075263821505
-1.160262979782759718
-0.0042324565399864946466
-1.0363667461175125606
0.56832461423373914489
-0.30354607624314150494
-0.59591467968239342223
-1.2539340858799412626
-0.97337053667344863861
-0.25121177895036733707
-0.19389530277052569041
-0.087947226660862853898
-0.49606677697916040648
-0.063518198517015303506
-1.3123731554975646141
-0.24286052731257837256
-0.51876787034280735789
0.25415088392405210671
0.45799679299458051496
-0.10647672348785604257
-0.066685735655668376687
-0.8123373993125199144
-0.22460324264544653805
0.0078343966804137413901
0.2443467194272898324
0.062921675076833133433
-0.83389796354907463893
-0.0094434238145822170518
-0.068134994821629726869
-0.22774510051456373083
0.29319919534648686277
-0.0016177621473174520934
0.050678361562447517275
-0.36121606442179088337
0.11049124620434551403
-0.47984558257590470554
-0.16818677270083448594
-0.53380526039431464014
-0.3191362302684669916
-0.2833622226070480199
0.16729969797477231563
0.28099108376183457025
-0.19797995762423120647
-0.034844268725674164278
-0.63925414273035885415
-0.040279288319904536786
-0.029434443174583352354
0.51067898564859426358
0.62949642979935871434
-0.071628456896140252352
-0.13665109609296072213
-0.13581572950853793014
-0.1282055412501587055
0.20705145533079594156
0.10209463522766201726
0.13902795945611234885
-0.073431661054003616318
0.021052554682273544318
-0.86697565654715413874
-0.18025035249396184622
0.021381796288268046374
-0.7553937249155887601
0.04189937956842065131
-0.23337219941445414007
-0.010253928883523196272
-0.17149771001821198513
-0.23956800927071777996
-0.081898965391604294783
-0.61273860486970777028
-0.4695975761343289534
-0.22755458744605464028
0.46726347813216778659
-0.13201918344585053533
-0.02406415345028091804
-0.75921720394889669059
-0.29641002126349835777
0.066681257146146991066
0.1656079653607762936
0.87304363558820252678
-0.44116953226523070164
-0.83806565433506652329
-0.83118620123298103675
-0.10534212950828449051
0.068600986621152645895
-0.38310727892399570882
0.14043422148618545098
0.27715312875735764742
-4.0321661768114900326
0.78580057560727978316
1.9692275347559249354
-2.3998975597274707638
-0.46717388402051712726
7.8214301820305900392
3.3879573334398518369
0.91328599604155391578
-0.13095772161848862059
-1.432541713175414122
5.5579087565826803541
0.12604466268518368932
-2.4079010252209891441
-2.6038127649289823928
-0.67047463599293888326
0.25194694081324831014
0.51165844912630797925
0.10123278722125453322
-2.3117674264704137777
1.0397025213052295545
1.6219761250141015996
1.5595938259943782356
-0.41915507279715730204
2.6103473944772268567
-0.18870591586270174522
0.043466965876116682443
1.0208074111221208113
0.087673551310795974634
3.6301183675880484003
0.050771002770825753025
0.079447219272110930488
0.47800098195093854159
-0.13833623932227773201
-0.16539847081050942923
-0.42988377440786912365
-0.09175566015237048012
0.48808081353873078445
1.2599905349809847888
2.4230782095228011741
1.9000164272457413794
-0.55802420071683656033
-0.94512978141894310458
0.38164055037654681657
0.38247040794632891636
-1.1716417396293425934
-0.63549144477952279608
4.7359120012022586366
-0.51895499933543820514
0.20359480871838656069
-0.42342071720720886319
-0.35852001172405301155
0.30387327098414351756
0.61770758283203786032
-0.32356097112685128225
1.5892559140664193063
1.2252120027221846676
5.7416197290395771802
0.29998141622037399756
-0.57202122767316587737
1.2088724973387958705
-0.51347656564875665541
0.094751288200461455946
-1.3687487998176881554
0.28788128644845273341
-4.0204572624453200902
-0.13311071362317536404
-0.086445656038710225189
0.57391834545346331886
0.28151661517749082542
-0.3690394215534775757
-0.032579130263107387855
0.087554295372169438361
3.7552928207824964879
0.59127191652557420376
-9.9350506820217550086
-0.63565857262384628523
-0.11349511291924438416
0.99018373503213608089
1.8712241911433460384
0.0029452661002966427223
-0.36498993215823910541
0.10412107433426101566
-3.6689110580724504374
0.10324797890021580882
-0.34967684794271974846
-1.0047185446766087047
-0.16784532993430847925
-0.17812541582840812904
0.35004316618074526879
-0.084408417132321181264
6.4132696179080559418
6.9223242090113439318
-4.1493533281403296442
2.3957964503834983105
0.49927685936496440933
-11.937989677317782267
-3.2514732422503382914
2.5207762952086536501
-0.98287950442381111227
-3.0774051837603058068
-12.831194709780307406
-1.5089988697538425644
0.36398831131916797865
0.14039165788830690329
0.56841718474717539689
-0.84800779633787692902
4.1485173520469889041
1.1418262895745001639
-148.80332134684562106
23.805970367113001629
-183.30506465000823368
-0.33080605473104535141
-7.4980444223269042681
-46.612951566149583016
-0.16539336015133696001
-20.232237175928666773
1.2402394431112084838
16.534220493615368497
7.253110952451909732
39.835807682809303287
-2.5234629407158899461
54.51692387690692243
-23.869983343635272632
8.8697401715196875216
-32.424960264169079949
8.1575452108267221263
31.259418177930221816
34.392718523540487752
89.921692122747302278
20.498178629161483144
-28.648986849201989457
24.463014908404566938
7.284104582210922274
-28.028930590438204007
7.8385523049393857065
7.1175989182784249465
13.772133476612626879
-17.829269393849514813
-4.8640886505731595335
3.3395540633821467758
30.285662782201136167
0.83850065556461261806
-7.8320722790625367793
-15.316708317370366643
11.185083663496492079
1.2675799408080445918
-14.031714255014600568
-11.017515469424651542
0.33358513659003002916
0.15481236768428735529
-4.825235735931738823
-0.65265892008028991711
0.33417377707682982546
0.60892221533795354294
6.2126513522411421775
-1.5761988943097478
-0.035176943879955499539
0.34101796750489643539
0.027565674302807961077
-0.066323550577956830177
-1.6266812585963408289
0.51708074522619429381
-30.46056686851404649
-6.1638067449923230612
2.1172712456944324799
16.809437177236272731
1.540294013286558128
0.39482616048801438824
7.9026526561559995443
0.11476062983149086516
-10.51034835573956272
3.3846067944493984925
5.9958750523396258103
2.3408794622713964273
0.43084759270894829042
-2.2229750800877114969
1.6680062149609926614
0.26844628376154727745
2.6116511938745872179
-0.046485936272600558716
16.559873980868140109
-20.804575633662601319
67.151245667150504914
-28.803926850725176223
19.281739043976752868
82.674933079770440258
-33.637642609319556186
14.620551400497026506
32.167237389092647959
16.365133132864290388
-7.159541888569145307
-2.7460680589258976703
14.373876653222485089
13.871226137830833025
-0.44176192031663424897
-8.8670571262025674741
-4.0094114612329345704
2.4945229706881608678
-150.25235489553935508
-55.4753729131633051
247.87855136423189606
-7.9960214522282484495
30.412911303533590512
78.986602406295077117
1.3409399170876921126
15.161421112787337506
3.0162049194997364587
20.582616356987607276
5.9174804755830034964
-0.72107591950891369859
-9.8955534844568653341
-25.988686956894976987
14.437081353457676514
0.45082958990328397819
17.203188726123812557
-2.3809825739581973458
9.3315018789748442885
13.610597971314108534
3.4335267333558294744
4.5250996623367596428
-3.4362143608976283282
-10.961423932344706245
-3.424252353274627847
-1.6438892253689687539
0.58183534754616605955
-13.150286317255554636
6.6998285168311069171
-6.374778813730192617
4.1484091865956056466
5.0023880303389374191
-0.4017758803560826375
3.578576316041537364
-4.4014200133122303171
-0.43344902790843109486
-9.1674731682673229471
-4.9338049965867281088
-13.687204641192174392
-3.910515472765238254
1.6347566218513562841
-8.376954928828812541
1.5734362825336549729
-0.3092618464648791976
-5.0546600699071850826
0.64182658814736304187
2.9434209119723644399
0.29669920606489119663
0.3303672266467240215
-1.8198986005855348758
-0.31974151114517385119
0.96669537913593839296
-0.60375904051134110517
-0.23776545456340808515
-2.6735438019168848989
-0.42948006842166308594
-0.60145630527588378467
1.4741415850478614136
0.16435760563053292138
0.17805732393958789705
0.52433755756491529088
0.17625147472675040117
0.96853128483549166816
1.0253564518877484879
-1.9420597809246111787
0.63771097591516090475
0.24691394363305405046
-0.019306094667506233653
-0.11672383596522718785
0.0030031027288121804261
1.3732098842738098554
-0.24535114942637167856
-2.4837641163416468437
0.85401160637863160474
-0.64198331098278016427
2.4444639051605006053
0.12627525988265989043
-1.634845629756596308
-0.13505517085876317385
-0.022098221069379010706
0.2504777419061192667
0.90184295360610611247
-0.37440256560272788811
-0.20481983738498193981
0.29706879808647707053
-0.041009375779975064391
-0.28632464648092220694
0.08005509939199570435
0.61871709251616979763
-0.094371851821128324711
0.67087009959885968158
1.7008404394306870788
-1.5426332216504485828
-7.2067090244054190507
-1.2330169711591882908
7.2018305651619742846
1.3220833874458493007
1.0838118005716164127
1.6816082118709876347
-2.6090124774883971526
-4.7523432859631169478
0.74019683173958461531
-0.5091908786651671015
1.2782939151455459115
-0.45628516296316312673
0.10409978953003062863
-0.39387378080751633824
-0.42336365980931661701
1.0493879650157205141
-8.2063427093891014863
20.591908046618932815
-2.3910535412696640734
-1.0471115726923139189
17.397599668113194582
2.1402207836503106542
-2.9886827830005713302
4.6034664040188122414
4.4908426258457749825
-7.9484426586918921487
0.33919197753340657453
-0.80879764511139240479
-1.8944805399623572129
4.891023337597162346
-2.8529060830843371299
3.2975858465611800341
1.1273429495976463599
-23.03836755282357629
-47.254457591148899098
73.476688997963563565
12.552480248918092443
29.249700516385050975
-5.223588282025193763
-10.117805352233858684
11.732273623372575955
-0.43474989978995953743
-1.489582097941739347
17.867601884610387231
3.0591078651978422798
31.410432919749766256
-6.2337953148436078266
-6.1361840112901200328
-1.1879785963079627642
-1.9819598174413668445
-4.7275419798169471264
48.377068912609964002
2.2540055553958748824
-94.893439773700393403
57.535665843759801419
-4.0930374701486753608
-30.532478583309309528
20.881864616468163831
-13.58026739015444484
-0.80147446397271004948
3.3645223370752357361
15.68875680602919509
5.8155504282302628027
-15.835397836880632738
-20.244261196828063021
-3.1690074084144344013
8.6770887605872246695
6.6019109704704819208
0.3426307200707570666
-5.3350593426006645004
-0.94635966577566787983
3.0206787393143734732
3.3425372491258773522
0.15597689775611528473
2.674109719083851644
-0.20501337951776463231
0.012094994313850008019
-1.2629721537413720611
0.65808299689763283258
0.64347907527257652838
0.86380928431740500173
0.39795517858105217135
0.47749947840001483179
0.34918829509087562224
0.14976105672698436511
0.90371098267378924263
0.18400064579751010396
-0.18204429351848810947
-0.34604521870170035225
-9.6385153329014094936
-0.77845681838414337861
0.22857487342891397164
3.7519113669914512244
-1.308754973023062762
-0.099928240368186607712
2.8718659410702347401
-0.82650832867864654219
-0.066553500412779131867
-0.037719358960043400386
0.021111213394335817672
0.40393667771494706775
0.22634157709059393726
0.56441525293387984075
0.77079837511037729847
0.52645602261490431761
7.1174858657331450118
-48.513926870470584163
-38.72771195598011218
-1.085651058382055778
-13.885503103484005294
10.244556959254381923
-3.2868793099441382388
-0.16228790555032329701
19.396077300623566941
0.47242597363746818839
2.0355418211425546637
-6.1100759493407279521
6.5556459342706299154
-5.3366648701765679874
3.8001134966687666328
-3.5750917776471213827
2.4625463206030033803
-1.6756709378809426791
6.9750431063261961739
-104.49958387694961459
91.99747217178895653
5.6119728316485284481
-9.3342844240007636358
-5.5242509011052076673
-4.3925530123147140671
-1.1625202232023148508
-16.67964742006242318
14.855342521127314015
8.2473696625998638154
-3.888019651578496827
1.3944591999585154163
-31.469676479901700361
21.048591564544281596
-3.2020893220499409004
16.112975230186172837
-8.8150561149504085279
-99.259315509093937635
47.348102898061448229
11.746040492032447489
-11.970788107662645672
21.486078535352319818
-26.488817690149797812
-3.9832803314980043119
6.6154217009644744607
-7.2916693603132252122
-13.333702040147725754
2.1045342497830890061
3.6463614954047649519
18.499212017804243402
8.534105855046899336
-15.227118017932134819
1.0829861677353098681
-3.3968808807673727124
2.7804216848843963383
-2.6514170395159131211
8.3314298625355380779
-10.880297157806946728
5.2547827552592680789
4.7172119550928544029
-1.018632686055527703
3.6750530278030439923
2.9823799621449635922
1.9922705470708965692
-1.9045373543425136997
-0.90279635175868255814
-1.4291174304454905553
-3.2890041028322163363
-0.4671427820298191258
-2.4594233590485616858
2.6539702644734268766
0.20392229587452845307
0.64613910961082499096
-20.338920931272021164
4.5562072464676353079
-5.4226524207902953023
-2.4432056486035280685
-1.1958709248889429766
-0.78107516969241497229
-1.4293575710958479341
1.1100296534213640598
0.45177271950383723897
2.4187220918679130932
1.6527107984165030352
-3.162288303948273871
-2.5683101889905710635
-2.3358552130724632434
0.32479261349538551817
-0.1522608913067710068
2.686951299971493512
0.37305594540304892748
-21.625240533681171939
-12.529513579763646547
-36.644712726637564515
-0.71762466372611477539
-3.3173360634391455548
-17.065748282819441783
0.56128853997686911637
1.6087916351414111027
-1.1581905960108291875
1.697199238943398969
0.51445809184018143068
1.199819239898310741
3.4954680087899401286
1.2083396809472459754
-0.94079793906623221389
-1.3205808066797015687
0.6076421266361465845
-0.90647271368664639191
-33.883588177964703902
-0.14951213222341513953
44.185366091117906251
-5.1434834585820645714
-0.92177599347011429654
7.4750505915679150704
-1.5317191888033645508
0.97117701481861229418
-2.0815201944824224256
4.0016653045746792827
-1.3439457769984262114
-0.16631092214240009164
0.93584723847091133564
6.1331818847766710334
1.6732556956534045955
-0.019820919906686194217
-2.376400644361723824
-2.1116458368889130526
-107.11878912196080194
-76.461945074614376949
-40.347288255038627369
-0.2959690546540358902
12.847409983635499131
-35.30227721760024906
26.663177957215342673
23.4911449962485257
-9.4325629578737668623
-3.0666212565118842193
-5.5285136383839192931
-1.1476008861204172185
6.6340483229353992556
-17.690112063107527263
5.6901810690522935943
-5.33864199077936874
10.793557046427405766
-3.5255124151307621894
-2.95114599765672736
-0.58814112009210595122
2.3454081643459434581
0.60242950627515490236
0.19332237569452592751
-0.015528074703194304218
0.069939625897915344566
-0.022660930534261752162
0.60220661029340449844
-0.09266643355611019206
-0.24630566631151776247
-0.20490521197140415532
-0.13176517077119562216
-0.39757925034607283221
-0.16068643395222903525
0.29113165729941553606
0.20454560037341540379
0.072286785641187289997
1.1664382103301040861
-0.058946651134069653899
0.48044471117578690933
-0.38401006038086848982
0.0090464484970429505373
0.41165251076622461079
-0.073351290509081512603
-0.065309329728478887622
0.089139937806205882254
-0.032151025082611993378
-0.4641177090782326875
-0.050045674088734753981
0.060430244901787479039
0.13362799673562364422
-0.0019439693814061861834
0.033021349302356804711
-0.1028335953739213382
0.0036597933742472900029
-0.15179147981298055092
0.02817197359931609274
0.66133454799146884628
0.27976677120337167803
-0.02702985491764271081
-0.21331016323376564281
-0.070000073250813255044
0.022088227722184442664
0.0013932738755531889722
-0.072814467834238075228
-1.0044405120109805019
-0.0028215509681100577576
0.022603866281283347545
-0.020714294332461011261
-0.0070259841325417222643
0.031005208916158134846
0.11128205104135682757
-0.0080645289047790585935
0.21102816096709736682
0.018475179922792513837
0.91909704804984537763
0.018405478592767712809
-0.0095122985067987893271
0.012928574329035821128
0.045126747046516056672
-0.010323554322506251282
-0.11239481210720977944
0.084643187380643594708
0.29500446513661771064
-0.0017748315443741216699
0.027683820184858567298
0.10876761580734399526
0.028203614180207180889
-0.017018374751516140292
0.074598069202452585436
0.0057077048507613416597
-0.13516740715617539537
-0.03534630144755721709
0.51179109915634846129
0.21237791896623986476
0.040724698251375757163
-0.54931950815690411272
-0.00066696708442018956108
-0.038913641620927620635
-0.02520365719903678095
-0.093614576997770662659
0.67286686915547166965
-0.048955024354642960593
-0.030078478254043670287
-0.099947381156753084541
0.02227160350285275689
0.0085000082957625081037
0.016909143424646545101
0.044427361901847421677
3.3628018650162241343
-1.1334816137177707862
-2.8873504657814978991
-0.41839867014365389464
0.85890582130760995128
0.093670838967848349399
-0.21072543985437092173
0.3019022498012157163
-0.27183585163106710469
-0.25132457725791890191
1.8604557363333313891
0.27973598861523857328
0.31310366717973719952
-0.46446823195597497502
0.041551501341525541589
0.015149047658640446556
-0.28228647291421815613
-0.14460581690245183362
4.4383507201050820257
-5.239599244196582184
-11.047710584713842152
-6.2857375484479671712
0.17487180726265708075
-6.9488037926396648558
-2.4318389006300846766
3.8155381934037766456
-3.6694389439999959279
-0.97278003149334668631
-1.9910751066438323598
-0.85431324030090416422
-0.6918806944739467335
-3.3600515507941071114
-4.0218369734905135005
-0.56659152090068465313
2.6788164026008778329
2.2405323790278641738
7.9590852787211865405
-12.011600136872022659
-12.875888756892386766
4.2778364806341171445
-2.3853495643049167363
0.75814551217437342601
0.53012773567055371249
0.56236389736199055012
2.9243904562504074995
-0.63280220721083457747
-0.38241598455242176158
-0.24602462781371409184
-0.65317635005722496366
-0.47617159733001079847
-0.15158347552026849026
0.6922890994197321568
0.72436991759813051939
0.51616195148099253132
-2.2891325938730946454
0.94870983539645137306
-1.1547813984595882708
0.71547250701988629462
-0.18617922753753751719
-0.41787294629444543537
-0.41541099012334231633
0.0104336310904029686
0.75579798143428678081
0.2204477264143078763
-1.2603994200758863453
0.0050806134418046157777
-0.00097999752466201698643
0.18744191681010033412
-0.057543474556731248615
-0.033276479772348994957
0.27746746979237052466
-0.02794811852889689599
0.10013823611595082386
-0.21768535557590279472
1.4538586282945435979
-0.79764214655463394621
0.066080906860203805775
-1.4801652231031290352
0.59350503303988555448
0.038246135749357791644
-0.24327279532230192127
-0.20471115861304928218
-0.68489795573790324124
0.09057838812411037055
-0.13294962720382502708
-0.21959706403265036312
-0.008226854438512475054
-0.007570846384267946455
0.15434863666849452102
-0.084543207241847925792
-6.7687978361141007966
5.9062883066953846267
4.4865848529269101164
6.2778585675642553099
0.14758940358850253238
-1.6192061743712684585
7.3451259902430807713
-0.12850147113650295383
0.77453702169180149717
-3.1646022451048620994
-0.41561453898370903648
-3.5630912487672041777
-1.012311290569358313
0.43122525686673857104
4.91821687102717231
0.92440613009558458835
-0.3975441909248665362
-2.198656819121934447
5.5928053031686859597
10.969293564069579006
11.79099864380153484
-9.7959638753346887086
-1.2725166631130726547
3.5109973169507004975
-4.3964617002845374216
-2.1223090490428915267
-1.055975284317302032
-1.5589110025598356124
1.4786556098937937431
-0.73882808684585044023
-1.2638922955739824161
-1.229309802273948371
-0.53206350390621859336
0.95945355402643295317
-0.13177675065490146444
-0.34058732850061190778
1.3180430746596991654
3.3428022134176367253
-1.2104758288863475268
0.3314727768897270388
-1.1076796081899780155
-0.20851435696570677636
1.2955227950107823798
-0.61332949197320696388
-0.4317276566916116165
0.29111237827191610572
-1.4585943825030607268
0.42753444166554893657
-0.19200115339362960887
0.85186406135443293319
0.46184830460049097756
-0.73478444843059764757
-0.25488206849685035582
-0.1893991537801625602
-2.8475550265242768333
-0.026089720676684996503
-2.8091007660218778597
0.25364802098305494482
-0.017782932973269740401
-1.5309169517231684399
0.48255483851082947577
0.13304848127126617241
-0.079821717383195170403
-0.0084584234454695827327
-0.23947190039935487005
0.25967169176435450639
-0.17760047505738274509
-0.27196164236454062335
-0.060085579689339550791
-0.035279304510280877494
0.31195081926331125199
-0.0064714140345405197358
-0.94441758489118110553
-0.10831379477511153542
0.09105530986763964163
0.5614612301313282039
0.032467751328829563828
-0.096599717619632763377
-0.080875535067987849858
0.010582530646189591134
-0.077693321893421526947
0.048464201902223100205
0.1639715405362130729
-0.0032083796463446903613
0.031288489254844419063
-0.060469512254460920653
0.015553705193326694198
0.011720964843295903976
-0.016254555679280090902
0.0070110177568172751122
0.54578083924192233312
0.013285489401131091169
-0.67386710647758041315
-0.12925489675806486889
0.021028876451392473912
0.14378940348408569827
-0.089055352533771073298
-0.011460510527212341633
0.044874665210450567776
0.027916085770014659878
-0.14396721784192756388
-0.0029381332488223640791
0.03935616779098411594
0.012330511836354845351
0.005400386721195012639
0.013835763425367932772
0.093409952042114233195
0.018456762275409821505
-2.1931455743987227081
-0.36773355911316546463
0.70093840952551611512
0.54295831543466532843
0.0027662491438258654183
-0.28378594023409164926
0.23602857969729171272
0.0080780818727627778236
0.079316992227641464064
0.17327301831403271737
0.27275171814517490398
-0.2323236288268105687
0.047887510924685787461
0.32554241371475700628
0.024635246992416235529
-0.04285441746484866532
-0.13919591206176332165
0.17071935128851672969
-2.5634434833417696353
-1.1945194418473232822
6.622798627434653973
0.43683083318313070675
-0.26794066256634146983
-0.56318065314761545093
-0.48405386643430148297
0.72325649505542621842
-0.24934344627067722699
-1.3781033153877770836
2.0693026727333942993
-0.99680870581056268964
0.18407080556776395097
-1.9628624560015606182
0.1371101098693478515
0.14831905338051146193
0.70754426216174937103
-0.41560186286364086961
5.1362702276272065305
14.690291602987953112
-2.5259649650263047427
-1.7859386551428739764
-1.7629551501732054763
2.587761808625978599
2.0119484774580813635
-0.59786248198046965108
-1.1040679688840189243
-1.4185597129364904134
-3.7165061315165557332
0.033513994348185895122
-1.2660057772016706235
3.9137885576470590188
0.088776822017092194006
-1.1375243560072851867
-1.01972501950529848
0.82611864691370495706
9.6554020140717060627
2.5716862485774658609
-8.8462584825343597572
1.7125173812393232886
0.43870852778487789969
-1.8343082414441156391
-1.0524362048755286914
0.15504680083751995467
1.0400855828435306982
-0.1311951316494626707
-0.57824680662920124874
-0.67800000719421782414
0.70008087869752710919
0.75140336481630010113
0.31217946898852744209
-0.47772666289537163431
-0.097875035530438594944
0.1364439872064935888
-0.27425602041700680722
-0.092764382461973424188
1.2414150001988562
0.056480762239763594723
0.0082940649718468983931
-0.1904418961923089737
0.057917756647441601126
0.021927059408976896232
-0.00039159707306559376171
0.04308844912661351223
-0.059801094951322346371
0.025498332874058112635
-0.021478980836260996162
-0.066081133263283617363
-0.056098920399683165072
-0.026428043317062822198
-0.067877574866403417309
-0.046568781170685372151
-0.70175426801370932584
-0.10442774933999167397
-0.070894376779393447618
0.13940422066433549864
0.036597385060789654199
-0.073045997151530830949
0.25985657565467040753
0.0075762988876749435066
0.14119008730510559935
0.10331869623241850265
-0.04999470765696772262
-0.05822978788112653098
-0.042862755941487244715
-0.031560677577183608722
-0.03395004193246075469
-0.014475707037490789103
-0.047665691759330976185
0.0066143436060035571897
-6.7037617800661859491
-4.7075581428975254994
1.8539450690634580177
0.94494923256856910854
-2.078790738727365639
-1.9101704324442863037
2.5377339498433872933
-0.03383518802800347669
-1.8666564718218019436
-0.95187595435753669104
-0.27669991299306057053
0.1576429345866585674
-0.36178405165486604567
0.78332462427030158381
0.35459289605644955801
0.3844894662014605724
-0.31324895411617026397
-0.093465149282041901091
1.1708637714977305766
-0.63063717608261204983
-2.8701174570522267615
0.20077854012845830489
-3.6653638139166737631
3.2894135534443589286
-0.085660071425212855334
-0.080916675530864012877
2.7453799949636894517
-1.046676988872465186
-0.49066155553788037835
-0.93632829607748924161
-0.81248761684379455783
3.5467333079104821358
-0.95275219227936169819
0.55136211113414557161
-1.8164030216107327487
0.43518660868340447445
-11.857441749495524874
8.5725165993185026281
-5.5447344933666276035
-3.0114044423098556003
2.4081475467679274161
-2.2256744308924378828
4.6692101854179712817
1.1381834240975556849
-3.4880763969783883383
-0.075755870181542256381
-1.9704972579084065742
1.7211916675703735624
-2.3921373030444659236
1.2612866669867603964
-0.33826199769876807988
-0.023608387267601758236
-0.64830402486030103137
0.25344229738916418393
6.6081742400039944485
1.180453560104235855
3.1965534051830450935
-0.088707393945722773365
0.531066468296084504
-0.85884506762000900615
-1.7622551062273310585
0.084469534376758692584
-1.1835712554321307088
0.95978878450631877062
-0.24264820108842183322
0.34895353001005147142
-0.32884386834213852335
0.25054964163976894964
0.20366312686070164872
-0.14042817941001942139
-0.10959593048567554952
-0.11362062457881688671
-0.79709256882289258872
-0.42180321859239922055
1.3020712402943399599
-0.73713931572772062317
0.29279247382177436831
0.49267977888558045496
-0.20018597421301886907
-0.18397021178835487598
0.12082515955289423182
0.095468420388347199901
0.063428067101003765549
0.1953861752453149303
-0.10708729442011864774
-0.20392488777047648729
0.084364765543098144129
0.19862663240459346725
-0.066917618602937628536
-0.092322478338746793991
-1.282051064922150152
-0.93352271024631039431
-4.8049118643997603684
-1.4021984120753703262
-0.36504227429050362108
-1.5347213213183112934
0.11328177340502491866
0.016968592879173072241
-0.27700310527215094014
-0.57535688179193456016
-0.34006850806734334469
0.081870787308318884734
0.14346300487368185417
0.26134849937104931428
0.075101872718687734398
-0.06004729153686091947
-0.24264500937889793564
0.11316774895261956513
-3.9181666727680197759
-1.4911154360796687879
-3.8404347436267793903
-0.6228207720133934755
-0.040229715842368500567
-0.033918840570988172123
1.2015325923650752582
0.2486455455157360328
0.73493704723342168084
-0.73290901875084069061
-0.19499119315406168718
-0.41266206448802683626
-0.18138304784022676874
-0.32784228338444854067
0.39446337419642851785
0.12633258753117299067
0.12116624499496927991
0.024278914724163908057
-2.0309333222397429886
4.3419725288150381459
-11.180726136637911594
-0.74811496171863944848
-3.5138017407845958395
-3.5745123382189434302
0.28632824896956748928
-3.2139642131829697647
-0.096865798596556737521
-1.8726484388733100062
0.95088842892809366525
0.17098853146369005773
2.9412812415874207694
2.079256683598595945
-0.35349944944683964199
-0.82965393295584377586
-1.2608658610967931057
0.34259663797563694176
0.20784962570954892969
0.27683663895885779471
0.078557111189383313499
-0.14652849464842743199
-0.0579041176222234652
0.041875666070814589192
-0.059564712275787148887
-0.065941235117360927354
-0.0019260358891060595961
0.051539937121837367529
-0.10560102721157260675
-0.085588996114082785405
-0.031582209135527866684
0.058692152088912465102
0.010517469612852220137
0.013029140380345903896
-0.025453209563767956874
0.00084687277110539430514
-0.15649614430445873969
-0.012314216771996270086
0.43752572350663354595
0.13995822566169097145
0.00032351700650094480146
-0.03882811251779902384
-0.018769524590372062972
0.007963815498831279191
-0.049245423045821454244
0.012889627674366797502
-0.03129326849667622007
-0.024687487515292781681
0.037016446688646134633
0.0095295039580513777461
-0.010402476639018436166
0.019568437253096402501
0.026051667153624051554
-0.011468562470562434358
0.14931941173571031123
0.016263356273405336211
-0.055663470688084241977
-0.015334697012815656086
-0.0037730139965464165423
0.011837014585126244201
0.04808390786579389703
-0.0020750653796966448544
-0.021558841763060193619
0.00028086435637831615305
0.0055637210827084214795
-0.0086998763962254036658
-0.0046897524741389738992
0.0133137087137178943
0.0057325034247270008694
-0.010116828263497553222
-0.028666215820081386578
-0.0018240374754343068649
-0.1481953005334685769
-0.11788688216181264501
0.1784381748911742227
0.077673066250942612854
0.035112078340862828973
0.066832874904294098384
0.04940733807921929982
0.0084827751192365456745
0.053645459975531585572
0.018394839128957375662
0.023322146058977723942
0.00059091645632426052868
-0.0072030563760537265686
-0.033180278167956968327
0.014059774579179801918
-0.01392459037616405014
-0.019851493050029048182
0.0019334882159778943398
-0.14865132168583219952
-0.030424133249678016883
0.13713304380516877501
0.17964799421387014911
0.022823689682976787407
0.14311560869804074159
0.048613268191202319013
-0.028425498929131150921
0.01312592068368433583
0.056117795640794845835
0.047072824028723959933
0.031635881761240415566
0.014376205055146602102
0.024215257480246828864
0.0093343621600954235912
0.0054568139170525341991
-0.0083827498474410653412
-0.0016087819574902998201
-0.12825180974142433299
0.26924508298859783917
1.298046490364024752
0.19506897310992996064
-0.037878723743433768967
0.01364059116835739105
-0.025376520693165389303
0.047305499802868224146
-0.013797177397693831738
-0.051354292847977559
-0.077680684315439230136
-0.047710874616735184095
-0.058291948319041261839
-0.16723082242153408661
-0.024216710273640910944
-0.018260257633471128208
0.12088038780366998359
-0.022359669955173838013
-6.8042466424786089974
0.34195788010783401134
-2.8779577478555542491
-2.8752188102431577299
0.1436529392267802685
-2.380477276863827818
-0.2981464970560331329
-0.10584055918729191881
-0.6831500227269001746
0.29881771268211859693
-0.021473347017331341491
0.085466821876338874842
-0.50994906839284159794
-0.5979433919650164464
-0.0036085829807517766019
0.2314843079757789579
0.19502667521494176928
-0.084765751379995007975
9.6622253750175257636
-6.8869219338446034939
9.8256838720841823687
1.6748936113882826326
-1.3985974406185492924
3.0382701246411771834
-1.5153635832729508426
0.95841614130559160678
-0.30477072783443076576
0.72338494966229138772
-0.64645131371981756629
0.24701772453383435968
-0.67004105001856506529
0.59595055055037648994
-0.82271663124580507453
0.21631535134403570564
-0.11967497508259061778
0.30722849652248029884
0.66558882442525890699
0.15048519869891621714
-0.3512379739209904872
-0.35973654721360726061
-0.033895483379272332847
-0.168875866630871313
-0.28289132631316560307
-0.012244732414296756115
-0.047339798892331343139
0.058972198208516367346
-0.032373225223776065651
-0.10178341747309839482
0.0075644121663792961499
0.046359109659966715733
-0.058035704126052106711
-0.0021917423644853910834
-0.052514245864236912265
0.028534356032944765275
0.19417224430773769028
0.27818451982549741164
0.055203833259811159462
-0.095012630445344470331
-0.059149707653978061961
-0.26081668916632244626
-0.078947297042358352548
-0.04422396889645103385
-0.11726489561500855197
-0.18213151989075035408
-0.016588620318357519268
0.11981876584093244242
-0.022148985674570281085
0.11458532431327757284
-0.020097727615087143671
0.042665850265219240622
-0.098178910898654520034
-0.019375786325292691098
3.9785539147650026415
-10.09179545673636369
-15.273853782286174408
0.019372414375367567885
-3.9265172598733388831
-6.8451906477708996945
-0.8342782289305037402
-0.65619378070526712676
-1.8016987861608784183
0.13812530561004782159
0.59589448614970241813
1.3765294569398602853
0.2302592906381253357
-0.57135809534322357095
-1.4406224978253543423
-0.15543999135678879253
0.23911510736607202721
0.60305641477805660422
-2.7837417670971724704
2.8920807338042844314
-12.89737230419305547
-0.14060255825889836356
0.55684815648438468205
-3.729092888809681039
0.23341531693225414656
-0.028286608046198636474
0.91535570218058581737
-0.43414165271387372691
-0.1778039754203206424
-0.22009703852436868221
0.66771800255735369589
0.20144303616042816274
0.024424893562327406465
-0.27141551905236072084
-0.013475303901882094287
0.020986995745875525882
-1.1029971887218321669
-0.60201306456372793985
0.72397508046692393702
0.69709187126536509282
0.12160530571399941202
0.091543314751396293039
0.88792800701482332837
0.10292902928387381856
-0.26740752668512818291
-0.24174275000785300227
-0.01038834404272054833
0.042285058325672891799
0.10482378718026945374
-0.12623218362081398136
-0.12712738810455723182
0.059377642078511379264
0.065454772241726022486
0.050335642710282249568
0.010193372948216932947
0.092548709962995204248
-0.84786960541322198281
-0.25150561458250092484
-0.033018642487855541512
-0.36428631758034496491
-0.25737045380095313618
-0.039280855017529044126
-0.014014767360678978894
0.040680695020921905924
-0.037345082890256085795
-0.034947692054547480067
0.03755321673805904481
0.10734725054843261005
-0.030380157798891579274
0.035654468700650331081
-0.042920392910870561187
0.0101901027558332722
0.045976730511453102468
-0.0027875550575588241807
0.099939630402293477829
-0.12349704621263128679
-0.0060265929943718564432
-0.15795738182995319732
0.075044242449422732255
0.014855423844355042026
-0.033133887571729039867
-0.063003813539696917889
-0.085096658091005153435
-0.065227161694446894602
-0.015322968271057727657
-0.069284096506653472525
-0.026582082177509937237
0.016498193355884125527
0.0049068775486662725982
-0.0068165215053841978973
-0.1357886445441342238
0.017582185502714904601
0.29294002303250743502
0.10457925961706976414
0.0015533430464325956137
-0.23276777988381042173
-0.033963763255082934922
-0.01696365988371575928
-0.093375637164895108899
0.067398243054327511281
0.02738700093565709856
-0.030072237448983480529
0.0098665134296831193128
0.002804774083351853093
-0.0016697592611346172287
-0.014933379509812860428
-0.015810696401884722501
0.0070474389518737270283
-0.67811409526401644765
-0.36048032470201818445
-1.0620069874010968913
0.099544662778795173219
0.040925983186832000371
-0.32466814873965899046
0.081134202582847675389
0.064211411754721059442
-0.036306623814474754675
0.04420012535307433349
0.11731428033875096473
0.037047968333758361792
0.031242829257963674466
0.011246568508697445468
-0.0029226582409569482578
0.011784639339413373674
-0.0010675920610895681031
-0.0024956901087570533375
0.38132996963758092335
-0.075991014036594611847
-0.95712576689243622496
-0.31524059652521541075
-0.028247209911675688621
0.038145239144947024057
-0.21288277748850903404
0.11787951385210256039
0.3149898296248573315
-0.13189493806730023806
-0.24764196262749510469
-0.075260764107415889512
0.12680789951673593352
0.13990795851522155879
0.077064381694412126267
-0.029411098793985037542
-0.0038179579991380946033
-0.055319784322706060109
-0.41146662209055656634
1.1920429071068285864
0.29595290727835266154
0.60231554975940559959
0.83814524058790029759
-0.18982101644419777098
0.42702314600692270474
0.16853073440069166189
-0.026584852444301726448
-0.018305977368215854695
-0.070325489304213367747
0.10803358399400558865
-0.25628529665242782976
-0.33109656923405761386
-0.35302587167026566739
0.17086033101276396073
0.096049071346408360084
0.11826613945990904764
10.121326326282085617
-2.4269026280758954073
-0.35113899716106800053
2.4098455905525160148
-0.54658704366352972581
-0.94164151516930871821
-0.59254080951085719153
0.39784495457095825355
-0.44058071062231790593
0.11375924126587436125
-0.39220696500713325694
-0.13547699946652422276
-0.097816871119901102616
0.50192810522389952332
0.412089070941662583
0.0072263359883921289561
-0.19435980114303205712
-0.22013086904695469692
0.31205158051440190503
-0.028689845181427614529
0.45463925142029049109
-0.17847752893067000968
0.00097434073987919379931
0.0075336224556456828777
-0.095378549676350551922
0.012907825073144418848
-0.070370918236149077041
0.0059085809362062627695
-0.055294848757058812083
-0.02299790072223416304
0.010803415053716713609
-0.014661798061951638456
-0.0063621314722478302869
-0.0036197118686027243174
-0.0031451680677029246989
-0.0093242052740090536345
-0.23217609382304141286
0.062000790790140848652
0.098211293055030013388
0.095018883660186626017
-0.020714554898386423887
-0.099809095403608300012
-0.008221807741268729805
0.0054614910895860900239
-0.012033834026359819039
0.013956049102293636988
0.010189094177860305579
-0.041840609287460611698
0.0024011191430552795978
0.017693394920265781423
-0.014570223545722372008
0.019491933832946194138
0.010391920761605905749
-0.0066260456053027199513
-0.94308394761330960332
1.397359719815111978
-1.4206675421161267803
-1.1903886547969984022
0.38962065530786038625
-0.50258362449488780399
-0.69118753346804495674
-0.1341994253505434942
-0.13436509244213890035
0.30119033925802735085
0.15722820436746293149
0.18793261690722787294
-0.042856201909801161509
-0.10331558441423879802
-0.23950639083673541663
-0.027232191198237439694
0.028454963725372345307
0.11058554282568039406
1.557404292464241724
-2.7216492065802180278
0.060249476800462178905
0.0247731994790513603
-1.4647907579540015988
0.29592059915543600379
-0.46565687329080190926
-0.45312232147463793464
0.14843740795560247947
0.030017916233113776936
0.27691752771876110284
0.21434692920355877255
-0.29909716142545927919
-0.44778067462015413991
-0.36544420394518967177
0.14283482784903309137
0.22709182425778867698
0.14471562026191667205
-1.4470451917222535432
1.198688219108619446
-1.7480988145713702853
-0.25970767472280592569
0.22122009125718256062
0.25786768888707267688
-0.10394128375710912082
-0.54930313908664807343
0.78059687813897993269
0.19192753226003067546
0.46534125594874869991
-0.37466143645063659795
-0.059471999416071417988
-0.67547229794518537371
0.35041071468280543533
0.090128912448239728583
0.28239869104519066401
-0.085604830483299240718
0.25372013405855570189
0.064939214006147313873
-0.31583089173974193686
0.68491336831977289723
-0.038463745097945638285
0.19592380706372072852
0.37269987796437309413
-0.11070805768280922443
0.162029919155715324
-0.087559152779839888314
0.082081824824655688633
-0.0080445317252897680788
-0.033120215978090339348
-0.046822692194506472518
-0.010687674509975691323
0.061930802127001624569
0.018263387072908168068
0.016453903631599132995
1.3386108669697787121
0.25153461949369004813
-1.6586837722601468492
0.2008833369668669433
0.018867435562029945262
-0.9053297409621015035
-0.1143949673183232707
-0.03381198002418787929
-0.20882216368463049627
0.019556995673705428879
-0.054937152063288453852
0.11311056484357966123
-0.00017290669446904028588
0.055415667841649036973
-0.060911513895154686948
-0.011507767417678515381
-0.043017913504561230975
0.0097774767613160052521
0.23541857691545817199
-0.27159571763868484151
-0.82922933214612581931
0.46604708490890361938
-0.090699054400408860022
-0.3607746329660850293
0.17695212788652572855
-0.026825564527186838981
-0.036301481613500788392
-0.067929413426853532676
0.05742838889599128499
0.043419750094890734171
0.097532483800839300803
-0.07912793285155614309
-0.13900718868353395541
-0.026993777707832213031
0.050947693928117945839
0.067694648914007421459
-1.2148108558117347577
0.18050963821237520079
-7.8496784524440945674
-0.63344878800146187103
-0.081447776734199200943
-2.9030163342698420692
-0.084832854371742344446
-0.17103818242942667172
-0.18055210526055509579
-0.053896373786638814007
0.17811362242023628943
0.029176947440963267588
0.21303943650941362109
-0.18138029268688746209
0.13742543668981546667
-0.10386216778100648694
0.072969302034138969204
-0.035826311639063287973
-7.4293713501358240592
-3.5227883846632126463
4.7333805517711118327
-4.0132889222384511285
-1.2853997818751736748
2.1966546857115925029
-1.038519611344971505
0.0133382302460164099
0.45444410668176504764
0.32569046645351129587
-0.099966969524346707687
-0.16168665827850409178
-0.31406999607892438497
0.14367786321660971915
0.1212238986066054014
0.14573058700960606071
-0.048567400340908263578
-0.066825326358744205346
-0.17330933761589528697
0.02857858020174631683
-0.061739046569310888912
0.063732834431357493488
-0.0058185699872910631378
-0.020934980000839088082
0.047466254668868806954
-0.012422221322340486552
-0.019526634008338185355
-0.0094024189825048596486
0.011713634658547114956
0.022867892582959854775
-0.0014612145792123846112
0.018670108405566526039
0.0059349318935125886312
0.0056961441045935397656
0.0030146306457503398331
0.0013849135118912997335
0.082129866080822316876
-0.1894895168012556419
1.1094466366637614207
0.084516213622447572407
-0.053271033053636500376
0.41014430944533419865
0.00064300170470231357133
0.026549832003002177272
0.010936282478772632945
0.045420214871963911218
-0.025692497466974186654
0.015566062351814844919
-0.11872067574558277381
0.050464120741936201175
-0.061064060422523429306
0.059275956391202290485
-0.023811408593616533586
0.021840910247586640264
-8.0751704370758670137
0.54290624330762005112
-3.8123124170316153858
-2.6256769439307183767
0.29988245170146266005
-1.9984606604839669775
0.19178658625397518311
0.053626498194970236011
-0.56363610269296249289
-0.21959159085535315259
0.021442126455650568212
0.31178733822473564397
0.43569470209557248364
-0.11111474946920792128
-0.30147545962544519682
-0.14508703109374812557
0.054111510188822840861
0.099479450615667680546
-1.8650231096798255415
1.7364289231060272556
-3.1416135680818468856
-0.88853922098756610293
0.51785994383233091565
-0.77851154767746622021
-0.1621933580012642484
-0.047749436675486832404
0.28304348378972093991
0.045507596954951969048
-0.0044822954240525108432
-0.22030288365081696078
-0.014292415645670930938
0.01925514166884118028
0.30423502442385408351
-0.00075534826276783600604
-0.014975097245758305781
-0.087408046254419502485
-0.28742078845783552987
-0.37224556219998755635
0.19687798966340044893
-0.034201458191785098772
-0.11206468616794122706
0.08863797759706898427
-0.0055154706767565533226
0.0091135363582636203655
0.079711709153183499255
0.058082846974756768832
-0.0039917967979292701131
-0.094593748509184269468
-0.13863964264694325634
-0.0031321982923726552663
0.12099249881459991918
0.069150920920718686458
0.0032389189640240705591
-0.049945215708884528605
0.079042510436189483691
0.016524925026010519463
-0.066554678476724499214
-0.04375997619072572592
0.0044215942174221419675
0.11262216681655171091
0.0042636713845867289102
-0.0096869581948356171114
0.018071207036161211767
0.0018011579146550583518
0.037615712894982049341
-0.02025996829918448941
0.0055071902459711396388
0.012432104766549309516
-0.0041944945519661949729
0.0047860656477039312251
-0.011415248316592655972
0.0096903244841888176719
-1.1877203433199823301
0.063683079128244890477
4.188877081278584491
-0.66837036150160733516
-0.051093937840948087936
1.7242942808435937074
-0.30355208851626397371
0.03538747547637728641
0.19324062206700298727
0.20467124899000108118
-0.054917325648480917744
-0.16152941163841452732
-0.24812062228221146154
0.15911098759185654528
0.16679180510375554713
0.092599605635912990431
-0.031096349510237542013
-0.060858727672897738881
21.534714332892573196
-1.5146308054765016404
-3.7929695915723611321
7.9647950774331928159
-0.64588159692344115914
-1.2840973760119329672
0.22904410352544485319
-0.087741605081017193246
0.1038952872652151721
0.14617247489382761971
0.010990061731620500915
-0.13720093587471879348
-0.67487778164266631897
0.081948436840052693575
0.27871958718859529691
0.26044852796920042737
-0.040180081367904268985
-0.10960522956676173323
1.3406340109764955937
-1.6125055751156549544
-5.2791431302906195455
0.78539700886093810617
-0.64922254627635866964
-2.2497749864369112061
0.16339265021473783901
-0.25294428349947806201
-0.29345155748244888816
-0.044732518494026693445
0.29809293658277935535
0.14280284920152183648
0.14332976032942948419
-0.40906292465792526425
-0.065337369109906368037
-0.047521720885879699392
0.17666489556867104316
0.01239994243645770218
18.055401843045665089
0.097605833819615447911
-15.814552912114189454
6.6941812387695707187
-0.2044020499803184121
-6.578905725695870288
0.60085964059670238235
-0.26464540092277405448
-1.2221553761832477658
-0.45408773080898645613
0.17141275357519236699
0.86273654784213293922
0.41668335666219874502
-0.16660377167824338973
-0.83567190453867012945
-0.23239019241210123745
0.056158256081822281736
0.39264305314436742655
1.7065212583533173607
-0.14204877164208667972
-1.2277659352677157134
0.74092445883412283436
-0.17525208839478484402
-0.48166946279591682512
0.028095465810392575984
-0.16313901655281631831
0.09156342459973632053
0.071655082882902940145
0.1428209517124721939
-0.16498040299333874281
-0.17347469996748082766
-0.20493434267019058903
0.26894017328089731
0.081161664716773967987
0.08270602112258876315
-0.11659661846858759837
2.4720741028167436681
-0.21693336611556032767
0.011614328452951405701
1.1953836993440163372
-0.015936623362564437262
-0.40791686781105795934
0.35773378979077224971
-0.011354508016454050931
-0.51810431338596019124
-0.052952239918904644989
0.067009928681438499232
0.23122291890353971477
-0.12347804448248944631
-0.072657811229258711938
-0.22060473695786267379
0.070218054519003772485
0.020446367876529241564
0.087336608181529634676
0.24959215948581367495
-0.021781944650521901236
0.35752564102211420449
0.055454972229311852439
0.011178145687121568419
0.19912468796094345835
-0.082858147815204688524
0.0067349742447749463142
0.053604593118270434104
0.027523962608844598776
-0.00055387033986306567681
0.015469633703333303051
0.02439263074083703603
0.0056257214466206573178
-0.0077874781965872755599
-0.019141823602661527104
0.017233102562236073813
0.0085872155107265465968
2.8302653170663099047
-0.21712543460797473216
0.95937719461589754388
1.4148440669239767953
-0.11402656680192106708
0.34881237575090662251
0.27081386383183292388
-0.031938359781006286919
0.02242267951345346122
-0.058197165248949564442
0.0053971069655972953028
-0.0046650547220732042561
-0.062032142777437591918
0.020439013532858468086
-0.017382685437060830386
0.043213781635533049519
-0.0087359254242772351601
0.0045301326483143432647
-3.2496991949830236202
0.98604902152722073705
-4.5361900135377428711
-1.5722762803597425396
0.26752199912765917134
-2.1132940702431737279
-0.3846910103110411927
-0.21838389996487675426
-0.52041159271804260378
0.14360083158125314107
0.30270240770416056986
0.35184146597003995716
0.069503105315608104675
-0.45267597930832537134
-0.38526446317878454417
-0.037274636682854148106
0.18942570420475546289
0.14897541172396402964
10.26854516278286944
-1.2249153178069447367
-3.8543340717253817829
3.7082513245785309053
-0.4995419850560750552
-0.80550637126889945705
0.24980105920239534245
-0.010036160678542181343
0.52417960913436334458
-0.1877331028759471887
-0.082228164491559549432
-0.40822012859008588448
0.086223101226177392697
0.1853894707064800973
0.58150388154901822002
-0.072416178422556570782
-0.086011498729605881386
-0.19032865579177207782
1.044425663599306997
1.2526083178222708892
0.84406358296355343818
0.61060674304440809568
0.43194120501321703331
0.19177316720867118582
0.10028664564894532174
-0.022210808289019993989
-0.014687600894549041053
0.053466696740579022773
0.017836888308198798475
-0.038111204650367151714
-0.17167326315005315696
-0.068312515368299381313
0.049672139558152313132
0.084129932053771325218
0.027090309239036932526
-0.024537381207233716768
-0.019821757817235767518
-0.069431448846786814055
-0.26804059818469416765
-0.024669552179059032332
0.0011101090018092538841
-0.10305331365580837344
0.0096660714553381179431
0.016743433142474249686
-0.061171262470277820711
0.022026403296877238025
0.04801022515179841077
-0.031472301039778376175
-0.0061113676915122523356
0.00049612817527741603918
0.019898314702751072891
-0.00059806336538795439994
-0.0044431056669199161385
0.001256433632995709827
-1.748337637739640682
0.3310256125643879499
-1.451295338349684938
-0.86884193030492684606
-0.022041908263348303915
-0.52047657630772370396
-0.22331671404421443716
-0.12495127161140054395
-0.069602776765573193263
0.099002462503391161497
0.1052558944171984312
-0.011754530113345380837
-0.072911785689406288791
-0.10214044896760447745
0.11640269948565483416
0.018904610301586698834
0.066664468805893287162
-0.0302612922511890578
-3.1077440364196244893
-1.5218801959836010251
-2.9502888496337154045
-1.0202146936351184081
-0.78183506298229765719
-0.88805004636678208652
-0.084895122174216061661
-0.29172988526375231988
0.13581310799083029517
0.13057474695528034636
0.2248741009692013515
-0.097060459071824339849
-0.14824668519773157027
-0.2450045854946826529
0.15866253803440596992
0.076329177166508707653
0.10298463870713489565
-0.05025768185630490742
4.8502268883890042872
-0.55652865965414666238
-0.0038145775849962523796
1.3038775786827196956
-0.24259526917976062532
-0.10771737815867304944
-0.34787174818092658768
-0.14995323936345117399
-0.10508224738597757297
0.20759302710861263219
0.18803962404049903712
0.10143504814355271126
-0.18975565789919598969
-0.27293585998757635691
-0.15997002408822641462
0.048585195372913822509
0.11613682298265298742
0.062758536137815096323
-2.2679939454955428957
0.84666491097840190783
-0.94464031784208624121
-0.53799216248073911117
0.21623691804020087059
-0.41440860443955856995
0.36049741715799560327
-0.034537551549184627997
-0.15714805195099279533
-0.32869503139282868487
-0.019991795557151720297
0.16281191086457821871
0.45251629724811792688
0.053282801473907653866
-0.2078980086931479232
-0.18910522657484996056
-0.03957198058563433235
0.10280994087264365422
-8.8916124857411471538
-0.10811119219861875518
0.60653811053853556867
-2.6391968849970570687
-0.12831856446612177614
-0.19858013364691112779
0.33664686096332890886
-0.10688056388831798649
-0.4449877088700940897
-0.19845870313973701382
0.093546988545556028494
0.35125018866381219063
0.27654187532763030433
-0.10367806957936014089
-0.45967789018878796314
-0.062875958956353283913
0.039385860508046724449
0.17501432048142320785
-1.2222477011542758341
-0.40608533952694875202
-1.5823518499045223784
-0.29499966434266539084
-0.0071859675876956427207
-0.73311368942805532622
0.18136059088007489004
0.16735507710640881718
-0.17695739238890056955
-0.092275544782153828827
-0.11781772607924424767
-0.00093412758027852020419
0.10505077577923616072
0.18886144101154125896
0.048596094448681188827
-0.038050727160731476206
-0.079773209164434880081
-0.017323766270514247279
1.8777796085325670905
0.10037675315472686932
2.0023168311303898292
0.44242661358078494427
0.075734500054051356877
0.54621016094408814112
-0.08570770015179515755
0.10966732038876771116
-0.10684538337283652765
-0.027442681361893862119
-0.11859219512491683823
0.029290023204253067685
0.058725732087357221389
0.16280894101097045934
-0.035202940929418155558
-0.048291422130101034627
-0.063630523043226708269
0.0085239849851755054855
0.35728579839438784349
-0.60425628945433862427
2.3026310948905845954
0.27694499247849629908
-0.18266509698912619664
0.7254339373476333952
0.15471623173240997562
0.05988724608588197329
-0.054888067149092362174
-0.11023397681359686784
-0.078762465684414917355
0.034681975132213521684
0.13033695896216124233
0.12534423590528903647
-0.080540572452691111538
-0.048396628662473309412
-0.052150425722534976547
0.025308810670140888255
4.6661935340589462129
2.7517139778715931087
-1.4623019767191307583
1.0661238871379876691
0.92334181872803822166
-0.59227123286123217749
-0.54425314506618682753
-0.11474845533146509069
-0.12463684589352608256
0.37107263408950519334
0.18167177154733363253
0.10611014987416417243
-0.45090624045898752836
-0.30422938468387594746
-0.14317351048559970317
0.15707568785357231556
0.12548849619907173625
0.062327565705546851549
-4.0165070588627607151
0.13384177906926825186
2.3083208591668200604
-1.2733736186807740332
0.091186822522093591292
1.1259599672805606918
0.20346793782220728986
0.077021112414865186557
0.2938441247180446636
-0.21263000767498232979
-0.083652523822345864479
-0.18699885798675250359
0.32986906735202847774
0.1418333834335302468
0.21235679399506027232
-0.12442498525473515147
-0.064312233882524466599
-0.081680546225894712364
-1.4936653852209877957
-0.30481620506952655791
0.92412257651360840693
-0.51365252643018111112
-0.12794874609173903512
0.34321498844216913326
-0.053139657211400855019
-0.017007838571458551435
0.047704789254604966497
0.081218843136886945122
-0.0056581861902913737489
-0.041773780559642093024
-0.10678114947426650683
0.026235200662651454728
0.048269377459713290468
0.05215016376904043488
-0.014344968630663356216
-0.021647572329666631141
-2.3537032455536670561
-0.35551064845135377235
-2.7626231383412100939
-0.67108269925389496535
-0.14737276491475409523
-1.2016519722949456916
0.17175036392418024933
-0.0098202611545485773287
-0.27385110772957521608
-0.13309552220788675725
0.029336115294873996162
0.15121735989163964664
0.17502418566085159446
-0.019157272995096907148
-0.14774416704689288804
-0.069070540966150631434
0.010893388766262383782
0.06827783452601778047
0.013141058749988424395
-0.0049626346566557719142
0.027247035314384212418
0.002447600119376127769
0.0012912092002697187539
0.0086851547499500313804
0.018267988574095065518
-0.0014621374942554105428
-0.0018436188072046863322
-0.0022792266294014386016
0.0019193623015602574288
-0.0016967691342805457655
0.00052451654306528375932
-0.00049521258910351084737
-0.0046115410523799990269
-0.00057076432000805539958
-0.0081865952532884107146
0.0009394000282032671529
0.035477035069145380908
0.012714161798901755379
-0.042070116493618033016
0.01288915861065677293
-0.00017321137473725052689
-0.041435804500546499773
-0.023606212821420440029
-0.0059987420662395794096
-0.0082297731125805986124
0.0063839260124374363342
0.0011353770521561014004
-0.00063639262034757371287
0.0085359336099110026674
0.013948433449757125305
0.0028089571197658395538
0.0029625260585878152031
-0.0045016438867957909303
-0.0025800221564897447314
-0.69095266874202765361
-0.040335447445635490282
-0.30824657700809743321
-0.15864231819012603042
-0.0046641370247885744621
-0.02740033170271346033
0.043579435894129582574
-0.010269381995279686093
0.065974478012503667834
-0.014861433841831236946
0.018693991109550382734
-0.015573085260963541107
-0.028665081723968539873
-0.081997507312351974873
-0.0068674546699637861041
0.022025019008688074412
0.04152794213525750483
0.0025459488572148487179
-0.50263238003735899451
-0.12472744321266715506
-0.27720944043275547175
-0.13402775310136505471
-0.013872132310291817106
-0.11652508430155075758
-0.024191399655756864323
0.039893256402111262893
0.042559669851523901363
0.0098809811371511815231
-0.025398171705707257156
-0.038220034129997602912
-0.013665272712054784068
-0.011424533352893265561
0.0011323380833028525577
0.01626651127849515488
0.015928213983424987371
-0.0090738511417340333293
-0.029504171985624789293
0.011569088006182507572
0.12775474832480804288
0.042083512279344426066
-0.0019558932366561918199
0.013697092917886790134
0.033311306145143181057
-0.013316032126780223688
-0.031462308684082285204
0.00024079820621804683741
0.0098456331025941548618
0.019741018575797551066
0.00020666385245197413162
0.0059973717838938140484
0.0076557446328536660901
0.0010211749213024790949
-0.0051148193535641020904
-0.0059856604445068933851
-0.017582782737341557527
-0.014893139967240143565
0.074870129013726499645
0.013944401797596728612
0.0066584024217264826256
-0.015717534876312250214
-0.0069500149881469141383
-0.00038400601939351722411
-0.0049168239945056729789
0.017280253343446898284
-0.013812639317155154389
0.0064835507049484757125
0.0047558978382376427413
0.0058044395455463101627
0.00058067876053508916956
-0.0035951237550637038173
-0.0035051751644406027586
-0.0021288359494324028513
0.35372010195236275321
-0.16938364751382956053
1.6324582260818532031
0.30231143195058568507
0.030826873676428293014
0.81597815659268135846
0.10953450773661246864
0.023159981346299405441
0.20389123744937603933
0.022638288467288963934
0.01017168598816157836
-0.062123564696235401839
-0.079505702719678869594
-0.048330498191376691786
-0.013954920287058686715
0.037613294222568718905
0.0061354487028691361006
0.011726419047319146943
-12.995713478597004098
3.0004735810796150375
3.96287075184894233
-4.5053695346912583375
1.1421903487059843485
1.5308286322076316566
0.074057644807921943486
0.067641301149836519091
0.13918906751369070074
-0.21852881244157110197
-0.0087450099396319883049
-0.038620709479617085225
0.53248181847639397546
-0.075861591431923516837
-0.066991895540613299875
-0.18301746798787799086
0.032591747715154814613
0.022939459788315422206
-0.8633891874203288852
-0.13722159136858186335
-0.45389077282429174387
-0.11862371454188272435
0.11351054197085416742
-0.31301307612145734538
0.14342029270077877312
0.18875280508592334749
-0.091423679397363594168
-0.033622126754038875185
-0.14785663523133341091
-0.013773971239680250778
-0.17844407617508101227
0.085206365090892008385
0.033028794902237194886
0.1048421309760831921
-0.025790339132710830838
-0.029139499880223709155
-3.3462169294002368503
-0.064823116917662931824
6.2664882625876927591
-0.5808301365226115065
-0.082449910612481636107
2.659868709988859603
0.31038210699662410752
-0.0077363925213913388793
0.45101388034942396787
-0.11169397956567593544
-0.031056660646989045493
-0.1952234401188037427
0.057851402865044872226
0.024218383394305629391
-0.061864300507444743016
0.033264797887309155433
0.0032603107335524412168
0.018671956743463103551
-1.9894621282751854263
-3.0459165978837705602
-2.1093252277378331527
-0.34132653121533140794
-1.0831092331910185944
-0.85143798444367280176
0.28677380062306673247
-0.018383632168058400974
-0.061909161794580801208
-0.15155237511358501945
-0.041533776460365511018
-0.0051521371843055094319
0.21601756029352858768
0.14348400392440185946
0.11859106816201411827
-0.07149725403345710828
-0.05892881242097405825
-0.050410781968485217364
1.0049340895266882789
0.022780832430788992143
-0.13552614698941406468
0.062019370440284909973
-0.013770371971234663874
-0.07269339734700755451
-0.2511033116950497357
0.021560984590625192903
0.050605922386573194693
0.099152077453757897496
-0.067832806547825322263
-0.019115297463987282467
-0.0087864997961331937903
0.08778934044484426602
-0.022532656319175930343
-0.014522723506253110148
-0.038703104322058583253
0.0053974144414397186645
0.081258113940713999623
-0.018487835885457361285
-0.015156063496438236873
-0.055100176161909868167
0.0063597825221489261149
-0.021561627157524455162
-0.021290465569250367067
0.0042288979114794584407
-0.016501755546154715099
0.0058183837219958137177
0.0079112669516377288198
-0.010145464459761171713
-0.0027990985541713744519
-0.013861512497110041811
0.0093879529952277628035
-0.004726451570955362419
-0.003065280510019762622
-0.0025175706177371190604
0.34881238039336226464
-0.027185908379755263642
0.16643050559128355625
-0.049154387534383336966
-0.0029164731950419003209
-0.0033659274598041798686
-0.13679388623530192026
0.002754471454340227856
-0.023749934505221375475
0.027567659642566209877
-0.0045323342967932842354
-0.0017798537233790991032
0.011718731901182610766
0.0083520612318030984511
-0.010770165917606329409
-0.00018972144880908240914
-0.00034294030043018378876
0.0010398971812800345167
0.21333637609474309649
-0.072831544989477095542
1.7713682740892238154
0.56763993047240524081
0.043564753867136887799
0.83893747504100824042
0.3943770289743986357
0.0490090896706989812
0.20211526690289213781
-0.19702116376446468515
-0.040543103815129460932
-0.067916944908675738746
0.11526983771437444848
-0.054241038973872765516
-0.0060296334808345305664
-0.022712911785614277316
0.03525967631080847986
-0.0046671181962805643323
1.4151146632022844063
-0.0060915284234431743213
-1.0905916605151944054
0.71870076650188707834
0.071826545367393052066
-0.4426246527347968418
0.12875868749654573175
0.044443899826504137951
-0.0077754892974328344499
-0.078442896788303989597
0.0083274936007604310334
-0.0073542961862340279489
0.057383782181236756004
-0.10133562470262695576
-0.050489141418290944818
-0.0076145073402292366704
0.06501357123199949517
0.013095741652458556953
-0.43714876730495211277
-0.017222773463418925011
-0.043631369608796440052
0.057814140323256435483
0.0084989741354989708361
-0.10879887517255121265
0.14193516867908329004
0.010861971308783939169
-0.085815953901454453123
-0.036120819816015295456
-0.010797553880854099395
0.048972204083546244657
0.0088497345506995082898
0.044527136303516873239
-0.012914234677148986319
0.009507712942962995642
-0.023075356455543431095
-0.001988633045844151459
-0.098684523912643540289
0.018486361800974359521
-0.073495302533113843202
0.059340411508174970012
-0.0046412813657200832629
-0.057413344935615728826
0.037992050416656944489
-0.015553245695956830624
0.0085349842663187350938
0.0077184472703882810174
-0.022777966318671925838
0.0026869729389020768906
-0.0036718611643492267242
0.010762701248830747192
-0.0025394550325657815927
0.0070749547532562564664
-0.0056807927223587618287
-0.0013050976527268600465
-1.7517210110689465097
0.036402342209415301799
1.1200162264857198569
-0.5853570958244056488
0.0097556192435972310245
0.51715048000540253526
0.025134712468150088166
0.0062684649942480793333
0.13877019742808366365
0.0069575706064511737281
-0.018662816235745324778
-0.076185201719581291391
-0.0092296544989057399677
0.010288458969426405795
0.057157418485754930837
0.0044382240805011501789
-0.017341109801204668966
-0.025873392356947480519
-2.2162445702882083154
2.9576553529535622999
-0.41651847007005676771
-0.95558659262229361797
1.1162529618458942871
-0.33205022325773769776
-0.12342345532321048751
0.058653245388794537918
-0.15791342853336198804
0.019795013590231506223
-0.003708551820174883773
0.084335683855721446656
0.046840004027101186934
-0.069955741108438815323
-0.082318917733547755655
-0.016067932760857207147
0.024960490624180185076
0.027660883871030789855
-0.54364173930798875833
-0.023169515584748657383
-0.41728908476494741553
-0.089687017439929350715
-0.02786915187655288062
-0.28743061385216128745
0.061156846048843520325
0.0048991671784462701919
-0.10276614857650120949
-0.0039574394694172768464
-0.0080951150831172387357
0.042379678414580845836
-0.10390393002051818983
-0.03262376258885146818
-0.040890417709391294054
0.054936148881382547426
0.01615791206576771763
0.0055698956254035284982
-0.3995418548666948011
-0.087007050744694627853
-0.0023626310490133103567
-0.11748224082719951888
0.028460686175945843629
-0.031184764280735258191
-0.052853312588328302257
0.031750183709528763398
0.011655481750542318053
0.039877155281941072118
0.00099781710990394533768
0.0045901279250956592004
-0.064193147578896672667
-0.09392093088264838463
-0.077175942522775042853
0.035319401448169314428
0.056738826786350171627
0.026841011933824317909
-3.8447256665396167818
-2.7745770636464670567
-0.039402014442240465564
-1.4324469873413199217
-0.88737609419905882913
0.075295549276331363853
-0.10890573120756882886
0.10102382993091801877
0.14504430095764694886
0.080685803310033735181
-0.12177570677469132243
-0.14184504750707882526
-0.043316741241772878379
0.19765542005418562654
0.21017245289621980242
0.02235204743169700789
-0.075513178636559860624
-0.086053414488862806087
-0.12607951534454406306
-0.063181629389895702098
-0.92055708851804973758
-0.055330571794475390257
-0.010920045217606876714
-0.32042824638658379266
-0.039297335077828739192
0.0046201823076154596021
0.01513437198690894582
0.018181972568507641375
-0.019957147890360071862
0.025341115639660873743
0.018284275441176472965
0.018263567875894268222
-0.036104458400890722392
-0.0077879044180954358836
-0.0076310405397293683619
0.015428004257792485646
-0.12050998907805368643
-0.068191730584018755978
-1.484385605514163986
0.01036212942080093867
0.0023702838199519456891
-0.50426993070015713183
0.017620722724886021121
-0.01435354018266912085
-0.018921785976326127576
0.034273142911279717848
0.035308968285201795811
0.037701969843633796609
-0.062866249991549758014
-0.06816543025286286861
-0.0345126028642340002
0.027197622872862817905
0.026678535368096955444
0.018209036794473623666
2.0585665276652149736
0.016406660443784953224
0.33418200283922194771
0.61625469670061816529
-0.07332156184078508776
0.22151242740155446809
-0.10220284763780970727
-0.10363276991671004079
0.09519110818891129977
0.061258922114006637838
0.093104740048250339557
-0.048854233236206925928
-0.074923539082198800654
-0.12256986562837926535
0.034703641078526942243
0.02589132754104200157
0.052965292773576484742
-0.011880600153052613827
-4.5250456495259463452
0.13932992903357629966
0.18248492007501909695
-1.2595036127251006963
0.098099692648893302427
0.15665586057915262264
0.25591978126458725384
0.072362846708892120118
0.10830444483882746554
-0.15386172534626868513
-0.067562975962634469473
-0.082025894523468645403
0.15363168721120540328
0.067131164695913431162
0.09585244872198675492
-0.035864771573743833843
-0.026196189970062136454
-0.038798065048939789357
-1.7767841870562663953
-0.89824086826855931154
-5.7478611168076616522
-1.0092271367255232217
-0.38450762780321329215
-2.2534990028473895762
-0.37218132447814888941
-0.090973617547104063119
-0.1118835433342296598
0.21808492266418111338
0.08728996910846854862
-0.051159062004939206969
-0.20566676644802178719
-0.17363189600242789901
0.16965952953887974974
0.074366676940806231144
0.080194512467103934439
-0.069933796769796649495
-0.33560336606754154198
-0.15593712273084159303
-0.96235195974396847696
0.089751262293845265883
-0.016546717616084165303
-0.44221832774627439777
0.13026847568431293434
0.043018684152680571053
-0.10538668529176864475
-0.022982626766914478894
-0.035581237520374439653
0.058328923028905778347
-0.030696408610016042567
0.063042198752906578041
-0.035621011213816333729
0.025441020661078225101
-0.026540266606040720937
0.012282176682192997089
-0.088522812256180485879
0.035926124865619302184
1.629731188027470079
0.11592738803996714692
-0.040594093715946175105
0.6586268855692701818
0.095831945978356022908
-0.054282752025155145414
0.099405439931407005294
-0.03305774026325904863
0.015284785644594230808
-0.039693223851924024081
0.04747482393807350709
-0.01038057666118042191
0.0091057489390084581093
-0.011893185603287914978
-0.001221682121877551647
-0.006344503573523291827
