# 1,3-butadiene (PubChem CID 7845)

10 atoms
9 bonds

Types

  1 C
  2 C
  3 C
  4 C
  5 H
  6 H
  7 H
  8 H
  9 H
  10 H

Coords

  1   -0.6022    0.3972    0.0000
  2    0.6024   -0.3975    0.0000
  3   -1.8315   -0.1305    0.0000
  4    1.8314    0.1308    0.0000
  5   -0.4975    1.4789    0.0001
  6    0.4979   -1.4792    0.0001
  7   -2.7035    0.5151    0.0000
  8   -1.9975   -1.2027    0.0000
  9    2.7036   -0.5143    0.0000
  10   1.9969    1.2030    0.0000

Bonds

  1  1  2  1  0  0  0  0
  2  1  3  2  0  0  0  0
  3  1  5  1  0  0  0  0
  4  2  4  2  0  0  0  0
  5  2  6  1  0  0  0  0
  6  3  7  1  0  0  0  0
  7  3  8  1  0  0  0  0
  8  4  9  1  0  0  0  0
  9  4 10  1  0  0  0  0

Charges

  1 -0.15
  10 0.15
  2 -0.15
  3 -0.3
  4 -0.3
  5 0.15
  6 0.15
  7 0.15
  8 0.15
  9 0.15
