# cyclohexene (PubChem CID 8079)

16 atoms
16 bonds

Types

  1 C
  2 C
  3 C
  4 C
  5 C
  6 C
  7 H
  8 H
  9 H
  10 H
  11 H
  12 H
  13 H
  14 H
  15 H
  16 H

Coords

  1    0.6964   -1.2528   -0.3007
  2   -0.7059   -1.2475    0.3010
  3    1.4853   -0.0085    0.1150
  4   -1.4851    0.0027   -0.1155
  5    0.6721    1.2505    0.0597
  6   -0.6628    1.2555   -0.0595
  7    0.6205   -1.2901   -1.3951
  8    1.2373   -2.1536    0.0107
  9   -0.6303   -1.2847    1.3954
  10  -1.2535   -2.1442   -0.0101
  11   2.3597    0.0936   -0.5376
  12   1.8605   -0.1328    1.1378
  13  -2.3593    0.1112    0.5364
  14  -1.8604   -0.1189   -1.1386
  15   1.2038    2.1959    0.1161
  16  -1.1873    2.2049   -0.1154

Charges

  15  0.15
  16  0.15
   3  0.14
   4  0.14
   5 -0.29
   6 -0.29

Bonds

  1  1  1  2
  2  1  1  3
  3  1  1  7
  4  1  1  8
  5  1  2  4
  6  1  2  9
  7  1  2 10
  8  1  3  5
  9  1  3 11
  10 1  3 12
  11 1  4  6
  12 1  4 13
  13 1  4 14
  14 2  5  6
  15 1  5 15
  16 1  6 16
