137.71497059
0.36342014
-2.78949838
1.75623090
-4.86893969
-2.31918628
-3.01873942
59.70217846
-8.31239311
-1.05113276
-4.08948813
11.70560234
17.48710737
42.43158755
-6.27727395
-1.46675636
-3.40739849
1.58674150
13.02515977
5.67885926
6.45692906
4.69273492
21.59764216
-7.68805780
-4.37357550
-5.79764719
0.53149261
-0.00723980
-2.47811316
-0.34939237
-4.59425510
-4.44056296
107.64051985
-9.32851480
-6.62214151
-5.69590145
22.80361437
9.47641390
2.25214024
-0.19403065
3.05386205
12.91756406
135.15381317
-9.93292065
-3.73311129
10.67039500
9.60945072
-0.03566872
21.97944941
6.70251772
74.60284853
-5.99090678
0.21877973
-1.19909174
1.37424965
