781 -2.98183 -10.5796 2.24335
1701 -3.51002 -11.1007 1.42227
94 -3.96031 -10.4655 2.04987
2300 -2.22896 -11.34 1.57513
1432 -1.8873 -10.7017 2.31215
1531 -1.66817 -10.5435 1.33447
1231 -0.889531 -10.7236 2.39495
2149 -0.226391 -10.902 1.4864
990 -1.24004 -11.3748 1.72034
1646 1.09538 -10.9135 2.19743
1199 1.54164 -11.5193 1.34014
886 0.12941 -10.7553 2.41071
108 2.08174 -10.9724 2.02286
136 3.519 -11.0337 1.43927
1371 -7.90924 -8.26861 1.73918
633 -6.8519 -9.1683 1.73708
1061 -5.93676 -9.71229 1.79833
1827 -6.06384 -8.8245 2.25296
1752 -7.07273 -8.35766 2.28068
408 -6.37913 -8.11831 1.60049
1662 -6.21866 -7.96463 2.74195
643 -5.31418 -8.46363 2.82031
2302 -5.3296 -8.89543 1.57291
615 -4.91424 -10.1853 1.91134
43 -5.16195 -9.38735 2.46092
217 -3.83667 -9.66755 2.64485
903 -2.84735 -9.73499 2.76783
591 -3.22378 -9.41092 1.89618
201 -4.64817 -8.23416 1.99909
250 -3.33874 -8.78378 2.92974
1208 -3.67422 -8.14058 2.21274
455 -4.44002 -7.86742 2.91154
1924 -4.25336 -9.14902 1.89488
2072 -4.39891 -8.86794 2.85592
54 -2.7452 -8.52324 2.15534
564 -2.77558 -7.87972 2.92153
2286 -2.92975 -7.89256 1.36408
1787 -0.335562 -9.96527 2.00466
657 -0.846715 -9.83527 2.85864
1839 -1.32228 -9.81949 1.93289
1882 -0.321583 -8.98996 2.99757
1770 -1.8479 -9.82784 2.82723
811 -1.33054 -8.96966 2.98928
1641 -0.801643 -8.98198 2.11966
2101 -2.32134 -9.84416 1.92345
703 -2.3313 -8.90648 2.98824
1084 -1.80215 -8.07363 2.79827
1944 -1.8058 -8.92994 2.05467
162 -1.25343 -8.09496 1.94636
464 -0.807162 -8.12452 2.88239
981 -0.351271 -8.29799 1.51569
2248 0.664308 -9.98861 1.89073
573 0.232936 -8.99645 2.15035
1300 0.163775 -9.85674 2.86424
1856 0.286314 -8.1949 2.88373
854 0.790578 -9.05331 2.99115
185 2.32173 -10.154 2.60869
710 1.15026 -10.0673 2.76996
807 2.2443 -9.24316 2.05191
1510 1.22337 -9.13248 2.06471
109 1.76695 -9.273 2.95422
822 0.835583 -8.20977 2.00662
86 1.84129 -8.32203 2.07376
563 2.26936 -8.39161 2.97813
1241 1.28725 -8.17292 2.90546
395 1.66129 -10.0606 1.81674
736 3.40283 -10.2226 2.38885
1190 2.77009 -9.28619 2.90151
663 3.24097 -9.22698 1.92123
954 3.75878 -9.3588 2.77061
456 5.12281 -8.74073 2.77731
1184 4.57937 -9.34254 2.19094
441 3.27106 -8.41962 2.99639
2201 3.42447 -8.14977 2.00532
578 4.18169 -8.47151 2.57998
2319 2.74477 -10.2854 1.62836
824 4.21122 -10.3933 1.81674
782 5.16862 -10.0858 1.87124
397 2.65287 -8.50968 1.46746
2033 4.27189 -8.46532 1.57392
669 5.72536 -9.33188 2.22973
1018 6.66406 -8.97928 2.00681
2020 5.30839 -7.96268 2.12165
116 6.99223 -8.12901 2.42569
817 6.06711 -8.45693 2.62134
2041 5.21633 -8.79404 1.5569
151 6.04956 -9.90849 1.42925
1587 6.24722 -8.07373 1.71153
422 7.87826 -8.08795 1.89031
1147 -9.69987 -5.94751 1.33788
670 -8.61947 -7.56523 1.70468
1211 -9.30392 -6.83264 1.59071
942 -8.01034 -7.20542 2.42756
920 -9.36444 -5.72525 2.25295
178 -8.52302 -5.51175 2.76967
813 -8.72751 -6.49191 2.33755
1589 -7.85912 -6.28236 2.80452
667 -7.9494 -6.85424 1.48923
1703 -7.86772 -5.66269 2.02116
1269 -8.70816 -6.04217 1.44087
2215 -6.55949 -5.27416 2.93713
1865 -7.20342 -6.60983 2.12403
1691 -7.23581 -7.53078 1.68174
225 -7.08384 -7.4517 2.70295
1980 -6.97064 -5.64722 1.57078
1169 -6.87839 -6.21976 2.98767
689 -7.56133 -5.34491 2.98756
348 -6.23669 -6.99237 2.97383
2032 -6.35036 -7.18842 1.99583
1407 -5.35603 -7.47096 2.97796
434 -5.52366 -7.75045 2.01115
131 -5.48714 -6.74268 2.30519
123 -6.2776 -6.19144 2.04142
801 -5.40772 -5.68103 1.8402
1845 -5.86272 -6.06822 2.94763
714 -5.64789 -6.52092 1.33743
1620 -4.68098 -6.377 1.83538
1365 -4.2296 -7.27263 2.08002
576 -4.60374 -6.80979 2.8845
1989 -3.7173 -6.38951 2.52928
419 -3.31104 -7.05302 1.75214
2106 -3.60317 -7.32261 2.86625
1760 -2.73631 -6.92571 2.56037
1394 -4.90329 -5.87903 2.68995
1773 -4.12123 -5.55065 2.15763
1121 -2.90988 -6.1111 2.00163
1857 -4.93859 -7.22851 1.38235
1540 -3.76531 -6.2025 1.48703
1014 -3.53908 -5.23748 1.35379
1366 -2.22766 -7.59677 2.01289
2102 -1.90769 -6.59671 2.1081
1951 -0.224595 -7.62234 2.24224
1461 -0.823258 -6.62995 1.89465
1502 -1.26858 -7.27236 2.51873
532 -1.49902 -7.21682 1.43903
1481 -2.14226 -5.95998 1.37426
804 0.733158 -7.36499 2.53733
1260 0.179999 -6.7454 1.98159
1258 0.756527 -7.36669 1.45288
800 1.73157 -7.32389 2.60533
690 2.47221 -6.7432 2.25911
2222 1.5472 -6.51485 1.92581
868 1.74576 -7.44132 1.60196
2324 3.46963 -7.05337 2.1292
1386 3.7684 -7.55047 2.94341
2053 2.79902 -7.62272 2.61209
180 4.3157 -7.6062 2.09651
1529 4.74604 -7.75793 2.99524
1048 3.22067 -6.08468 2.10581
1920 4.14624 -5.73902 2.28652
538 5.03497 -6.99006 2.4128
143 4.15191 -6.645 2.76071
1604 4.97133 -6.05311 2.75899
2112 2.74331 -7.52537 1.60852
262 4.96534 -5.77001 1.62077
1755 4.32224 -6.59406 1.77549
471 3.54473 -5.34285 1.51491
1738 7.73208 -5.41765 2.9637
308 6.44651 -5.28761 2.01888
460 5.84554 -5.5729 2.85196
355 6.68901 -6.09278 2.99908
196 7.34938 -5.77248 2.10903
6 7.62438 -6.40427 2.83464
533 7.61545 -7.35421 2.51709
997 5.9441 -7.17226 2.03923
2345 5.72772 -7.56482 2.94452
1246 6.67127 -7.23677 2.83862
2384 6.72545 -6.55255 2.1121
1762 5.84481 -6.08482 1.98739
722 5.81272 -6.56949 2.92713
2289 7.00881 -7.42302 1.71273
1826 5.26473 -6.71254 1.46375
1640 9.7302 -6.14014 1.60701
1224 8.52186 -6.04143 2.57922
1170 9.3191 -5.50998 2.29084
1323 8.20597 -5.2585 2.03971
2366 8.75158 -5.87981 1.47727
1909 8.0022 -6.63604 1.93624
152 8.99926 -6.70299 1.99294
215 8.68393 -7.56654 1.5994
919 -10.5057 -4.27044 1.8768
134 -11.2126 -2.89086 1.52905
190 -10.5515 -3.26623 2.18553
1647 -10.108 -5.18583 1.85086
2356 -7.99923 -3.49414 2.97911
758 -8.75192 -4.03916 2.09647
637 -9.47976 -4.46269 1.55699
729 -8.63585 -5.01661 1.90843
2254 -9.36718 -4.77221 2.56447
774 -8.46045 -4.52427 2.92148
2164 -9.76515 -2.90876 2.69858
2309 -9.83859 -3.89178 2.52123
44 -9.21475 -3.1733 1.90629
1934 -8.99782 -3.51268 2.91544
1563 -8.23109 -3.11806 2.07952
1706 -9.96257 -3.58743 1.38748
1777 -7.46137 -4.33741 2.97244
909 -7.75671 -4.12258 2.04117
696 -7.13555 -4.89077 2.20267
996 -7.75725 -4.88798 1.38823
910 -6.14571 -3.3834 2.2496
810 -6.78078 -4.03926 1.81674
2322 -7.01865 -3.44604 2.74313
2361 -6.48091 -4.29837 2.73476
1062 -7.2557 -3.15923 1.79442
922 -6.18522 -4.99301 1.85779
507 -5.60677 -5.14443 2.66091
51 -5.60225 -4.22746 2.2511
1550 -4.84144 -4.86985 2.07542
877 -4.95761 -4.05697 1.50486
2316 5.07587 -5.1293 2.39364
1874 4.39797 -4.8595 1.70965
204 6.75448 -5.09644 2.95349
731 5.92511 -4.60684 2.59182
1961 5.26016 -4.20017 1.94981
147 6.45292 -4.3499 1.65851
32 5.62279 -5.02334 1.51256
816 6.88174 -4.10561 2.83164
799 7.3382 -4.77737 2.20368
2267 7.36873 -3.92304 1.68424
2105 6.61403 -3.3218 1.41643
1429 5.55179 -3.31555 1.58089
2095 6.14266 -3.65832 2.31356
1869 6.9162 -3.10623 2.63291
2221 6.27675 -2.61493 2.03842
1127 7.6786 -3.02 1.98991
2218 7.81598 -3.4223 2.94027
1679 8.70498 -4.90355 2.83514
22 7.82807 -4.42055 3.00285
583 8.26593 -4.26146 2.11113
1446 8.68767 -3.91106 2.95669
2380 9.06902 -4.74377 1.68848
1028 9.42763 -3.821 1.84925
2025 9.58374 -4.52509 2.54366
1051 10.3119 -3.63847 2.28974
664 10.1825 -4.97639 1.88605
1091 8.61839 -3.32766 2.14313
189 8.6298 -2.80631 3.00843
166 9.50987 -2.82893 1.95229
1357 9.49909 -3.35777 2.80483
1727 10.3358 -2.65475 2.493
1763 10.1388 -3.33461 1.34767
1271 10.9797 -3.04551 1.80533
199 10.8564 -4.00573 1.54164
638 -11.0925 -0.144316 2.13476
1428 -10.8499 -2.20648 2.1662
1986 -10.5595 -1.53686 1.38019
1615 -11.481 -1.93567 1.39066
2372 -10.7148 -1.24526 2.40347
728 -11.3986 -0.995435 1.71168
1456 -10.2284 -0.664934 1.74566
1846 -10.0658 -1.94863 2.72577
1367 -7.89644 -2.18348 1.95337
2050 -8.11308 -1.70883 2.89276
904 -9.69422 -1.50662 1.90046
814 -9.97582 -2.52239 1.75706
2059 -8.54951 -1.34663 1.96572
1943 -9.86086 -0.977458 2.84795
333 -9.01488 -2.21697 2.13414
593 -8.59769 -0.793871 2.85427
1183 -8.6117 -2.57272 2.97852
2022 -9.13478 -1.66695 2.96117
1800 -9.30077 -0.0567947 2.95288
120 -9.26235 -0.63281 2.12417
2086 -10.2722 -0.0776003 2.70273
897 -8.59572 -0.355781 1.42454
557 -7.61437 -0.78287 2.62585
1292 -6.90476 -2.18788 1.47537
1010 -7.60616 -2.58191 2.82847
934 -5.99052 -2.5681 1.68459
1039 -6.70561 -2.56552 2.38359
2038 -7.58912 -1.24697 1.70022
1988 -7.18579 -1.69677 2.51554
270 -6.62006 -1.11806 1.92024
0 -7.66833 -0.238212 1.78075
1071 -6.67744 -0.117933 1.85991
1497 7.59102 -1.01775 1.84538
707 6.60192 -0.891464 1.87436
2055 6.86511 -1.76757 2.31114
133 7.54742 -0.372238 2.62472
1798 6.97986 -2.34591 1.37362
1656 6.19793 -1.74113 1.53356
416 7.68308 -2.43475 2.84454
2269 7.694 -1.42207 2.75937
2168 7.75117 -2.00324 1.90958
302 7.67313 -0.0791513 1.51488
1115 8.67372 -2.31336 2.12475
1319 9.47995 -2.25661 2.90551
1651 8.50537 -1.33165 2.10689
202 8.58748 -1.807 2.98976
2378 8.47372 -0.805341 2.95435
706 10.2125 -1.01666 1.65455
1618 10.2469 -1.66009 2.66308
1235 9.4403 -1.67969 2.07033
1133 9.39789 -1.2239 2.96294
987 10.3668 -2.00867 1.73027
1883 10.1918 -0.659745 2.74245
2145 9.26312 -0.194878 2.98711
1586 9.39575 -0.678911 2.12433
1711 10.1144 -0.0391355 1.85374
1953 8.46406 -0.328556 2.07589
517 11.03 -1.34299 2.12954
2 11.3501 -2.14207 1.57403
1643 10.9943 -0.342166 2.23515
2024 11.6223 -1.21023 1.3369
372 -10.7466 0.765001 2.39921
478 -11.3802 0.606645 1.53694
1733 -11.0464 1.59584 1.92827
52 -11.2659 2.50043 1.56251
466 -8.78794 0.830154 2.92282
695 -9.80036 0.811548 2.85341
2210 -8.11924 0.0948155 2.77179
1402 -9.28656 1.70035 2.9534
191 -7.85506 1.22293 2.78888
1804 -8.68711 2.50207 2.993
666 -9.75224 2.58162 2.78886
1959 -9.76466 0.217987 1.88471
639 -8.28732 0.553234 1.89645
1789 -10.3196 2.30485 1.86399
64 -10.2313 1.05209 1.59031
253 -10.2562 1.67989 2.6428
1838 -9.1713 1.01459 2.00087
1277 -9.3733 2.00613 1.9899
597 -8.41602 1.69873 2.1114
1927 -7.72799 2.21641 2.84149
505 -7.29075 0.512239 2.35871
2196 -7.59094 1.26613 1.72416
2156 -7.62671 2.28175 1.82279
331 -6.86214 1.84597 2.31398
1171 -6.58137 1.00239 1.84737
1252 7.55896 0.933993 2.64777
982 6.85334 0.103642 2.08117
1535 7.14919 1.90153 2.52825
1947 6.74058 1.09825 2.07032
948 7.14061 1.82455 1.50603
1872 7.54374 0.904423 1.50496
802 6.37555 2.24144 1.99001
1315 10.1466 0.368723 2.77327
998 8.32648 0.183477 2.92453
2352 8.34663 0.722158 2.06788
431 8.57743 1.14631 2.97175
1178 10.0739 1.08432 2.06378
1783 9.30346 0.472987 2.24702
2280 9.57705 1.17469 2.93138
2183 10.2969 2.07343 1.51708
1549 9.02768 1.50975 2.15105
1457 10.0468 2.03013 2.72216
592 9.07889 2.09718 2.97333
559 9.44984 2.3991 1.94074
353 8.07274 2.00581 2.91251
1579 8.01578 1.66118 1.97222
2167 8.48681 2.53643 2.17325
2274 10.959 0.661754 2.26315
511 11.5471 0.248222 1.57158
719 11.4651 1.2433 1.59838
214 11.326 2.2421 1.5324
955 10.8507 1.67977 2.25297
1046 -10.6994 3.21551 2.04913
926 -9.0263 3.45169 2.89096
1639 -7.92722 3.231 2.94493
567 -8.29052 4.20222 2.98027
1532 -9.93601 3.70468 2.52042
1915 -9.47574 3.00721 1.92446
1504 -8.47318 3.75442 2.09429
19 -8.51902 2.72898 2.02046
651 -10.2562 4.48063 1.95223
2242 -9.22571 4.48386 2.66458
412 -9.45785 5.07449 1.58812
2336 -9.36553 4.04448 1.74448
2013 -8.55693 4.85934 1.96332
932 -6.82443 4.1657 1.78038
929 -5.51339 4.42094 2.29293
1672 -7.16875 3.90996 2.88227
1576 -7.68655 4.4346 2.20787
809 -5.569 3.55527 1.78312
724 -7.54303 3.40275 1.9768
5 -6.95927 2.89943 2.61658
876 -6.2602 2.60483 1.96034
671 -6.30063 3.65014 2.4596
38 -6.37476 4.60446 2.77383
2110 -7.29131 4.9494 2.98922
911 -5.77684 4.80993 1.41237
1881 -4.04414 4.85375 1.343
1164 -4.87811 4.27676 1.48004
960 -4.65391 5.0871 2.0987
53 4.63322 4.46472 1.40101
775 4.57234 5.16322 2.11656
745 3.74551 5.16832 1.43168
916 6.74406 3.02515 2.50411
211 7.66949 2.92109 2.88775
1490 6.69706 4.75073 2.88655
176 7.21357 3.84401 2.85643
1536 7.51942 2.64315 1.93921
205 5.76547 5.06607 2.67857
607 6.27131 3.91202 2.52049
1070 5.95767 3.18126 1.88916
236 6.75334 2.9073 1.33913
2348 5.2004 3.63388 1.38671
978 6.31091 4.70576 1.90712
946 5.42256 4.27901 2.12708
972 7.38971 4.60518 2.15905
1287 7.23263 3.63802 1.86111
1822 5.46008 5.18054 1.65199
923 9.61603 2.93267 2.77292
574 8.65112 3.09033 2.98796
595 9.33081 4.89871 2.55425
831 9.79288 3.88952 2.53599
631 8.86754 4.06053 2.87893
853 9.89622 3.34354 1.64027
233 9.74268 4.39062 1.66478
1886 7.96271 4.4992 2.97348
991 8.45447 4.58316 2.10193
1612 9.00048 3.39577 2.08361
445 8.08402 3.68299 2.38397
1011 8.16016 3.25856 1.481
1919 8.86097 4.05038 1.33725
1765 7.88074 4.25273 1.35248
1463 10.499 2.8362 2.29148
851 10.7389 3.91786 1.70549
2107 10.5798 4.85891 1.34484
751 -9.5553 6.05395 1.78564
858 -8.59021 5.81886 1.67278
61 -9.13068 5.48086 2.49858
177 -8.25784 5.20173 2.89968
674 -8.23397 6.19195 2.69708
896 -8.80455 6.716 2.06402
409 -8.10985 7.43862 2.19965
362 -7.28959 5.94878 2.92724
1670 -6.29499 5.79099 2.94037
828 -5.40524 5.41772 2.67277
300 -5.49735 6.4089 2.86457
410 -6.74971 5.31805 2.16318
150 -7.72803 5.54719 2.12215
1321 -7.38453 6.95877 2.71368
1200 -6.39904 6.84543 2.90851
1997 -5.72475 7.6643 2.79131
2146 -5.94197 5.7979 1.81929
1843 -7.72137 6.58061 1.84133
1406 -6.63141 7.44527 2.11494
2292 -7.37092 7.56377 1.41919
1726 -6.7726 6.3202 2.11618
2142 -5.8874 6.78454 2.02296
76 -4.51166 6.14871 2.65809
1629 -4.23627 7.09524 2.85125
2049 -3.29222 7.45081 2.77853
261 -3.48615 6.50586 2.51344
1404 -3.84317 5.68126 2.07072
2111 -2.76064 6.11919 1.93825
1917 -3.16504 7.20328 1.79744
1215 -5.00359 6.26918 1.78705
295 -5.02896 7.27679 2.17151
1485 -4.15825 6.88185 1.87759
290 -1.71618 6.46774 1.90884
344 -1.32445 7.21933 1.36251
1399 -0.805614 6.83762 2.12583
2065 -1.51637 7.35713 2.60326
18 -0.0333251 7.59647 2.63636
575 -2.1182 7.60282 1.8368
2363 -2.4275 6.89552 2.47846
387 0.188199 6.80033 2.03781
1037 1.85165 6.98315 2.38242
347 0.914116 7.30961 2.49913
2260 1.11971 6.5608 1.76456
2180 2.45454 7.1632 1.54976
1167 2.07073 6.24764 1.73972
975 0.436796 7.78475 1.75846
915 1.45056 7.48939 1.60367
1896 2.80895 6.57358 2.32764
702 3.5365 7.08137 2.78748
1627 4.33989 7.65723 2.94184
711 4.34843 6.4995 2.74117
570 3.86629 6.87932 1.86143
165 2.96825 5.81931 1.68299
605 2.6135 7.48322 2.78705
1996 3.21742 7.63213 2.00195
884 4.75916 7.25557 2.12443
1393 5.08519 5.80391 2.71146
1547 3.82331 5.84216 2.20084
2158 4.76698 6.2582 1.85395
1830 6.89967 7.5844 1.71545
1342 7.52444 6.89484 2.13598
1298 5.30137 6.75404 2.94994
375 6.31285 6.7564 2.98868
717 5.3395 7.75311 2.96342
1426 6.06464 7.51816 2.30598
1450 7.2315 6.36377 2.93088
2225 6.96768 7.47135 2.7331
2340 6.43034 5.75301 2.97618
1373 7.46599 5.38528 2.96618
2209 5.91351 5.93016 2.13454
2124 7.23158 6.20675 1.45786
654 6.9002 5.51309 2.11286
389 5.58743 6.82941 1.76138
1495 6.55273 6.69052 2.01988
486 9.72627 6.24607 1.37019
223 8.87816 5.44943 1.81459
173 8.45403 5.36803 2.81342
821 9.91912 5.41303 1.89925
1449 9.20522 7.10645 1.43023
268 8.19957 6.34368 2.66332
1995 8.47514 7.20771 2.10673
280 9.0682 6.39055 2.14043
2257 7.89234 5.46474 1.98242
1828 8.20726 6.36514 1.63041
1192 -8.23652 8.10558 1.45973
2091 -5.41877 8.6661 2.61176
207 -6.65941 9.1447 1.76941
242 -6.34288 8.37767 2.33309
1237 -7.33842 8.2297 2.18119
135 -7.53757 8.81682 1.39612
1273 -5.69909 8.88216 1.67377
755 -5.70035 7.88354 1.74352
2157 -5.24297 9.58503 2.22519
1299 -5.98509 9.85411 1.56208
326 -4.48386 9.05455 2.68429
224 -4.75842 7.95513 2.85324
551 -2.89041 8.6746 2.91405
1552 -3.81495 8.30203 2.83984
1073 -3.54915 9.40915 2.72599
940 -3.07607 10.2395 2.42586
1289 -3.55325 9.89165 1.52021
1134 -4.27288 9.91474 2.21888
293 -2.8354 9.16011 2.01824
1345 -2.93521 8.15339 2.01167
346 -4.72339 8.47373 1.90578
655 -3.92617 7.84963 1.95755
254 -3.85861 8.99868 1.85984
678 -4.65728 9.43647 1.42645
1326 -5.09053 10.3295 1.57268
1788 -0.397313 8.65014 1.36029
510 -0.666419 7.81523 1.89573
1626 -1.44084 8.24442 1.41785
1377 -0.881048 8.088 2.87266
1290 -0.739348 9.71435 1.96359
1361 -0.522993 9.01588 2.99647
440 -2.01595 8.52764 2.20793
673 -1.52003 8.88871 2.99811
10 -1.00465 8.76817 2.14957
1375 -2.01978 10.392 2.51559
2247 -2.33544 9.50476 2.87062
437 -0.160942 9.93791 2.83686
1616 -1.17639 9.83897 2.85426
1824 -2.4738 10.0721 1.64529
500 -1.45343 10.3553 1.67336
956 -1.71854 9.47361 2.07472
971 -2.36597 7.82374 2.84955
1033 0.0109258 8.56758 2.26974
2311 0.724042 8.20931 2.89224
1228 0.602385 8.70788 1.39509
1159 2.11742 9.00222 2.18711
571 1.80941 9.78858 2.8252
66 2.58332 10.3546 2.46468
512 0.843996 10.0775 2.78498
676 0.468055 9.17419 2.99195
950 1.2638 8.35873 2.0646
1078 2.4813 8.45975 2.96271
1266 2.23634 8.02502 2.01106
1533 1.6793 7.86513 2.83119
545 1.5242 8.84595 2.98671
418 1.17426 9.34741 2.19014
2244 1.94945 9.97963 1.78542
12 0.236424 9.50139 1.88034
1145 0.943642 10.2181 1.74146
1592 4.23869 10.3911 1.97013
1712 3.05391 8.61889 2.06103
506 3.41577 8.06499 2.92918
105 3.95148 8.99436 1.79627
1148 2.86719 9.58122 1.8557
1257 3.5144 9.96625 2.51243
1196 2.74567 9.41872 2.84453
1013 3.66795 9.03142 2.85837
2074 4.43212 9.55197 2.47764
1278 4.13477 8.03754 2.0227
75 5.12463 8.3275 2.05243
1683 4.59303 8.62224 2.84672
492 4.65452 9.62933 1.37319
1965 6.18067 8.25951 1.53587
1718 6.92167 8.48963 2.18871
1114 6.01956 8.45529 2.6524
1702 7.72586 7.87462 2.20078
2075 5.36686 9.19642 2.49447
1875 5.53348 9.92058 1.77206
1177 6.26044 9.23347 2.03166
1993 5.50757 8.99438 1.37754
203 7.0711 9.18879 1.44008
1714 7.85651 8.55167 1.46141
1191 -3.18396 10.8977 1.66572
2305 -4.15943 10.6931 1.56696
1834 -0.632544 10.7115 2.41243
887 -0.0972628 10.4032 1.58997
2066 -2.20361 11.1196 1.85362
1149 -0.183679 11.4065 1.74443
944 -1.18231 11.3179 1.81046
2019 2.36881 11.1161 1.83785
550 1.55726 10.6664 2.40328
70 0.382909 10.8514 2.35366
1398 1.06464 11.3449 1.7936
856 3.31435 10.7646 1.86928
1436 -5.41215 -10.6592 -0.473607
2295 -4.39521 -10.7442 -1.28996
2381 -3.50838 -11.2215 -1.07479
2067 -4.44403 -11.1163 -0.343233
2226 -5.03119 -10.8539 0.431563
1230 -3.95339 -11.2715 0.538824
1217 -4.4753 -10.8196 1.26884
1723 -3.71402 -10.4365 -0.451126
341 -2.839 -11.5435 0.809418
1945 -3.1233 -11.3407 -0.138751
1259 -2.70706 -10.5079 1.28249
1835 -3.29218 -10.5244 0.465047
1948 -2.28472 -10.806 0.424719
77 -2.20699 -11.7704 0.00998425
2061 -2.51625 -11.389 -0.941421
1546 -1.01536 -10.6118 -1.31467
1097 -1.80511 -10.8754 -0.456353
2243 -1.44669 -11.7631 -0.77931
1479 -0.543263 -11.7752 1.10687
1119 -1.62898 -11.5112 0.791218
2325 -0.343167 -11.0175 0.481493
1699 -1.28949 -10.649 0.405936
1427 -0.804638 -11.0008 -0.408088
733 -0.910257 -11.9497 0.189654
1197 -0.443759 -11.8898 -0.69506
423 1.07821 -10.6343 1.23432
1447 0.542206 -11.5206 1.28966
1206 2.04807 -10.5625 -1.32715
1570 2.36835 -11.5079 -1.1931
2077 0.128 -11.8968 0.287526
704 1.26622 -10.9736 -0.406283
1654 0.653683 -10.9769 0.384176
841 0.84916 -11.9036 -0.468908
1522 0.182955 -11.1397 -0.483069
778 1.1286 -11.8646 0.491866
658 1.97735 -11.3011 0.466066
608 1.85228 -11.8224 -0.396882
986 0.36058 -11.65 -1.32913
222 1.37757 -11.6203 -1.29417
407 2.57678 -11.408 1.26129
1698 2.01633 -10.4184 0.944943
1027 2.05066 -10.4235 -0.0616407
1508 4.23966 -10.9432 -1.23081
1314 2.80388 -10.8043 -0.630392
1731 2.77776 -11.6701 -0.0243659
1911 3.60401 -11.3952 -0.525192
935 2.97017 -10.6797 0.672558
1819 3.66349 -11.3822 0.4744
1075 4.43509 -10.9486 0.97165
2228 3.6138 -10.4982 -0.0710904
665 4.46868 -11.1279 -0.0996899
1372 5.22376 -10.6106 -1.00016
41 5.39753 -10.5249 0.982452
439 5.37769 -10.7106 -0.00614841
1492 -8.99586 -7.83296 -0.647058
1355 -8.51562 -8.45523 -0.0181487
874 -8.8057 -7.98627 0.816026
63 -8.08845 -8.69552 0.853527
485 -8.04943 -8.70375 -0.867372
1871 -5.55773 -10.3626 1.13021
1346 -6.10015 -10.3268 0.171849
1914 -7.3251 -9.34038 0.873227
328 -5.22277 -9.85867 0.305851
1999 -5.3027 -8.88017 0.566005
1847 -6.21451 -8.89685 0.994835
429 -6.48128 -9.86767 0.974033
1600 -7.07752 -8.34961 0.836456
1438 -6.36189 -8.04208 -0.612237
1973 -6.22163 -8.08679 0.376774
1977 -7.26967 -9.34695 -0.856049
2237 -6.852 -8.7264 -0.0639254
914 -7.76957 -9.12471 0.00212665
727 -6.9789 -9.74695 0.0272362
864 -5.56614 -8.6054 -0.380675
2014 -5.52575 -9.55011 -0.709684
1156 -6.07007 -9.32455 0.0983602
2031 -6.32978 -8.99358 -0.920921
1185 -6.41957 -10.007 -0.764678
882 -7.20365 -8.22255 -1.11959
23 -7.59607 -8.06049 0.00793055
2217 -5.34468 -8.10241 -1.21677
692 -5.45858 -8.01539 1.04185
1422 -2.78464 -10.0821 -0.279474
11 -2.70559 -9.7068 0.667994
973 -3.07667 -10.1423 -1.23412
2368 -3.6844 -9.97956 1.21127
943 -4.2516 -10.2029 0.408409
1557 -2.63014 -8.35594 -1.24434
329 -4.6733 -9.60747 1.11127
1799 -3.48294 -9.35984 -0.584494
619 -3.62285 -8.63635 -1.29239
933 -4.51084 -9.19417 0.0419852
1668 -4.04323 -9.79915 -1.30476
26 -4.63889 -10.0204 -0.525857
74 -4.54956 -8.9966 -0.945919
1107 -3.58442 -9.28962 0.412322
107 -4.48701 -8.60088 1.07703
1105 -3.49877 -8.70535 1.22256
1220 -3.85187 -8.31631 0.349006
158 -2.85622 -8.38551 0.500189
1000 -3.22124 -8.32767 -0.429962
339 -4.62889 -8.25565 -0.279874
873 -4.34686 -7.9357 -1.18506
1774 -0.15458 -8.05945 -0.882976
2229 -0.725163 -8.82989 -1.20232
872 -0.366275 -9.16243 -0.329134
315 -0.231162 -10.1263 0.0145953
1122 -0.314427 -9.78829 -1.11378
2176 -1.08834 -10.0403 -0.496345
406 -2.10396 -10.3933 -1.29134
1364 -0.779416 -10.1439 1.10982
2184 -0.30921 -9.2777 1.27894
2276 -1.0012 -8.36286 -0.316869
1795 -2.48229 -9.34722 -1.08291
880 -1.78644 -9.58633 1.0554
1506 -1.87919 -9.89308 0.104006
1894 -1.59242 -9.15517 -0.515304
1267 -1.0072 -9.4895 0.382049
2128 -0.463117 -8.63972 0.524614
738 -2.5166 -8.93259 1.27206
292 -1.95963 -8.10248 1.18748
721 -1.72048 -8.66815 0.354883
902 -1.19464 -8.78687 1.21508
1786 -0.997913 -7.86861 0.86661
2379 -2.51555 -9.10717 -0.112689
1151 -2.21833 -8.02556 -0.390016
481 1.28664 -9.03043 -1.31614
1814 0.268856 -8.92057 -1.27394
2177 2.33607 -8.86058 -1.28917
1036 1.45057 -9.93631 -0.807076
1340 1.85583 -8.03414 -1.00085
834 0.31213 -8.45638 -0.0846069
660 0.870854 -8.19834 -0.921671
974 0.489898 -10.2087 -0.687239
137 0.262884 -7.93171 0.791201
1984 0.788728 -9.25679 -0.470877
2162 1.09197 -10.0829 0.127066
953 0.582594 -8.78537 1.2274
2388 0.269021 -9.33242 0.434886
1792 0.225281 -10.2223 0.899996
1099 1.06951 -9.65352 1.03848
301 2.46103 -8.65978 0.49739
2056 1.17275 -8.88816 0.395811
1816 1.93862 -9.54923 0.439878
577 1.76465 -8.90952 1.22312
1682 1.28481 -8.06713 0.968037
1265 2.44317 -9.78988 -0.765269
474 1.80799 -9.05962 -0.429333
1923 1.68359 -8.12549 -0.00178841
1093 3.57893 -10.0266 1.12656
531 4.64016 -10.1129 0.461984
1092 2.70494 -9.44463 1.07906
1970 3.56827 -8.92295 1.02429
1655 4.40847 -9.44279 1.2092
1276 3.22024 -7.98168 0.826637
675 4.25794 -8.06875 0.650575
2208 4.44356 -10.1909 -0.537059
1681 3.43632 -9.68708 -0.657748
139 3.81996 -9.56626 0.271206
450 2.85444 -9.82911 0.147132
726 3.71397 -8.57544 -0.0314818
1721 2.83716 -8.92169 -0.42037
890 5.03433 -9.60095 -1.11392
1395 4.61145 -8.95416 0.318934
1907 4.30132 -9.11157 -0.637908
1928 5.18152 -8.65085 -0.454243
1530 2.94213 -7.95009 -0.144115
167 4.41173 -7.92515 -0.370891
2294 3.50452 -8.77071 -1.16635
1754 2.84358 -8.00422 -1.16862
2272 4.69874 -8.29258 -1.25641
1746 7.28559 -8.13012 -1.00419
1057 6.73121 -8.76139 -0.454318
1396 7.65587 -9.15597 -0.511398
2344 6.80552 -9.67205 -0.982958
312 7.57206 -7.98729 0.301876
2351 7.64864 -9.11951 0.5124
2213 6.95015 -9.68758 0.00756165
2100 6.10686 -10.2458 -0.52654
1772 6.18426 -10.1579 0.467914
2224 5.3378 -9.46117 0.821902
1779 6.12862 -8.91014 1.15763
2339 6.89895 -9.54336 1.02109
2051 7.26292 -8.60648 1.2924
1408 5.43399 -8.45148 0.602805
1548 6.68325 -8.40086 0.499575
313 5.32265 -9.71367 -0.162181
284 5.92219 -9.21385 -0.832054
3 6.08029 -9.16513 0.191407
838 5.64013 -7.91964 -1.0866
1897 5.99094 -8.13204 -0.172465
913 8.20695 -8.41929 0.990372
2115 8.3188 -8.58091 0.00138728
1717 8.92316 -7.81239 0.628115
458 8.22228 -8.4829 -0.992774
630 8.93373 -7.88407 -0.374645
272 -10.4494 -5.84403 -0.391781
1023 -9.94449 -6.69664 -0.254476
129 -10.0701 -5.95764 -1.30798
28 -9.35886 -5.85079 -0.609869
1645 -9.39432 -5.89668 0.38941
1720 -9.46906 -7.05383 -1.05869
818 -8.61742 -6.54286 -1.18898
626 -10.3734 -5.90972 0.60173
596 -8.94259 -6.6865 -0.251458
645 -9.81561 -6.73861 0.736537
36 -9.38898 -7.46368 0.19293
2214 -8.80035 -6.83509 0.729462
769 -7.85138 -7.70447 0.914672
97 -8.40766 -6.02933 0.285839
961 -7.95119 -6.75889 -0.482478
2108 -8.39751 -7.46367 0.066083
604 -8.01704 -7.70188 -0.829142
1089 -8.26851 -5.7526 -0.666385
229 -7.83897 -5.20241 0.425902
648 -6.99574 -7.38643 0.454708
686 -6.93688 -5.73127 0.558208
1358 -7.79963 -6.79026 0.508573
1182 -7.6789 -5.21296 -1.26995
71 -7.28797 -5.49468 -0.355072
232 -6.34696 -5.8304 -0.246611
2328 -6.4941 -6.5172 -0.95413
1195 -7.01687 -6.61958 1.1324
187 -7.77379 -5.96401 1.07379
2206 -6.65422 -5.5206 -1.1637
1176 -7.10467 -7.30167 -0.741903
83 -6.2719 -7.13572 -0.198242
820 -7.42082 -6.16626 -1.08434
1931 -6.04748 -7.35396 -1.26573
1614 -7.05093 -6.51975 -0.106583
985 -6.17421 -7.31785 1.02035
1311 -6.22971 -6.45253 0.526712
1829 -5.36734 -6.96305 0.481681
1832 -5.71958 -5.24259 0.262062
1569 -6.08986 -5.64925 1.10104
2096 -5.40046 -7.62101 -0.269109
334 -5.54455 -6.46923 -0.385226
1470 -5.5152 -5.5218 -0.708568
1545 -3.93085 -7.79331 1.27873
1004 -4.66712 -7.67769 0.531978
393 -3.24436 -6.48302 0.685556
1542 -4.1404 -6.89641 0.871984
1328 -3.36323 -7.46163 0.524928
266 -5.11232 -5.99578 0.537709
2143 -4.53736 -5.54568 1.25043
226 -4.08143 -5.9836 0.476435
342 -2.7521 -5.4447 0.774482
255 -4.65697 -6.89598 -0.215682
380 -5.07887 -7.14714 -1.09
1341 -3.70618 -6.58919 -0.271677
1567 -4.08571 -6.97565 -1.12783
688 -3.35112 -7.65598 -1.16082
1979 -3.89123 -7.56986 -0.318113
1625 -2.84182 -6.36479 -0.895096
2178 -2.92864 -7.22044 -0.351538
2141 -4.75385 -6.21009 -0.996605
1695 -3.25943 -5.73379 -0.0374426
1270 -3.76338 -6.02699 -1.10091
945 -4.29601 -5.55216 -0.398377
310 -3.07827 -5.32093 -0.930234
1769 -0.314549 -6.08982 -0.642677
2236 -2.44523 -6.91293 1.26323
171 -2.35803 -7.51751 0.468895
1499 -1.72721 -6.75074 0.582601
931 -0.311841 -7.28638 1.30242
2023 -0.208107 -6.28048 1.18795
1369 -0.72808 -6.86522 0.491229
1336 -1.85571 -5.74525 0.434353
1137 -0.907985 -5.93559 0.16684
1622 -1.18651 -6.09966 1.11617
154 -1.79896 -6.81722 -0.557043
237 -2.49038 -6.4171 0.0437528
303 -2.43046 -7.26682 -1.21903
848 -1.43631 -7.70776 -0.945727
285 -0.360423 -7.68037 0.0425829
1140 -1.44923 -7.54 0.0372815
509 -0.807228 -6.98679 -0.550596
192 -2.22536 -5.61393 -0.497131
1686 -1.30155 -5.96971 -0.751203
968 2.23099 -6.44857 -0.81413
2144 2.5962 -5.50838 -0.713685
2326 1.36071 -6.17403 -1.28963
240 0.189945 -6.9281 -0.383638
112 0.464752 -7.35031 -1.2708
1060 1.64253 -5.79254 -0.328346
1333 2.38384 -5.54833 0.342715
1223 0.0889167 -6.01228 0.266374
1713 0.68546 -6.02113 -0.552005
2373 1.05479 -6.25096 0.346501
2283 0.784205 -6.26894 1.32286
1165 0.34573 -6.92881 0.609212
1437 1.70734 -5.94622 1.04027
1935 1.28728 -6.82332 -0.479618
31 0.834805 -7.58715 0.0282795
1294 2.2169 -7.71959 0.762687
859 1.42455 -7.10876 0.708995
2122 2.3119 -6.72718 1.1864
1803 2.18372 -7.32501 -0.334838
98 2.0714 -6.49487 0.242058
819 4.70657 -5.86433 -0.697546
1619 3.70877 -5.81878 -0.744631
894 4.23276 -5.34287 0.0619875
246 2.88504 -7.06913 0.391231
21 3.87642 -7.33559 1.23329
260 4.90591 -7.62476 1.26973
1138 2.67022 -5.78414 1.30524
1771 3.33891 -6.49758 1.09049
1544 3.36957 -5.60149 0.545457
376 4.58006 -6.82194 0.740742
1850 4.17515 -5.94766 1.02665
1742 4.9595 -5.93791 0.405487
2313 3.84057 -7.29685 0.163528
1476 3.11067 -7.11222 -0.669223
1214 5.09136 -7.56762 0.277936
2062 4.87005 -7.28172 -1.07078
1946 3.98239 -6.30834 0.111292
2353 3.01238 -6.24171 -0.161218
1520 4.05306 -6.77865 -0.771644
1939 4.87991 -6.72248 -0.212991
1280 3.83791 -7.77024 -1.20677
1029 7.16652 -5.57564 -0.490063
1678 5.6728 -5.37846 -0.959498
1630 7.3522 -6.6643 -0.669942
1778 7.78738 -5.64145 1.21635
1810 5.60383 -6.60118 -1.17158
780 6.7823 -5.70306 1.17232
1066 6.49679 -7.03115 -1.03745
2282 7.28268 -6.56676 1.24511
1025 6.4331 -6.03373 -1.00043
377 6.84235 -7.60071 -0.266768
912 5.68581 -6.13549 -0.289422
435 6.55437 -6.67227 0.0387942
263 7.58881 -6.98473 0.251849
2263 7.34901 -6.02456 0.396386
1575 6.42911 -5.67943 0.204762
378 5.85822 -7.60002 0.919662
1764 6.82358 -7.41507 0.729715
2170 5.57404 -6.72364 0.513216
1243 6.28662 -6.68185 1.21651
599 5.78782 -5.84432 0.965882
941 5.7644 -7.17455 -0.358792
2036 10.3833 -5.57369 1.10424
812 7.81499 -7.43081 1.12319
1507 8.57198 -7.03611 0.0769697
1573 8.21768 -6.50531 0.894846
791 8.11602 -6.1949 -0.226275
1512 10.0263 -6.411 0.683303
1658 9.28366 -6.97718 1.04914
572 9.05398 -6.14514 0.471551
1785 9.55588 -7.22855 0.0956954
1325 8.24195 -5.39221 0.358347
2303 9.419 -5.34264 0.961086
756 9.60886 -5.58164 -0.231871
159 7.98174 -7.57249 -0.548901
1941 8.33784 -6.78197 -1.06774
1650 10.0683 -6.47327 -0.327955
2109 9.07017 -6.3759 -0.519442
977 9.77164 -6.35567 -1.28982
601 9.34761 -7.21405 -0.999493
1135 8.6425 -5.41259 -0.578852
1356 10.3947 -5.69196 -0.869309
612 10.542 -5.70756 0.125937
1059 -11.1037 -3.82368 1.20788
2189 -10.8849 -5.03997 0.0236843
1443 -10.8335 -4.76137 0.983872
2098 -11.4918 -3.34868 -0.368517
2203 -10.5198 -3.58141 -0.410052
1255 -11.2581 -4.09398 0.253903
752 -11.5036 -3.13043 0.605489
1005 -10.4803 -3.35679 0.563677
2125 -10.8797 -2.62307 -0.00155648
2261 -10.6088 -5.1443 -1.08654
742 -11.0847 -4.35763 -0.691511
447 -10.6131 -2.74697 -0.963211
792 -11.1504 -3.54476 -1.28777
2231 -7.98654 -3.58381 1.22903
2068 -7.91805 -4.7083 -0.441144
111 -8.81678 -5.1821 -0.0487409
160 -9.00737 -3.71343 1.08789
579 -8.25432 -3.13712 -0.524631
2002 -8.47968 -3.13505 0.455697
1163 -8.32465 -4.38314 0.728641
1710 -8.79426 -4.76412 -0.955049
1496 -8.60257 -4.02482 -0.188021
1146 -8.02516 -4.2244 -1.3087
2273 -8.89273 -5.18848 0.951021
1076 -9.81386 -5.10499 -0.122934
2347 -10.2686 -4.297 0.294034
1068 -9.28254 -4.42979 0.420397
29 -9.88964 -5.08032 0.878351
850 -9.47012 -3.50684 0.0819742
1242 -9.52608 -2.86942 0.8471
1009 -9.12879 -2.61172 -0.213229
1849 -9.75899 -4.21133 -0.569436
1400 -9.70454 -3.19025 -0.837118
472 -8.9001 -2.71089 -1.18995
860 -8.88151 -3.71068 -1.10173
869 -7.36281 -3.56978 -0.935905
1047 -5.80505 -3.7952 -0.538409
1249 -6.73291 -3.72278 -0.172748
899 -5.37338 -3.25482 -1.26039
2392 -6.32932 -2.95646 -0.673089
403 -6.31898 -4.86106 -0.488496
2150 -5.82785 -4.48675 -1.26865
1440 -7.00158 -4.49117 -1.11804
980 -7.31903 -2.69724 -0.449843
2343 -5.46202 -2.67617 -0.246343
1309 -7.12197 -3.97621 0.877311
269 -7.08132 -4.6319 0.116647
2297 -5.93567 -4.1728 1.311
386 -6.14994 -4.34303 0.350468
992 -6.69442 -4.86704 1.00686
1933 -5.40257 -3.21985 1.20009
1494 -7.71468 -2.63277 1.07857
1021 -7.69357 -3.68633 0.109146
1203 -7.02118 -3.00442 0.46138
1802 -6.43779 -3.32488 1.20576
1227 -5.91641 -3.34743 0.351963
1637 -5.34499 -4.9646 1.15067
618 -5.26261 -4.61482 -0.359204
249 -4.88896 -3.47917 -0.0903434
705 -4.56085 -4.07429 -0.823664
735 -4.73267 -5.07482 0.365656
1922 -3.54271 -4.87728 0.399779
278 -5.17355 -4.19231 0.542601
489 -4.2166 -4.56172 1.06484
1991 -4.26231 -4.22726 0.124992
2152 -4.75304 -5.01777 -1.11612
1056 -3.8191 -4.7162 -0.625652
862 3.34069 -5.00479 -0.263599
1368 4.05443 -4.9421 -1.09969
2246 3.86443 -4.72325 0.756865
1734 4.11886 -4.37309 -0.174891
1352 4.85991 -5.04136 0.838814
1327 4.69399 -4.09515 1.12675
1034 5.04594 -4.26329 0.206824
544 5.12068 -3.33214 0.638003
2299 4.75308 -4.04766 -1.08975
1370 4.89361 -4.89166 -0.558975
779 5.16167 -3.44912 -0.373913
590 5.68548 -4.11349 0.989119
1745 5.56107 -5.18227 0.136848
1388 6.30505 -4.87773 0.79306
685 6.01484 -4.0855 0.0341453
2386 6.80204 -4.0124 0.716619
49 7.01184 -3.09035 0.106179
2070 6.19386 -3.23098 -0.466034
562 7.22693 -4.79985 1.20676
2185 5.49616 -3.40827 -1.31878
737 6.11939 -3.23618 0.551507
1216 5.70021 -4.37678 -0.904101
1125 7.49099 -3.11622 0.984479
1960 6.41122 -3.81562 -1.32971
1293 6.95932 -4.02673 -0.288821
1465 7.77531 -4.05508 0.491437
2163 7.10058 -3.21812 -0.913545
1281 6.43754 -4.87807 -0.409663
1910 7.24142 -4.85147 0.207239
930 6.80753 -5.14267 -1.3188
448 7.29706 -4.26895 -1.22446
1179 9.10022 -3.18309 1.11217
1174 8.25486 -3.6846 1.29236
72 8.25315 -3.9862 -1.30346
1245 8.23427 -4.69386 1.13353
2133 9.58805 -4.01214 -0.0308226
2364 9.97658 -4.30893 1.17102
1992 10.0302 -4.85998 0.332442
1887 9.03401 -4.15281 0.872728
46 10.1734 -4.73458 -0.649968
1553 8.34769 -3.24018 0.392714
146 7.82064 -2.65554 -0.289889
561 9.42936 -5.18833 -1.15428
2040 7.87143 -3.64325 -0.437293
368 8.09029 -2.99974 -1.19126
1753 8.98784 -4.38047 -0.750937
875 8.83537 -3.41117 -0.557682
1117 8.14211 -4.59918 -0.263485
2093 9.04762 -4.83642 0.142085
79 7.82872 -5.10633 -1.07752
286 9.82011 -3.1492 0.418081
1636 9.88072 -4.03335 -1.30328
1008 10.2115 -3.08712 -1.25596
4 9.61693 -2.79217 -0.50378
793 11.0266 -4.65891 -0.133811
2190 10.8745 -4.7377 0.859869
1735 10.541 -3.85345 0.48566
798 11.3779 -3.72369 -0.0507723
1633 11.3309 -3.4039 0.901491
549 10.7258 -2.94678 0.037928
2043 11.6444 -2.6852 -0.298834
1478 10.4243 -3.73168 -0.50382
100 11.2721 -3.35486 -0.973877
2136 10.9123 -4.31405 -1.17748
309 -11.7198 -0.272845 1.10149
1538 -10.897 -1.65391 0.407513
430 -11.8935 -1.43906 -0.203189
1880 -11.7537 -2.17486 0.460231
1213 -11.8177 -1.21954 0.771995
1201 -10.5415 -2.43197 0.929516
206 -11.9557 -0.487545 0.10242
918 -11.0394 -0.863 -0.195157
784 -10.794 -0.735571 0.789751
267 -10.8958 -1.7912 -0.583657
1002 -11.6647 -1.38167 -1.17569
640 -11.7081 -2.37702 -0.518123
825 -10.8007 -0.85759 -1.17034
1077 -11.8154 -0.406381 -0.930149
330 -8.08896 -1.70216 0.962466
1898 -8.68997 -2.46367 1.2208
1483 -7.98508 -2.32091 -1.09406
113 -9.82668 -0.373427 -1.07039
610 -8.8418 -0.211834 -1.21374
2018 -8.96454 -1.22026 1.06112
797 -8.76408 -1.80229 -0.738264
1837 -9.7439 -2.18567 -0.920212
1482 -8.20599 -2.26688 -0.0345694
1113 -8.24243 -1.22607 0.0929066
1766 -8.21594 -0.947776 -0.891357
2341 -9.69778 -1.89049 0.978075
1901 -9.99295 -2.16141 0.0536082
796 -9.11885 -1.69265 0.192834
238 -9.94833 -1.14146 0.371084
231 -10.0206 -1.26596 -0.617245
878 -9.0969 -0.879582 -0.404595
1860 -7.85134 -0.728918 0.86756
1590 -10.2089 -0.300074 -0.146312
1514 -9.59829 -0.446869 1.00083
1360 -8.77146 -0.451025 0.438689
484 -6.20258 -0.665114 1.13245
836 -6.01264 -0.1509 0.287469
2354 -7.56123 -0.0505411 -1.04433
1599 -6.06723 -1.66093 1.27369
2355 -6.18025 -1.30838 -1.32606
795 -5.77931 -1.76336 -0.497203
2219 -6.6923 -2.01247 -0.826138
361 -6.79611 -1.17096 -0.0476428
2076 -6.78186 -0.150023 -0.403656
1487 -7.5586 -1.62743 -0.513572
762 -5.9972 -0.771879 -0.502138
883 -5.88992 -1.26778 0.364525
1715 -6.94997 -1.30385 0.93334
560 -7.04187 -0.916885 -1.00045
1316 -7.31714 -2.04282 0.368513
723 -5.61107 -2.3718 0.701958
1413 -6.39603 -2.30709 0.0844374
1952 -7.71447 -0.401548 -0.114383
47 -6.96504 -0.372888 0.554547
1351 5.68762 -2.47949 1.04916
2092 6.06726 -0.924926 0.890432
2116 6.98658 -1.33745 1.06104
1381 7.48328 -2.18352 0.526226
546 5.56329 -2.58617 0.0324992
37 6.56782 -2.28635 -0.520291
1756 6.18805 -0.211249 -1.04181
106 6.49256 -2.30516 0.477312
488 5.96544 -0.696224 -0.182043
1708 5.79148 -1.63039 0.232439
2197 7.42725 -1.79963 -0.672427
1175 7.61842 -0.899464 -0.27786
1864 6.7915 -1.33547 0.0802482
1564 7.57851 -0.622399 0.683084
668 6.86496 -0.325137 0.0493247
20 5.72503 -2.48096 -1.02234
1861 5.90833 -1.53282 -0.761594
58 6.75773 -1.0171 -0.880272
777 6.76583 -0.250742 1.12596
1749 8.04865 -0.37218 -1.01049
835 9.03767 -0.756071 1.19187
554 8.28012 -2.52788 1.15891
1892 8.08091 -0.0289922 -0.0434227
1565 9.6976 -2.37996 1.08496
504 8.91839 -1.75885 1.21851
1421 7.97614 -1.47415 1.03576
2284 8.33567 -1.83045 0.145114
1631 8.48563 -0.860355 0.34035
832 9.28502 -1.6353 -0.0981382
1747 9.04083 -2.52143 0.334998
208 10.0632 -2.20431 0.170728
1893 9.45848 -0.689745 0.197264
1339 9.77166 -1.40716 0.837457
634 10.0431 -0.236986 0.875727
1026 10.2879 -0.223988 -0.108455
487 10.2638 -1.24419 -0.0187693
1390 8.71656 -2.36346 -0.627205
827 9.08251 -1.71267 -1.29329
2306 9.96525 -1.89702 -0.784112
646 8.92297 -0.249372 -0.534769
13 8.51525 -1.20371 -0.620834
1102 9.61109 -0.950639 -0.758859
1964 10.9451 -0.477945 1.24399
1069 10.6748 -2.58018 0.968912
2216 11.0304 -1.97827 0.0636138
759 10.7712 -1.56244 0.936716
1680 11.8575 -1.538 0.419911
1957 11.6421 -2.4799 0.679379
2121 11.1192 -0.846033 0.330339
1130 11.9543 -0.773065 -0.21425
2194 11.8646 -0.366139 0.846919
2037 10.828 -2.41623 -0.817447
17 11.77 -1.72531 -0.558876
749 10.5582 -0.493414 -1.23866
2315 11.2069 -0.174755 -0.499322
2331 10.8561 -1.36512 -0.815969
2147 11.6961 -0.929167 -1.17664
652 -11.6549 0.550002 -1.3294
16 -10.9177 0.0757261 -0.830842
764 -11.9542 0.414553 -0.373248
476 -11.8427 0.615604 0.600252
1469 -11.1001 0.0429144 0.224498
1045 -11.8954 1.46594 0.0736289
1423 -11.7423 1.4583 -0.915828
1218 -10.5394 0.131264 1.21889
483 -10.7484 0.908174 0.610767
1378 -11.6384 2.41802 0.630774
2021 -11.5008 1.48078 1.01971
1566 -10.4531 1.82067 0.989723
1904 -10.9208 1.82702 0.104064
2000 -11.0973 0.930296 -0.33502
501 -11.7186 2.39233 -0.377076
385 -10.6443 1.08575 -1.219
1209 -10.9312 2.04898 -0.894514
1363 -8.69283 2.11191 1.23146
2042 -9.0357 0.911403 0.263843
1110 -9.88889 0.401111 0.501111
69 -9.12316 0.468338 1.15872
2230 -8.3259 0.403557 -0.261368
1889 -8.12438 0.245642 0.778822
114 -9.43365 1.42581 1.10963
491 -9.07677 1.92497 0.284688
2202 -9.94303 1.39023 0.238293
1744 -9.65503 2.41699 1.09858
2005 -9.94756 2.40454 0.142395
2165 -8.28179 1.49553 -0.21194
773 -8.37984 1.16084 1.09264
1468 -8.25141 2.48718 -0.0113219
2385 -10.1278 0.686935 -0.453842
1583 -9.28934 0.139639 -0.390951
1596 -9.55447 0.574324 -1.26555
1776 -8.48233 0.743499 -1.19447
1671 -9.14546 1.2709 -0.663512
57 -9.97748 1.826 -0.672717
104 -8.1394 1.68809 -1.18715
182 -5.83943 2.33961 -1.19293
1031 -6.13563 1.33781 -1.2073
928 -6.76295 0.560905 -1.11039
1966 -6.01945 0.550596 -0.425201
2337 -6.04569 1.79326 1.28172
1519 -7.21634 0.420324 1.1629
1968 -6.21268 0.377299 1.12285
2027 -6.73896 0.572954 0.291763
374 -7.73778 1.9189 0.895168
694 -7.63112 1.01714 0.37728
1103 -7.40538 1.95032 -0.0509096
1324 -6.47746 2.00823 0.326155
1888 -6.88243 1.34502 0.955835
1653 -6.85422 2.4019 1.16832
1118 -5.95037 1.17261 0.478621
172 -5.59736 2.39221 0.612088
1141 -7.5784 0.933809 -0.660061
1685 -6.65435 2.29504 -0.618667
1704 -7.10053 1.60074 -1.25043
547 -5.78656 1.73327 -0.349626
2245 -6.69987 1.31788 -0.37725
452 7.45299 0.374092 0.634363
282 7.34902 0.26028 -0.664
363 6.11719 1.58277 1.27951
1551 6.28142 0.596969 1.32687
2371 6.99777 1.15398 -0.943538
1728 6.07073 0.763542 -0.835366
164 6.04586 0.0779847 0.491946
1793 7.51557 1.17864 -0.0844397
1486 6.66735 0.649884 -0.0432066
426 6.88916 1.18728 0.773077
2266 5.91972 1.15978 0.380438
1415 5.75434 2.50799 1.17691
1106 7.58496 2.51647 0.932957
1359 5.83383 1.72989 -0.648162
1673 5.63588 2.1124 0.262744
650 6.80003 1.90201 -0.299192
275 7.79238 2.13874 -0.0158769
1301 6.64387 2.16421 0.658487
2241 6.36551 2.54874 -0.927428
2166 10.2154 0.696127 -0.593318
392 9.22085 0.774997 -0.664721
1761 9.8441 1.24372 1.10311
34 8.74039 1.18644 1.24265
163 8.41543 0.840743 0.331661
2342 8.46861 0.024982 0.910897
1978 9.26601 0.31573 0.247061
287 9.34313 0.38449 1.24817
220 9.44385 2.1422 0.924785
993 8.21818 0.76642 -0.671757
2307 9.37989 2.51511 -0.994663
1790 9.3156 2.50902 0.00353034
1665 10.2231 2.45192 -0.431412
1750 8.82384 1.70941 -0.658881
1310 9.68817 0.0151361 -1.12152
82 9.80864 1.59922 -0.809399
27 10.2132 0.630791 0.407042
1338 10.3589 2.33147 0.552535
2174 9.50889 1.28901 0.148636
335 8.49396 2.15792 1.2463
1831 7.82944 1.54774 0.791017
55 8.67643 1.8116 0.324527
1123 7.85365 1.6739 -0.899544
1418 10.6492 0.606624 1.30675
613 11.8653 0.806515 0.795673
2346 11.5416 2.08828 -1.11932
2278 11.1694 2.25428 -0.0424973
2323 10.8163 1.49879 0.882168
1284 11.7601 1.80825 0.734561
1081 10.468 1.53546 -0.0544669
1628 11.0983 0.175246 0.503788
1424 11.1781 0.851289 -0.227646
641 11.9891 0.205541 0.001086
744 11.8722 1.58197 -0.318935
2365 10.7936 1.42265 -0.997554
757 11.818 0.524503 -0.933878
383 -10.8563 4.63592 -0.445119
1439 -11.2863 2.94724 -1.1542
1841 -10.7302 3.86112 1.26408
2153 -11.3657 3.39935 0.535729
1100 -10.7831 2.80593 -0.236928
2046 -10.616 2.78701 0.787415
989 -10.4116 3.75389 0.312694
999 -10.7953 4.64504 0.56816
1434 -11.2122 3.70095 -0.441871
699 -10.2982 4.65934 -1.28437
1132 -8.9057 2.91477 0.625651
1420 -9.0028 3.91377 0.784004
833 -9.56346 3.32746 -0.00495006
1405 -9.8516 3.40729 1.06612
1863 -8.57833 3.42608 -0.213082
1813 -8.02695 2.91905 1.14006
247 -8.65229 4.86001 0.927238
837 -9.10135 4.29293 -0.197083
467 -9.95258 4.78106 -0.00330461
81 -9.8699 4.40877 0.95578
1610 -8.19529 4.27966 0.226028
1442 -8.08293 3.98211 1.1891
1509 -10.1271 3.01796 -1.09556
1120 -9.29925 2.60536 -0.6527
1716 -9.21774 3.57388 -0.97463
1391 -10.086 3.92109 -0.620171
700 -8.16281 3.6697 -1.09281
622 -8.45264 2.71439 -1.20099
218 -9.31905 4.73245 -1.06907
56 -8.2986 4.63559 -0.788149
1593 -5.67913 4.14211 -0.620275
141 -6.28408 3.22076 -0.721388
1166 -5.3768 3.23898 -1.16447
494 -5.48771 4.40203 0.504701
161 -7.57225 2.68446 -0.72186
513 -7.1944 3.62041 -0.846904
2006 -5.42928 2.67553 -0.336543
815 -7.7265 4.94379 1.32502
1334 -7.67492 3.38334 0.226883
230 -7.10764 3.40171 1.0554
103 -6.14002 3.10019 1.09074
1950 -6.75855 2.98051 0.159692
319 -5.83567 3.48704 0.145143
1784 -7.28293 4.3165 0.682637
1623 -6.66312 4.01302 -0.0549675
216 -7.43365 4.53746 -1.28136
1873 -6.33755 4.06753 0.915266
2113 -6.73539 5.01272 1.21152
449 -7.40158 4.65421 -0.27525
451 -6.29562 5.03762 0.305039
823 -5.40811 5.05469 -0.249083
1611 -6.50387 4.83181 -0.688458
2335 -3.20275 5.11054 -0.306236
1466 -4.93684 3.55138 -0.3017
520 -5.18505 3.32732 0.889451
1730 -3.7798 5.03374 -1.16822
962 -4.26903 4.35283 -0.432134
1297 -4.54849 4.03696 0.520154
493 -3.80116 4.68929 0.386345
2069 -4.85108 4.10355 -1.23317
1541 -4.72719 5.05421 0.484545
414 -4.81528 5.11224 -1.06952
465 4.25573 4.25696 -0.27503
144 4.66609 3.86639 0.569751
2212 3.99577 4.62129 0.625468
1556 4.90802 3.49341 -0.328144
1844 3.33603 4.99693 -0.0726821
776 4.99247 4.82712 0.539795
2279 4.42676 4.55336 -1.23478
421 5.04716 3.77077 -1.27886
442 3.57184 5.05922 -1.04355
525 5.76015 4.41168 1.0778
1417 6.05766 3.47367 0.897152
1775 7.40468 3.50974 0.87458
1527 6.73743 4.2072 1.14857
2048 7.26496 5.05376 1.27242
186 6.17003 2.94726 0.0540355
684 5.24477 3.01718 0.482727
558 5.43478 2.67798 -0.571979
427 7.52599 2.69549 -0.803767
967 7.16824 2.91021 0.109798
2281 5.84456 3.58788 -0.673724
2357 6.25088 4.47888 -0.445835
1985 5.56374 4.07256 0.156879
25 6.82812 3.40627 -0.696357
2359 7.39143 4.48796 0.43216
1136 6.67232 3.83521 0.193767
691 7.23242 4.30762 -0.538973
1603 5.5985 5.18859 -0.169023
847 6.45568 4.88083 0.456883
1431 5.43615 4.65861 -1.01126
1385 6.63279 5.06176 -1.20139
617 7.61546 4.86992 -1.27499
970 9.97334 4.13348 -1.20954
1503 9.07924 3.04495 1.15074
1969 9.86207 5.09688 0.213259
1674 9.79508 3.24564 0.481822
2382 9.67478 3.37704 -0.537459
1561 10.2019 4.1987 -0.226481
337 10.2837 4.05358 0.819291
1188 8.24312 5.16584 1.08949
390 9.23727 4.98176 0.995924
1534 8.48993 2.64585 -0.543904
871 8.41931 2.77768 0.446667
1560 7.81441 3.6692 -0.0238086
153 8.80436 3.54233 -0.0721475
730 8.19025 4.58235 -0.452249
1460 8.39713 4.31192 0.488169
1275 9.1404 4.2895 -0.666027
2030 9.3996 4.20946 0.378703
1212 8.88878 5.19088 -0.0452337
1222 9.80285 5.02914 -0.788282
1020 7.80971 3.62781 -1.02755
251 8.81336 3.43453 -1.06887
898 10.7276 2.9834 1.21766
2333 11.5585 2.8186 0.686277
555 11.2498 3.77065 0.821885
649 11.5194 3.0923 -0.48529
2127 10.7207 3.17291 0.111199
1198 11.2058 4.05039 -0.18553
611 10.8102 5.00265 -0.658263
1042 10.833 4.79761 0.370516
623 10.9769 4.16561 -1.19068
1202 10.6099 3.28077 -0.879319
659 -10.4296 5.62091 0.310372
1304 -9.44477 5.39564 0.620508
1162 -10.3915 5.27441 1.28032
1425 -9.66176 6.35154 -1.11457
1580 -9.96785 6.31128 0.892152
580 -9.82297 6.30492 -0.105142
1250 -9.25583 5.47652 -0.397535
89 -9.33017 7.02181 1.24658
1652 -10.2533 5.48699 -0.673676
1574 -8.32267 7.08341 1.20328
2220 -8.06871 5.78814 0.808793
2265 -8.34604 5.2523 0.00121411
95 -8.94368 6.26321 0.717755
244 -9.47107 7.20581 0.252929
1891 -8.33806 6.90384 0.154499
243 -8.51714 6.16408 -0.505304
1262 -7.97831 7.37061 -0.698075
1649 -9.04578 7.02166 -0.634167
568 -7.21296 5.89656 1.31852
364 -5.30806 5.62608 1.065
766 -6.57223 6.85971 1.2917
1562 -5.63961 6.57032 1.07415
1908 -7.63613 6.20151 -0.00855684
1462 -7.23117 5.39238 0.428179
1374 -6.32548 5.87109 0.859863
360 -6.67976 5.91762 -0.228013
1477 -5.69995 5.95863 0.0846891
425 -7.74758 7.67293 0.496294
644 -6.32974 6.70819 0.296365
2140 -6.72401 7.57801 0.613287
553 -7.44984 6.76365 0.797815
1194 -7.19581 7.09738 -0.135868
1055 -5.23845 6.85393 0.204467
1692 -5.6698 7.53567 0.805724
2081 -5.90082 7.50742 -0.167975
1929 -7.69912 5.50215 -0.722476
1331 -6.8626 5.57232 -1.26528
582 -5.94564 5.64697 -0.856622
1518 -6.62766 7.24617 -0.946627
585 -7.22477 6.43779 -0.897621
603 -5.90225 6.62394 -0.636227
354 -5.71842 7.60839 -1.16126
1524 -2.64198 5.4345 0.467631
2008 -3.18132 5.44309 1.31795
1913 -2.86663 5.63449 -1.16456
1261 -2.63054 6.42905 0.370533
1975 -4.32488 5.80918 1.19854
1126 -4.79983 7.69054 1.28436
2304 -3.83871 7.38805 1.07
522 -3.49127 6.39322 1.31215
624 -4.60268 6.06972 0.261595
1937 -3.61469 5.67231 0.444134
1657 -4.19587 5.35295 -0.316688
145 -4.61887 6.7488 0.996477
2090 -3.31577 7.07182 -0.415043
265 -3.75322 6.66213 0.385796
771 -4.24695 7.5041 0.164985
2199 -2.93538 7.35624 0.590591
958 -5.03049 6.06067 -0.651483
1049 -3.44836 6.07308 -0.476667
786 -4.1817 5.95124 -1.17476
1684 -4.93575 7.40608 -0.573259
2120 -4.25523 6.67669 -0.479109
698 -2.12869 5.88003 1.20391
149 -1.42283 5.87294 0.486676
2034 -0.925783 6.24053 1.33085
1902 -0.476591 6.00497 0.176004
1998 -2.405 6.83777 1.25954
1697 -2.08335 5.67384 -0.337215
1498 -0.579457 6.78715 -0.455957
1955 -1.88599 7.3431 0.544763
2317 -0.931054 6.82767 0.520425
125 -1.87031 6.02935 -1.27579
1709 -1.14841 5.95175 -0.570135
647 -1.75705 6.6039 -0.118154
1725 -0.231532 7.72213 -0.412761
1818 -0.243912 7.16746 1.21249
2104 -1.18358 7.52658 -0.158763
1634 -1.55152 6.97737 -1.03056
1836 -2.55329 6.48898 -0.712092
1817 -2.35975 7.3956 -0.33469
1868 0.0606903 6.21568 1.08443
399 0.784725 7.12028 0.949425
35 1.04448 6.06163 0.901688
345 1.73311 6.78984 0.952664
1669 2.07514 5.79893 0.847654
296 1.98972 7.7513 0.80386
1109 2.45433 5.6525 -0.856499
1124 1.79681 5.75378 -0.108916
1488 0.0591758 6.86227 0.309649
128 0.0877094 6.14888 -0.840074
169 1.30717 6.63466 0.0609852
2001 1.2237 7.04129 -0.860789
396 0.516411 6.00864 0.0548249
45 1.09736 6.0528 -0.759432
2182 0.18529 7.11266 -1.0952
2327 2.08979 6.58372 -0.590354
2233 2.40907 7.03918 0.240616
1617 0.653087 7.62599 0.0448827
322 2.50358 7.69704 -0.591778
2367 1.63881 7.56382 -0.11458
1523 2.97826 5.37367 0.787806
2332 4.35737 7.4865 1.20837
1958 2.8553 6.4599 0.92253
188 3.78 6.13861 1.19026
1303 3.97292 7.4667 0.196544
1286 2.75917 6.0152 0.0238997
2193 3.38827 7.29652 1.05308
734 3.13971 6.93175 -0.491628
2129 4.63761 5.54301 1.16364
1885 4.6413 6.56998 0.912154
2094 4.60167 5.20044 -0.337178
358 4.01555 5.59926 0.372524
966 3.42627 5.99793 -0.727351
276 4.42649 6.13849 -0.641473
1739 5.02241 5.88889 0.281512
1253 4.74892 6.86671 -0.0369241
2017 4.66538 7.7129 -0.562839
239 3.63541 6.52878 0.277809
1794 4.82762 5.46961 -1.28985
420 4.03808 7.02009 -0.941464
681 5.02303 6.86221 -1.09715
2087 7.7763 7.36705 1.28598
88 5.36965 7.70487 1.30937
462 5.50412 6.04559 1.1465
867 6.34132 5.48959 1.27824
1096 6.38412 6.54989 1.04353
1601 6.3541 7.53403 0.862329
2358 6.06675 5.91821 0.330116
93 6.50699 6.10031 -0.56302
1572 7.01635 5.73785 0.581731
959 7.02038 5.27075 -0.302278
2264 7.4099 6.28608 -0.173373
1870 5.5637 6.3984 -0.394946
1812 5.5691 7.42575 -0.211542
865 5.53691 6.95207 0.673105
373 7.12378 7.3194 -0.315373
1362 6.33481 6.84673 0.0821272
984 7.20589 6.91827 0.59871
170 5.79897 5.59781 -1.06327
1052 7.39787 5.83967 -1.0698
1152 5.38117 7.7923 -1.25706
2207 5.99874 6.62158 -1.2708
1768 6.28465 7.51127 -0.907017
1160 6.99877 6.76018 -1.13568
1382 9.88689 6.68343 -0.602674
257 9.14471 7.71458 0.467273
1451 10.3777 5.71524 0.828517
1823 10.2073 5.88229 -1.12037
398 9.25554 7.35755 -1.01296
2204 9.71389 6.87133 0.585673
351 7.90161 6.18919 0.692268
479 8.84993 5.96213 0.941349
2079 8.51098 6.98516 0.722043
446 7.90716 5.32625 0.159458
320 8.46237 6.09622 -0.155746
1791 9.43388 6.02246 0.128583
1064 7.86371 7.61479 0.292828
628 8.07693 6.966 -0.477314
842 9.02739 6.9221 -0.139425
1806 8.34049 5.45809 -0.916164
2251 9.24707 5.87661 -0.842945
294 10.4083 5.9472 -0.143883
279 -8.14621 8.62496 0.571364
1090 -8.67998 7.99514 -0.328816
1024 -8.78638 7.84782 0.665235
197 -8.21366 8.3606 -1.15915
2296 -6.50114 8.27879 1.29349
1247 -7.71972 8.31396 -0.278504
983 -6.58397 9.11579 -0.0105534
1098 -6.77025 7.99749 -0.29645
2200 -7.14822 8.47976 0.531698
539 -6.10352 8.32679 0.374161
556 -5.97705 9.23487 0.775952
1379 -6.44305 10.0693 0.289309
142 -6.96793 9.43449 0.855446
1700 -7.57143 9.2777 0.069714
1916 -5.59479 10.3925 0.710741
588 -5.72321 9.49596 -0.38774
1940 -7.31163 7.93068 -1.20165
682 -7.56359 9.08027 -0.916128
1676 -6.6179 8.75256 -0.941993
1515 -5.75613 8.41561 -0.560297
405 -6.63934 9.86651 -0.669756
1539 -5.82677 10.1611 -1.21102
2320 -3.16544 9.86011 -0.473286
1154 -2.83689 9.61615 0.831976
1317 -3.13733 8.71908 1.15628
541 -4.08191 8.36998 1.11162
117 -4.9096 8.91156 -0.367278
1173 -5.13097 8.07624 0.143828
181 -5.03617 8.6321 0.968409
1558 -4.13905 8.50879 0.124664
2052 -3.20396 8.98868 0.143988
1493 -3.29334 8.01292 -0.0739396
1767 -4.83628 10.0447 -0.352361
2195 -5.06702 9.48285 0.443624
2085 -4.43673 10.2133 0.720058
209 -3.91231 9.34232 0.764818
1240 -4.04753 9.44457 -0.220421
2007 -4.94301 8.24006 -1.13493
2258 -4.06419 7.97913 -0.726068
1189 -3.20708 8.85216 -0.84845
1925 -4.18466 8.91623 -1.06389
1705 -3.06593 7.81008 -1.05887
1112 -5.0691 9.50153 -1.15964
763 -4.15095 9.91884 -1.11244
1484 -0.731345 8.44029 -0.897683
2252 -2.39786 8.39497 -0.325163
609 -2.37724 8.09034 0.992975
1302 -0.820161 7.83263 0.737425
2080 -2.39167 8.52886 -1.32882
2350 -1.62347 8.29193 0.329444
1815 -1.64407 8.024 -0.892622
367 -2.11417 9.01253 1.27676
2290 -1.79417 9.89628 0.850816
1722 -0.797733 9.95738 0.987873
502 -1.1951 9.04416 0.84983
527 -0.679022 8.60071 0.113937
366 -2.1453 9.14748 0.282747
1858 -1.41495 9.04184 -0.400542
524 -2.14051 9.99313 -0.253251
433 -0.219527 10.2125 0.210207
384 -1.16394 9.91072 0.0303939
1063 -0.601423 10.2737 -0.743071
2308 -0.194844 9.41502 -0.392845
1383 -0.11352 9.26155 0.605851
1954 -1.47346 9.84492 -0.995166
130 -2.44047 9.49278 -1.06668
1080 -0.602164 9.43892 -1.30824
587 0.158487 8.01226 0.825167
2137 1.12817 8.24475 0.676206
855 2.27108 9.50104 0.879716
1225 1.32582 9.44997 1.20169
829 1.87161 8.61695 1.29154
1729 1.63582 9.66456 -1.14352
1458 0.655667 7.97485 -0.907514
1343 0.779868 9.39739 -0.618135
297 0.860499 9.16162 0.359058
1661 0.276159 8.55728 -0.18578
2330 1.26467 8.47423 -0.296044
124 1.68032 9.37852 -0.178131
1905 2.2018 8.65371 -0.63257
938 2.26596 8.62692 0.371778
866 0.16806 8.81429 -1.14926
1157 2.41369 10.034 -0.0192234
1480 1.18124 8.78683 -1.30152
2126 1.64382 7.93168 -1.04619
2383 0.545273 9.97123 0.856977
540 0.726089 10.2553 -0.108792
1403 1.52978 10.1247 0.476149
589 0.256061 10.0239 -1.19342
740 2.82799 8.11099 1.20957
73 3.7607 8.20858 0.837576
195 2.91392 8.30032 -1.28265
1158 4.03307 10.3473 0.297758
87 3.6952 9.89089 1.26415
2073 3.22249 9.0233 1.10404
1675 4.13454 9.13801 0.670389
175 3.27501 9.69701 0.362967
921 4.69105 8.46016 1.15166
1251 3.01793 7.83218 0.264827
299 3.04473 9.58051 -0.650199
1337 3.20248 8.7082 -0.182497
9 3.5314 7.85155 -0.616648
2391 2.72004 10.349 1.16925
477 4.15622 8.41678 -0.0595995
683 5.0012 8.89397 0.206268
616 4.89175 7.80322 0.423577
2154 3.96026 9.371 -0.28597
1602 4.57666 10.117 -0.50532
1528 4.91562 9.89248 0.409406
1805 3.72446 8.86277 -1.11704
281 4.71915 8.66744 -0.876938
2044 4.91464 9.56722 -1.2712
2298 6.36705 9.86227 1.19788
370 7.19653 8.07394 0.880801
343 5.58978 8.39188 -0.46936
881 5.74239 8.32849 0.619172
1582 7.33946 8.38647 -0.0744992
499 6.60593 8.84375 0.624188
787 6.76669 9.75269 -0.869305
794 6.28813 9.08646 -0.295254
1743 6.19757 10.1509 -0.147026
461 5.41462 9.57734 -0.40255
2291 5.79415 9.42251 0.507822
2172 7.50576 9.33812 -0.339923
1219 6.94697 9.75262 0.379997
1180 7.64855 9.06796 0.613153
761 5.79944 9.0818 -1.17843
687 6.77502 8.4528 -0.897563
1983 5.90349 10.2015 -1.10457
1142 6.41771 7.99655 -0.0427021
1642 7.6264 7.91821 -0.937509
1500 8.61588 7.91258 1.29853
1313 8.61555 7.80162 -0.375363
2277 8.41604 8.45465 0.3701
463 8.19489 8.6754 -0.624667
60 -5.73125 10.4976 -0.275314
927 -3.6421 10.7968 -1.05652
252 -4.60314 10.9381 -0.784892
715 -3.1202 11.4229 0.809206
1032 -3.38744 10.4389 0.690534
1938 -2.90895 11.4637 -0.908871
2227 -4.08589 11.154 0.682662
1876 -2.87223 10.7488 -0.12087
2192 -3.65439 11.4011 -0.195414
305 -3.93558 10.4401 -0.149811
1155 -4.91392 10.8976 0.165807
480 -1.41855 10.8212 0.749254
1161 -2.41609 10.6967 0.82133
1972 -2.03545 11.6325 0.99129
863 -1.01351 11.7896 0.931081
227 -0.374976 10.9863 0.824507
1041 -2.5483 11.689 0.0114974
2173 -1.56476 11.8686 0.0949302
1971 -1.88282 10.9558 -0.169321
1104 -0.458168 11.9245 0.050264
115 -0.882887 10.9935 -0.103686
2057 -1.42446 10.8519 -1.08015
1895 -1.90256 11.7002 -0.846893
1525 -2.46694 10.5352 -1.05497
1796 -0.85895 11.6687 -0.8982
1912 2.24658 11.6457 -0.902233
1741 1.65561 10.4644 -0.518178
1058 2.1125 10.9416 0.259292
712 0.174485 11.8456 0.889993
969 0.63385 10.9604 0.968111
1848 1.66002 10.7866 1.21439
581 1.18728 11.795 0.86237
528 2.16732 11.6301 0.983639
2058 0.138024 11.1152 -0.116542
1312 0.629933 11.984 -0.0183475
508 1.14465 11.1362 0.105951
2268 1.82946 11.8595 -0.0155052
1263 0.244052 11.7878 -0.919609
1128 1.2446 11.8121 -0.829303
1348 0.797518 10.9166 -0.866883
1694 4.95671 10.5972 1.3019
995 4.81844 10.9618 0.374056
1987 2.81388 11.6622 0.0946263
1288 4.05295 11.0163 1.21175
905 3.13561 11.3846 1.01481
697 2.66707 10.7782 -0.632824
516 3.08815 10.7131 0.276336
1489 3.62058 10.429 -0.624662
1648 3.46052 11.4179 -0.631591
750 3.86699 11.3455 0.278408
627 4.418 11.1039 -0.535335
1150 4.95221 10.6084 -1.2928
1808 5.73436 10.4506 0.684675
1 5.39229 10.6877 -0.396908
102 -2.85061 -10.931 -1.82366
1344 -3.71626 -10.4228 -2.05336
259 -0.963175 -10.8427 -2.29328
2275 -1.69922 -11.2686 -1.63446
2084 -2.01005 -10.5644 -2.31273
1690 -0.636404 -11.4966 -1.59511
2232 -0.021617 -10.7208 -1.39082
1517 1.05415 -10.6627 -1.38278
1921 0.544052 -11.077 -2.14232
118 1.62269 -10.9785 -2.14475
325 3.77708 -10.534 -2.05308
2088 3.27638 -11.159 -1.44289
747 2.61482 -10.8191 -2.11178
2015 -8.00314 -8.17414 -1.71896
614 -5.29519 -10.2592 -1.38735
40 -6.8755 -9.12089 -1.74993
720 -5.30643 -9.02575 -1.59903
2054 -6.0384 -8.82309 -2.42154
861 -6.05555 -9.69131 -1.70158
1234 -7.15946 -8.30518 -2.2543
228 -5.31382 -8.24915 -2.88341
198 -6.36694 -7.92939 -2.73468
870 -6.29061 -8.26352 -1.60782
33 -4.63197 -9.97173 -2.10575
352 -3.90172 -9.55457 -2.68264
852 -2.9006 -10.0481 -2.5503
121 -2.8004 -8.10878 -2.95487
174 -4.32101 -8.54421 -2.92662
785 -3.04184 -9.07813 -2.90398
1274 -3.11986 -9.32521 -1.88894
1903 -5.07651 -9.18534 -2.57807
1688 -4.33029 -9.00556 -1.92463
518 -4.69226 -8.09141 -2.1093
168 -3.56454 -8.42642 -2.27139
789 -0.440184 -9.50239 -2.95445
1392 -0.283516 -8.96119 -2.12296
1976 -2.15954 -9.6201 -1.9884
1568 -0.828506 -8.57872 -2.93314
2099 -0.930075 -8.21006 -1.96115
2135 -1.79108 -8.28016 -2.93501
2285 -2.39244 -8.65974 -2.18259
444 -2.0078 -9.25642 -2.92611
1116 -1.35888 -9.6616 -1.38258
892 -0.625648 -9.9244 -2.05456
625 -1.32804 -9.98925 -2.76463
1663 -1.27029 -9.12345 -2.22067
2288 -1.69922 -8.71812 -1.40845
1030 -1.85267 -7.83072 -1.84382
2064 0.0249154 -10.3924 -2.65523
1414 1.04008 -10.3204 -2.6427
906 0.480128 -9.80822 -1.76929
1248 2.43726 -9.57356 -1.98431
1473 2.03288 -10.2075 -2.64765
1707 1.49174 -9.88918 -1.84606
338 0.765198 -8.87308 -2.16441
1543 0.0603959 -8.04824 -1.8859
600 1.79473 -8.80926 -2.15125
1644 1.08966 -7.95038 -1.87847
739 2.12194 -7.87103 -1.95726
2179 1.18571 -8.29894 -2.88873
1332 0.182306 -8.45063 -2.93721
1759 0.572964 -9.45868 -2.9599
1879 2.18711 -8.25332 -2.91323
988 2.5942 -9.22953 -2.91745
379 1.5726 -9.35446 -2.9601
537 4.80397 -8.85583 -2.79628
2262 3.18169 -8.11579 -2.97558
1168 4.18395 -8.09336 -2.99587
656 4.66587 -7.84107 -2.1507
2123 4.57754 -9.09328 -1.8521
1419 3.84788 -8.44406 -2.12027
126 4.87292 -10.2497 -1.86401
515 3.61159 -9.02907 -2.91109
713 3.07333 -10.0637 -2.58603
976 4.08739 -9.83777 -1.4022
2186 4.21299 -9.76121 -2.51595
1433 2.7946 -8.58309 -2.18001
495 3.43103 -9.3489 -1.97962
891 3.05687 -10.181 -1.45742
1475 5.39861 -9.51029 -2.28647
1607 5.87099 -10.0126 -1.47564
1949 5.28009 -7.98164 -2.93615
1859 7.26846 -8.99479 -1.55583
1139 5.49816 -8.7636 -1.63082
42 6.42395 -8.48281 -1.36564
716 6.39338 -9.2997 -1.94158
277 6.85884 -8.47062 -2.31613
1445 5.91224 -8.68054 -2.57338
127 7.74165 -8.18457 -1.9238
2114 -8.75897 -7.53587 -1.57226
424 -8.53796 -6.82752 -2.24305
843 -9.36653 -6.43976 -1.84345
526 -9.66447 -5.49414 -2.1064
1044 -8.8888 -5.62013 -1.46462
1083 -8.82142 -5.89692 -2.48198
1453 -7.94776 -5.58816 -2.86276
213 -8.05521 -6.0393 -1.84563
2334 -6.24583 -5.23496 -2.87357
473 -6.94221 -5.96008 -2.96477
1890 -7.72299 -7.49195 -2.39656
140 -7.7158 -6.55168 -2.73446
193 -7.79697 -7.0116 -1.5219
1043 -6.92882 -7.47692 -1.7286
2211 -5.60716 -7.68855 -2.10157
200 -6.8191 -6.97744 -2.85825
1221 -7.2287 -5.53689 -2.10211
1877 -7.05564 -6.51791 -1.981
2259 -5.32171 -5.57696 -2.70237
80 -6.12067 -6.83639 -2.15579
157 -5.65 -6.3031 -1.44464
454 -6.27374 -5.84722 -2.08469
1974 -5.51197 -5.33356 -1.6939
2271 -5.69196 -7.22636 -2.98569
2035 -5.98737 -6.27016 -2.98136
957 -4.82546 -7.06794 -2.05301
566 -3.89039 -7.50207 -1.98913
438 -2.83396 -7.74134 -2.01556
530 -3.08761 -7.02875 -2.6756
2138 -4.82029 -6.06908 -1.98168
1732 -4.05783 -6.75354 -2.63257
1719 -3.87937 -5.84181 -2.24002
2375 -5.00367 -6.50681 -2.88869
635 -4.7071 -7.4571 -2.98232
1852 -3.74416 -7.72815 -2.96458
845 -3.21012 -6.82488 -1.70386
1272 -2.997 -5.85471 -1.76857
1144 -0.636252 -7.3969 -1.45673
594 -0.684467 -6.39519 -1.52015
1376 -2.15166 -7.38114 -2.68496
415 -1.21473 -7.14504 -2.4176
552 -2.36311 -6.54482 -2.18242
1131 -0.0715678 -6.93642 -2.1425
1780 -0.426322 -7.69463 -2.693
1677 -1.56851 -6.86015 -1.52954
767 -2.0622 -6.00085 -1.40034
122 0.308569 -6.37321 -1.41076
1900 1.54832 -7.16542 -1.39346
2083 2.5518 -5.95163 -1.61995
2301 0.561348 -7.55143 -2.63067
979 0.920896 -6.79365 -2.08271
1238 1.93598 -6.61101 -2.13375
1035 1.55159 -7.39476 -2.62794
1409 2.57454 -7.08589 -1.52768
893 2.55968 -7.34227 -2.73573
1441 3.5081 -5.52574 -1.7246
221 3.20641 -7.66491 -2.03845
536 2.96051 -6.50932 -2.35366
2314 4.42218 -5.44414 -2.22734
952 3.38356 -6.48005 -1.45101
2240 4.03426 -7.09132 -1.92147
1012 5.01687 -6.88738 -1.98735
1296 3.92993 -6.28293 -2.51717
490 4.94232 -6.17289 -2.70946
2387 4.35105 -6.19951 -1.57399
1153 3.58351 -7.18861 -2.83823
2010 4.5922 -7.14639 -2.87637
708 5.35279 -5.2024 -2.55541
790 5.33656 -5.86606 -1.79456
1452 7.40116 -5.97044 -1.38908
1821 7.56225 -7.27689 -1.46513
1006 6.27922 -7.76541 -2.83294
2148 6.61955 -7.61852 -1.83429
1226 5.64736 -7.67789 -2.05742
148 7.23569 -7.55568 -2.61948
1256 6.61619 -6.82778 -2.93194
606 6.98844 -6.65416 -1.99737
323 5.95829 -5.99768 -2.8374
1687 6.95506 -5.88674 -2.93442
1581 5.99258 -6.69073 -2.09647
1855 5.60223 -7.02628 -2.96051
908 7.60129 -6.64312 -2.79202
1559 6.44917 -5.8075 -1.98015
1054 7.32125 -5.34492 -2.16874
1605 8.6018 -7.69126 -1.47364
857 8.84573 -5.96566 -1.41307
1782 8.11763 -6.3598 -1.97806
542 8.14604 -7.3127 -2.28001
2249 9.00757 -6.85645 -1.89361
2039 8.84809 -5.92293 -2.50305
50 8.29487 -5.23008 -1.96735
2250 7.94658 -5.70751 -2.87856
1638 9.67685 -5.65987 -2.00899
1264 -10.6342 -4.32061 -1.6541
194 -10.5857 -3.39642 -2.09982
1737 -8.03922 -3.20442 -2.96114
1918 -9.05552 -4.94077 -2.67665
1397 -8.95934 -4.36793 -1.8622
1094 -8.92783 -3.96507 -2.87242
321 -8.99077 -2.88363 -2.95457
1833 -8.15254 -4.61255 -2.95571
1143 -8.15109 -3.9036 -2.2468
584 -8.27778 -5.07971 -2.0589
1740 -8.10342 -3.22408 -1.51345
994 -9.70369 -4.81902 -1.36875
62 -9.76248 -3.82493 -1.61658
67 -9.82217 -2.82339 -1.76075
1074 -9.89619 -4.53928 -2.31295
1318 -9.76143 -3.4534 -2.66337
85 -8.97041 -3.3524 -2.0559
2171 -6.43164 -4.2117 -2.66456
1516 -7.19738 -4.93042 -2.93069
1491 -7.22698 -3.5733 -1.93818
369 -5.74027 -3.72186 -2.07884
183 -6.43273 -3.69478 -1.33969
8 -7.03108 -2.74841 -1.40659
101 -6.30851 -2.89862 -2.0813
2009 -7.41531 -4.55941 -2.02777
248 -7.37378 -3.94368 -2.87063
90 -7.1077 -2.90485 -2.68238
1205 -6.4756 -4.87961 -1.91848
2338 -5.5632 -4.64653 -2.42691
1866 -4.96781 -4.25143 -1.72006
469 -4.64413 -5.10015 -2.13958
1454 -3.85395 -5.13835 -1.53188
772 4.98259 -4.95921 -1.55454
1085 6.11545 -2.83735 -1.88015
1598 5.3669 -4.14506 -1.989
1797 7.36058 -3.47626 -1.84967
672 7.08667 -3.80353 -2.80521
2097 5.96036 -4.92926 -1.80671
1017 6.19586 -3.7195 -2.35613
2004 6.88108 -2.85309 -2.52623
1053 6.34752 -5.07663 -2.7825
2376 6.80969 -4.48099 -2.12047
621 7.29817 -4.76792 -2.98582
1613 9.03911 -4.01236 -2.78959
1001 9.21677 -4.97953 -2.5817
523 8.29726 -4.76388 -2.90927
1353 7.80849 -4.3611 -2.12095
1239 8.07862 -3.77493 -2.93963
1082 8.54674 -3.38319 -2.06527
1801 8.34917 -2.78964 -2.94409
636 9.06283 -4.3908 -1.76882
602 10.3294 -5.01628 -1.60797
1186 9.11795 -2.92273 -1.38292
2362 9.55112 -3.49443 -2.08184
1513 9.97135 -4.38105 -2.29658
91 9.34605 -2.86273 -2.84074
1606 10.2542 -2.85782 -2.41684
314 11.0176 -2.75661 -1.74658
1471 10.6174 -3.7126 -1.92408
642 -11.3679 -2.30749 -1.45875
283 -10.4677 -1.75459 -1.49044
1095 -11.3293 -0.257248 -1.82551
1521 -11.0867 -1.21553 -2.0628
1809 -10.7213 -2.40858 -2.21496
311 -10.5761 -0.329932 -2.53558
350 -8.56934 -0.246661 -2.9531
2253 -9.45695 -0.102058 -1.99552
1444 -8.15495 -1.16146 -2.87868
2293 -9.22582 -1.64299 -2.95287
680 -8.75582 -2.37621 -2.12209
806 -9.73566 -0.764019 -2.88106
1022 -8.93321 -0.918489 -2.29896
1696 -8.19042 -2.17319 -2.93158
1851 -8.36154 -1.51903 -1.71521
2390 -9.59256 -1.85181 -1.96433
1825 -9.22527 -1.13371 -1.36392
963 -10.0614 -0.917859 -1.87942
2078 -9.86593 -2.44917 -2.73254
1878 -10.3111 -1.55969 -2.60482
1990 -5.85545 -2.37363 -1.34279
2155 -7.75466 -2.46219 -2.05811
1577 -7.37055 -1.68181 -1.55763
7 -6.52471 -1.92319 -2.03612
830 -7.33533 -1.68588 -2.57764
805 -7.72238 -0.746859 -1.74673
1632 -6.77719 -0.947351 -2.05825
2029 -7.61889 -0.334409 -2.65174
2011 -6.30736 -0.311643 -1.33821
939 7.07729 -2.34804 -1.4342
1594 6.97785 -1.85618 -2.40166
2370 6.22364 -1.86786 -1.64955
1781 6.65372 -1.02054 -1.95985
846 7.5628 -1.14468 -1.46142
1994 7.08847 -0.264027 -1.46855
677 7.4304 -0.988195 -2.59182
1597 7.78099 -2.58741 -2.11918
529 7.87694 -1.86968 -2.83978
709 7.9441 -0.365472 -1.99267
1236 8.12435 -2.00401 -1.36964
2063 9.78889 -2.27813 -1.74819
725 8.8924 -0.736248 -1.42788
849 10.1676 -1.35016 -1.60197
241 9.81215 -1.98375 -2.73524
1040 8.86315 -1.72953 -2.95438
138 8.74268 -2.31235 -2.11417
620 8.43708 -0.785076 -2.92454
569 8.34252 -1.30213 -2.07168
1007 8.87447 -0.141749 -2.27774
2310 9.81739 -0.393655 -2.02511
2169 9.34131 -1.28846 -2.16349
2159 9.45502 -0.586652 -2.95905
2071 10.2649 -1.07963 -2.62179
1232 11.4088 -1.86928 -1.48279
2003 11.428 -0.0673064 -1.65865
2130 10.6873 -1.94531 -2.25273
1884 10.7255 -0.167962 -2.41428
497 11.0931 -1.04209 -1.9708
2139 -10.4613 1.85231 -2.50841
428 -11.2073 1.87606 -1.84016
2238 -11.093 0.912114 -2.09576
1554 -10.409 0.241673 -1.71689
324 -9.47055 1.22005 -2.92947
543 -9.45614 0.217254 -2.9476
413 -10.312 0.654565 -2.66947
235 -7.85788 2.42978 -2.85561
748 -9.94088 1.22322 -1.92119
1608 -8.28734 0.167282 -2.08391
754 -9.48444 2.01877 -2.32697
1942 -8.57996 0.762359 -2.94368
1306 -8.63141 1.77655 -2.96508
783 -9.00891 0.879659 -2.04599
1842 -8.15992 1.4085 -2.15044
1050 -10.1606 2.14882 -1.60123
2318 -9.10429 1.95736 -1.39634
156 -8.54857 2.3479 -2.13419
521 -6.87814 0.0628851 -2.07846
2119 -7.62501 0.677695 -2.64128
48 -7.26819 1.65527 -2.54457
1268 -6.4533 2.02251 -1.93089
356 -6.68825 1.04666 -1.98847
1016 -7.58422 0.751704 -1.64572
1129 -7.60363 2.25425 -1.81797
1350 7.64739 2.01663 -2.79312
317 7.57721 0.680453 -1.62997
2374 6.51982 0.524901 -1.7174
1748 7.58507 1.00938 -2.68124
1751 6.88154 1.6017 -2.28962
1088 7.16859 0.152737 -2.38061
2198 6.2454 1.46855 -1.52354
746 6.28271 2.37451 -1.94492
2223 7.0768 2.04232 -1.41397
1555 8.06852 0.142029 -2.85402
1956 8.41817 0.79587 -2.17475
2181 10.2237 1.91256 -2.59536
743 8.57567 2.36296 -2.64665
1862 9.36602 1.36957 -2.54128
1664 7.86434 1.61554 -1.90048
1467 8.45199 1.42045 -2.95721
1584 8.99637 1.34397 -1.56994
586 10.2784 2.31928 -1.42263
1210 9.41725 2.1725 -1.93883
1282 9.92509 0.308588 -2.81784
1330 8.72774 0.266442 -1.37307
2089 10.0527 1.39001 -1.75596
99 9.4978 0.567874 -1.95061
1689 8.96671 0.563702 -2.98983
803 8.53577 2.24083 -1.45858
1474 11.3609 0.988687 -1.70793
2239 10.491 0.48524 -1.53449
1526 10.6307 0.921505 -2.42481
1411 11.013 1.90053 -1.96663
404 -10.8509 3.83126 -1.37958
210 -10.7879 2.83014 -2.01427
24 -10.2356 3.65974 -2.14944
359 -10.0083 2.81077 -2.64085
84 -9.56801 4.41148 -2.00707
839 -8.78758 4.4096 -2.64427
1295 -7.95234 4.24168 -2.1066
2134 -8.4039 3.48397 -2.85994
661 -8.58664 4.93087 -1.73047
1019 -9.3875 3.59695 -2.67796
1571 -9.03381 2.69918 -2.95007
598 -9.35249 2.90331 -1.76804
401 -8.8053 3.77099 -1.86487
245 -8.00435 3.17414 -1.98912
1591 -7.15541 3.68986 -1.86028
718 -5.93803 4.63084 -2.5366
888 -6.02776 3.01261 -1.91678
653 -6.37325 4.03184 -1.33812
1659 -5.57014 3.92308 -1.93238
889 -6.88208 2.82813 -1.43322
2377 -7.39956 3.52741 -2.83196
1853 -6.94228 2.69462 -2.5003
1389 -6.41699 3.72851 -2.53452
901 -7.49018 4.57325 -2.93024
1736 -6.83091 4.63447 -2.07373
534 -5.75596 4.81784 -1.39244
765 -4.98385 4.73823 -2.02722
2389 4.91652 4.83324 -2.06254
826 5.67714 3.02005 -1.48149
2026 6.94539 3.06282 -1.62836
1936 7.76767 2.61933 -1.98446
1207 5.54448 4.05405 -2.09873
1233 6.21789 3.32991 -2.26552
212 6.25616 4.14812 -1.39305
1472 7.1987 4.03245 -1.71558
30 5.89743 4.96568 -1.8759
1660 6.96818 2.72757 -2.58006
949 7.28984 4.6599 -2.97568
2205 6.47907 4.29737 -2.35764
1757 7.13553 3.68832 -2.80225
1930 6.41541 5.14064 -2.89163
1305 9.81925 4.67257 -2.33883
2191 9.75129 3.58391 -2.65616
432 8.81628 3.31457 -2.94511
1181 9.53894 2.61213 -2.8287
1193 9.82526 3.21278 -1.57068
732 10.393 2.87611 -2.34965
1537 8.89905 3.03854 -1.98341
2287 7.90605 4.57179 -2.19048
1963 8.05305 3.59179 -2.02743
1435 8.44137 4.31535 -1.38565
234 9.23967 3.98072 -1.88729
110 9.08375 5.07519 -1.48416
1254 7.8635 3.01226 -2.92474
2060 8.07099 3.99364 -2.98997
548 9.02006 4.29496 -2.81309
394 11.1157 2.87035 -1.6381
895 10.4961 3.85421 -2.02631
2360 10.4054 4.9892 -1.58788
1108 -9.85659 5.49942 -1.60064
788 -9.06353 5.69773 -2.17679
565 -8.27839 5.27175 -2.67038
907 -8.30424 5.84989 -1.45108
632 -8.91493 6.58981 -1.73542
503 -7.90509 6.80548 -1.53171
316 -8.66669 7.51031 -1.4248
1079 -8.23349 6.2301 -2.37483
1384 -7.88283 7.70149 -2.01706
535 -6.7117 5.2099 -2.88774
2255 -5.29841 5.79049 -1.62689
336 -6.37303 6.4368 -1.50172
402 -7.0259 7.19356 -1.87469
2329 -5.21479 6.7529 -1.35242
1448 -6.5605 6.19722 -2.98741
2369 -7.18539 6.21249 -2.04052
2047 -6.2246 5.4526 -2.02605
1981 -7.49465 5.8375 -2.95054
964 -7.58818 5.30094 -1.94671
760 -5.40208 5.47112 -2.67942
2161 -7.6268 6.97897 -2.66101
332 -6.66779 7.18561 -2.87266
1067 -5.63803 7.07702 -2.975
1072 -5.80449 6.31586 -2.32139
1758 -6.02819 7.26745 -2.0681
1511 -3.1639 7.58716 -2.88175
468 -3.50547 5.8301 -1.91582
1666 -3.33578 6.64752 -2.51453
119 -3.31623 6.6649 -1.34459
1588 -4.33137 7.23798 -1.35281
1416 -4.49001 5.57774 -2.2764
96 -4.91754 6.35062 -2.78413
840 -4.96729 7.18327 -2.22048
155 -4.23131 6.51314 -2.03426
318 -3.52428 7.4581 -1.94298
741 -4.21228 7.07057 -2.87781
1380 -0.853834 7.27251 -2.44582
1229 -2.58887 6.27121 -1.93232
132 -0.0420629 6.84944 -2.04314
2235 -0.715952 6.40351 -1.38121
1635 -0.722505 7.43928 -1.36183
271 -1.53134 6.65549 -1.99541
951 -2.43648 7.14837 -1.46679
2103 -2.33962 7.0797 -2.5112
2160 -1.63146 7.63943 -1.82623
1724 0.2894 7.59681 -2.6286
340 1.28938 7.61125 -2.6813
925 0.774203 6.47714 -1.60461
936 1.54237 6.80004 -2.1579
1335 1.82331 6.14955 -1.4541
1840 2.14693 7.12489 -1.42428
808 2.53619 6.41344 -2.11833
1609 0.926586 7.45921 -1.72185
65 2.30745 7.24062 -2.63436
388 3.32205 7.00706 -2.71369
1464 2.95594 7.52764 -1.91629
1624 4.00126 7.70414 -2.97622
1291 5.19676 7.35589 -2.96961
1038 3.97179 7.17692 -1.93229
2312 3.23871 6.68514 -1.45608
417 3.08857 5.71169 -1.62907
1003 4.03596 5.31997 -1.89256
1086 4.3369 6.28876 -1.62606
1501 4.98508 6.88828 -2.10473
307 4.6131 5.86787 -2.49943
1693 3.65298 6.13632 -2.34155
770 4.29183 6.75648 -2.82408
1621 5.4604 6.02491 -1.90689
917 7.15646 5.23043 -2.09525
1283 7.42783 6.22554 -1.9919
701 6.47929 5.8855 -1.75909
1349 5.82673 7.42813 -2.08192
2187 6.95115 7.68319 -1.63763
1926 6.63351 6.83549 -2.06442
256 5.47086 5.38747 -2.6856
2321 6.38326 6.1349 -2.72979
1820 7.24632 5.69229 -2.98108
2012 6.16205 7.08201 -2.96482
2045 5.42809 6.37841 -2.90228
68 7.11747 7.65345 -2.62369
1578 7.20918 6.68701 -2.869
1899 8.80486 7.14361 -1.87951
15 9.5397 6.54745 -1.53803
1279 9.73423 5.65745 -1.97179
14 8.21484 5.54273 -1.92793
1308 8.9771 6.22466 -2.29865
1204 7.89149 7.09919 -1.45114
475 8.52743 6.32548 -1.375
453 8.12054 5.21122 -2.92848
327 8.08316 6.21479 -2.75006
1322 9.06518 5.27231 -2.60521
1065 7.98091 7.17622 -2.44409
1285 -6.4383 8.08629 -1.66482
2028 -7.19943 8.75459 -1.8007
289 -5.75123 8.82837 -1.47162
349 -6.48385 9.50762 -1.59216
1906 -6.32694 8.83594 -2.31667
184 -7.04121 8.01667 -2.45909
1505 -5.38518 8.82753 -2.67311
498 -6.05222 7.98563 -2.7806
39 -5.40705 8.05674 -2.00896
298 -5.58906 9.64971 -2.0388
519 -3.21245 9.99317 -1.46918
1412 -2.87462 9.16151 -1.93401
264 -3.39961 8.77399 -2.70215
482 -3.39258 9.89823 -2.61417
1982 -2.65673 7.93439 -2.0872
381 -4.76327 8.8947 -1.89301
1187 -3.53407 8.43548 -1.70558
937 -3.85965 9.36623 -1.90775
496 -5.04239 7.92107 -2.93817
1585 -4.04547 8.05755 -2.99065
470 -4.38609 8.98358 -2.82516
2117 -4.38054 7.97949 -2.02135
753 -4.6422 9.82053 -2.33627
2016 -1.36391 8.83016 -2.99126
1015 -1.46082 8.92172 -1.39678
693 -2.52185 8.36522 -2.98007
457 -0.865002 8.28684 -1.89498
382 -0.627484 8.16174 -2.86275
1244 -1.63179 7.88225 -2.80178
436 -2.58762 9.36891 -2.88841
357 -0.73767 10.1609 -2.75465
1867 -2.00262 8.76608 -2.22282
443 -2.47923 10.3031 -2.52002
924 -1.66554 9.78074 -2.85345
1410 -1.04019 9.3514 -2.20299
306 -0.101237 8.89953 -2.1112
2188 -0.442033 9.21975 -2.99016
1087 -1.92431 9.7562 -1.88307
2151 -0.830316 10.3079 -1.7664
662 1.97646 7.93492 -1.989
2132 0.0693891 7.97441 -1.71768
1459 0.305093 8.54601 -2.95493
1430 2.05845 8.21923 -2.94162
219 0.903657 9.43201 -2.02975
1172 0.897796 8.37401 -2.17018
1329 2.5001 9.21427 -1.40511
92 1.75354 8.90172 -2.11297
1101 1.09288 10.3477 -1.63957
1595 0.0259705 9.89732 -2.15818
1854 2.16394 9.80341 -2.13632
288 1.25627 8.84871 -2.99023
1667 0.514327 9.5298 -2.94987
1932 2.28912 9.19098 -2.93711
2349 1.46387 9.82716 -2.84687
291 3.00695 10.1294 -1.47338
2234 2.70307 8.59286 -2.21653
885 3.02546 7.94243 -2.93934
365 4.672 7.84008 -2.2306
1307 4.16302 8.00207 -1.37855
2256 3.64311 8.24518 -2.20036
1811 4.29188 8.95905 -1.93555
965 3.98352 9.90916 -1.39841
768 3.35316 9.3049 -1.93185
179 4.66984 10.1017 -2.10704
2270 3.31412 8.9134 -2.95006
514 4.28505 8.66062 -2.90877
59 3.01006 9.8398 -2.70422
273 3.99595 9.59628 -2.65043
371 4.99817 9.27544 -2.56972
78 6.15221 8.28167 -1.66478
629 5.21867 8.59291 -1.84036
2082 7.50418 8.89283 -1.43062
1347 6.93653 8.55304 -2.22466
1354 7.79059 8.07672 -2.01522
900 5.60873 9.77888 -1.95839
411 6.56606 9.354 -1.76037
1387 5.93824 8.96369 -2.43114
844 6.21384 8.05932 -2.75408
304 5.26405 8.35288 -2.8542
1967 8.53715 7.96255 -1.35927
391 -3.041 10.8932 -1.87543
2175 -3.95478 10.4503 -1.96425
1455 -4.91412 10.4104 -1.57506
947 -2.08024 11.2125 -1.754
1320 -0.940934 11.3072 -1.86454
2131 -0.101327 10.9496 -1.34406
2118 -1.52197 10.6773 -2.40396
258 -0.150015 10.8672 -2.34011
879 0.722928 10.4544 -2.60643
679 1.6696 10.6954 -2.38067
400 2.07553 10.5181 -1.43541
1111 1.63056 11.3887 -1.64819
274 0.68325 11.2571 -1.94062
459 2.65771 10.6724 -2.24831
1962 2.96286 11.2266 -1.47653
1807 3.64899 10.4199 -2.19785
1401 3.94709 10.9569 -1.40844
