#UF3 POT
3B 0 3 uk
7.0 3.5 3.5 19 13 13
1.5 1.5 1.5 1.5 1.9583333333333333 2.4166666666666665 2.875 3.333333333333333 3.7916666666666665 4.25 4.708333333333333 5.1666666666666661 5.625 6.083333333333333 6.5416666666666661 7 7 7 7
1.5 1.5 1.5 1.5 1.8333333333333333 2.1666666666666665 2.5 2.833333333333333 3.1666666666666665 3.5 3.5 3.5 3.5
1.5 1.5 1.5 1.5 1.8333333333333333 2.1666666666666665 2.5 2.833333333333333 3.1666666666666665 3.5 3.5 3.5 3.5
9 9 15
-1.0025267383014886e-06 1.627666892216261e-10 8.48457178601592e-09 1.0410120456668556e-08 1.1330088302187643e-06 1.4224457260740182e-05 3.749471162873949e-05 3.695233634472074e-05 0.0 0.0 0.0 0.0 0.0 0.0 0.0
4.922778833696604e-05 -1.0222423928319826e-06 -4.8075020979943344e-05 -3.8518708184701e-05 -9.794643241404816e-06 -5.109554485113297e-07 -4.104591531909916e-10 5.419385825688335e-09 2.3261619203718816e-06 0.0 0.0 0.0 0.0 0.0 0.0
2.829068261701631e-05 3.3565662462635585e-05 -4.4282774329572976e-05 5.3019338472701156e-05 1.656981200092865e-05 5.764723793849365e-06 8.90212763080714e-06 -1.266718085517006e-06 2.431925564724538e-06 -3.3416793274446366e-07 0.0 0.0 0.0 0.0 0.0
9.661425891180097e-09 1.1180525909838732e-07 7.372128540386131e-06 9.39083445715028e-06 1.0838653682096786e-05 9.806075321172179e-05 7.23071321840456e-05 0.00011393368280907902 7.532201192649856e-05 1.4915718900782886e-05 0.0 0.0 0.0 0.0 0.0
4.674109331563019e-07 -5.406616138544008e-09 2.0217516565542138e-08 5.815480232140697e-06 2.377543599749233e-05 4.214830983861595e-05 -7.397778428926203e-05 7.061700585974997e-05 3.398811616466058e-05 3.0440209444922143e-05 0.00013514584901612643 0.0 0.0 0.0 0.0
-2.18344999249825e-05 -0.00011697904895508256 -5.553581955175406e-06 2.658838454117769e-08 1.2146153008512734e-05 1.918298817375017e-05 5.40154814815751e-05 1.2944187401636162e-05 3.710536690671586e-05 1.6795050072301748e-05 -7.229556489685409e-06 8.543467581763247e-06 0.0 0.0 0.0
0.0 0.0 0.0 0.0 0.0 0.0 0.0 0.0 0.0 0.0 0.0 0.0 0.0 0.0 0.0
0.0 0.0 0.0 0.0 0.0 0.0 0.0 0.0 0.0 0.0 0.0 0.0 0.0 0.0 0.0
0.0 0.0 0.0 0.0 0.0 0.0 0.0 0.0 0.0 0.0 0.0 0.0 0.0 0.0 0.0
4.922778833696604e-05 -1.0222423928319826e-06 -4.8075020979943344e-05 -3.8518708184701e-05 -9.794643241404816e-06 -5.109554485113297e-07 -4.104591531909916e-10 5.419385825688335e-09 2.3261619203718816e-06 0.0 0.0 0.0 0.0 0.0 0.0
4.7777593982974866e-05 2.1830415880551608e-05 -8.74161436707018e-06 7.718518436280754e-09 3.872620009304499e-06 2.2808275890118977e-05 4.9693195966817054e-05 -5.792733170014431e-06 4.574471594251372e-05 -2.840624725005251e-05 0.0 0.0 0.0 0.0 0.0
-2.983543176137801e-05 4.9033674735689904e-05 4.195810226183578e-05 0.00010403045298571696 0.0003809288520722337 3.373314734861335e-05 1.0875278462846613e-05 2.680082116524925e-05 2.6236988936225364e-05 3.6338704048890435e-06 0.0 0.0 0.0 0.0 0.0
2.1399512390776296e-05 2.7931318963336216e-05 1.601611374550643e-05 0.0011462578563508437 0.0020096052304490785 0.0010339536769749804 0.001014125101157229 0.00021102390605096824 -9.581571365103867e-06 -2.280019726143644e-05 3.57351467975471e-07 0.0 0.0 0.0 0.0
6.2467013661098965e-06 2.658299496065299e-05 0.0007087760404542255 -0.002278488280232273 -0.007044271575650293 0.0038614975616579586 0.009260853457130498 -0.0010473278276317726 -8.516349321648054e-05 0.00020262630262751473 1.3414729868362445e-06 7.953262907187799e-08 0.0 0.0 0.0
2.3603382351924323e-06 7.146280072503116e-05 0.0012361202483760594 -0.005734465078354871 -0.017135562936976125 -0.0016664758722632735 0.010195949308015286 -0.005412690557758046 -0.0029107216230642853 -0.0007612908343076258 -0.00013449226099999524 2.1468761472671134e-05 0.0 0.0 0.0
0.0 0.0 0.0 0.0 0.0 0.0 0.0 0.0 0.0 0.0 0.0 0.0 0.0 0.0 0.0
0.0 0.0 0.0 0.0 0.0 0.0 0.0 0.0 0.0 0.0 0.0 0.0 0.0 0.0 0.0
0.0 0.0 0.0 0.0 0.0 0.0 0.0 0.0 0.0 0.0 0.0 0.0 0.0 0.0 0.0
2.829068261701631e-05 3.3565662462635585e-05 -4.4282774329572976e-05 5.3019338472701156e-05 1.656981200092865e-05 5.764723793849365e-06 8.90212763080714e-06 -1.266718085517006e-06 2.431925564724538e-06 -3.3416793274446366e-07 0.0 0.0 0.0 0.0 0.0
-2.983543176137801e-05 4.9033674735689904e-05 4.195810226183578e-05 0.00010403045298571696 0.0003809288520722337 3.373314734861335e-05 1.0875278462846613e-05 2.680082116524925e-05 2.6236988936225364e-05 3.6338704048890435e-06 0.0 0.0 0.0 0.0 0.0
4.805582975622838e-05 3.5904852202535306e-05 0.0001861581391418004 0.011742061168666256 0.024776619721352023 0.009905830782079064 0.001165275555230131 0.0004071734306161239 0.00037033988296356686 4.258576293935207e-05 -1.0503156955159468e-06 0.0 0.0 0.0 0.0
-5.680777858210279e-07 7.084011901144194e-05 0.0050124193537796876 0.1029510036679177 0.24007141064120838 0.17886074568759117 0.03778564255583381 -0.01538608134214139 -0.01488601265585909 -0.005013137591006775 1.477967512985198e-07 2.827576677896298e-05 0.0 0.0 0.0
3.4701391129480595e-05 0.005680635772167662 0.07108357438929552 0.18745843365735923 0.18473391598372302 0.2461411417071668 -0.005111666129467331 -0.24038059036230178 -0.19258370027930355 -0.048958604017684836 -0.0025501911244683846 -4.982008439539256e-06 0.0 0.0 0.0
1.8054960278101902e-05 0.011611823828717463 0.14139350699353365 0.1678085431015684 -0.22152577092526715 0.26507903411379746 0.08279760718466518 0.02879361559120084 0.04448600527937973 -0.006339073225905362 0.012182164968354765 -0.0016647733469859114 0.0 0.0 0.0
0.0 0.0 0.0 0.0 0.0 0.0 0.0 0.0 0.0 0.0 0.0 0.0 0.0 0.0 0.0
0.0 0.0 0.0 0.0 0.0 0.0 0.0 0.0 0.0 0.0 0.0 0.0 0.0 0.0 0.0
0.0 0.0 0.0 0.0 0.0 0.0 0.0 0.0 0.0 0.0 0.0 0.0 0.0 0.0 0.0
9.661425891180097e-09 1.1180525909838732e-07 7.372128540386131e-06 9.39083445715028e-06 1.0838653682096786e-05 9.806075321172179e-05 7.23071321840456e-05 0.00011393368280907902 7.532201192649856e-05 1.4915718900782886e-05 0.0 0.0 0.0 0.0 0.0
2.1399512390776296e-05 2.7931318963336216e-05 1.601611374550643e-05 0.0011462578563508437 0.0020096052304490785 0.0010339536769749804 0.001014125101157229 0.00021102390605096824 -9.581571365103867e-06 -2.280019726143644e-05 3.57351467975471e-07 0.0 0.0 0.0 0.0
-5.680777858210279e-07 7.084011901144194e-05 0.0050124193537796876 0.1029510036679177 0.24007141064120838 0.17886074568759117 0.03778564255583381 -0.01538608134214139 -0.01488601265585909 -0.005013137591006775 1.477967512985198e-07 2.827576677896298e-05 0.0 0.0 0.0
3.224364873093737e-05 0.0005926077146340155 0.03682711928362166 0.046898795979650645 0.054125869772576704 0.49020499621758107 0.3614418794239106 0.569703720925391 0.37654073726442117 0.07453613145477757 0.002320760953344357 -4.1320810202123745e-05 0.0 0.0 0.0
7.181321030642065e-05 0.029059269505937943 0.11884075783303522 0.21076878762972284 -0.36996025259611676 0.35312700844142586 0.16990097184555128 0.15210775765373416 0.6757140775652752 -0.10922320044264704 -0.5849697059462919 -0.027759887396949002 0.0 0.0 0.0
9.734779590447442e-05 0.06072685888500135 0.09586373042400446 0.2700889438647233 0.06469057221256519 0.1854847883254132 0.08392153868089386 -0.03626027544891736 0.04232832520121794 0.23849583983886427 0.10911730115168922 -0.04380214407208333 0.0 0.0 0.0
0.0 0.0 0.0 0.0 0.0 0.0 0.0 0.0 0.0 0.0 0.0 0.0 0.0 0.0 0.0
0.0 0.0 0.0 0.0 0.0 0.0 0.0 0.0 0.0 0.0 0.0 0.0 0.0 0.0 0.0
0.0 0.0 0.0 0.0 0.0 0.0 0.0 0.0 0.0 0.0 0.0 0.0 0.0 0.0 0.0
4.674109331563019e-07 -5.406616138544008e-09 2.0217516565542138e-08 5.815480232140697e-06 2.377543599749233e-05 4.214830983861595e-05 -7.397778428926203e-05 7.061700585974997e-05 3.398811616466058e-05 3.0440209444922143e-05 0.00013514584901612643 0.0 0.0 0.0 0.0
6.2467013661098965e-06 2.658299496065299e-05 0.0007087760404542255 -0.002278488280232273 -0.007044271575650293 0.0038614975616579586 0.009260853457130498 -0.0010473278276317726 -8.516349321648054e-05 0.00020262630262751473 1.3414729868362445e-06 7.953262907187799e-08 0.0 0.0 0.0
3.4701391129480595e-05 0.005680635772167662 0.07108357438929552 0.18745843365735923 0.18473391598372302 0.2461411417071668 -0.005111666129467331 -0.24038059036230178 -0.19258370027930355 -0.048958604017684836 -0.0025501911244683846 -4.982008439539256e-06 0.0 0.0 0.0
7.181321030642065e-05 0.029059269505937943 0.11884075783303522 0.21076878762972284 -0.36996025259611676 0.35312700844142586 0.16990097184555128 0.15210775765373416 0.6757140775652752 -0.10922320044264704 -0.5849697059462919 -0.027759887396949002 0.0 0.0 0.0
3.8792902483003914e-05 0.01940944659869733 0.11401272918676479 0.24845559032094336 -0.029040137137018487 0.22760022061135138 -0.14408030764137164 -0.1502303415258775 0.24414290246285578 0.20048840049956973 -0.3098919852331769 0.38455675655513366 0.0 0.0 0.0
0.0001449154156948679 0.05388868537335966 0.1340445791122114 0.1304729995514306 0.02041924003827766 0.11401975265164792 0.13440972558465583 -0.056806908474571434 0.03945347719095876 0.02504259931146615 0.04957547514580214 0.01854515348232565 0.0 0.0 0.0
0.0 0.0 0.0 0.0 0.0 0.0 0.0 0.0 0.0 0.0 0.0 0.0 0.0 0.0 0.0
0.0 0.0 0.0 0.0 0.0 0.0 0.0 0.0 0.0 0.0 0.0 0.0 0.0 0.0 0.0
0.0 0.0 0.0 0.0 0.0 0.0 0.0 0.0 0.0 0.0 0.0 0.0 0.0 0.0 0.0
-2.18344999249825e-05 -0.00011697904895508256 -5.553581955175406e-06 2.658838454117769e-08 1.2146153008512734e-05 1.918298817375017e-05 5.40154814815751e-05 1.2944187401636162e-05 3.710536690671586e-05 1.6795050072301748e-05 -7.229556489685409e-06 8.543467581763247e-06 0.0 0.0 0.0
2.3603382351924323e-06 7.146280072503116e-05 0.0012361202483760594 -0.005734465078354871 -0.017135562936976125 -0.0016664758722632735 0.010195949308015286 -0.005412690557758046 -0.0029107216230642853 -0.0007612908343076258 -0.00013449226099999524 2.1468761472671134e-05 0.0 0.0 0.0
1.8054960278101902e-05 0.011611823828717463 0.14139350699353365 0.1678085431015684 -0.22152577092526715 0.26507903411379746 0.08279760718466518 0.02879361559120084 0.04448600527937973 -0.006339073225905362 0.012182164968354765 -0.0016647733469859114 0.0 0.0 0.0
9.734779590447442e-05 0.06072685888500135 0.09586373042400446 0.2700889438647233 0.06469057221256519 0.1854847883254132 0.08392153868089386 -0.03626027544891736 0.04232832520121794 0.23849583983886427 0.10911730115168922 -0.04380214407208333 0.0 0.0 0.0
0.0001449154156948679 0.05388868537335966 0.1340445791122114 0.1304729995514306 0.02041924003827766 0.11401975265164792 0.13440972558465583 -0.056806908474571434 0.03945347719095876 0.02504259931146615 0.04957547514580214 0.01854515348232565 0.0 0.0 0.0
5.588250079169304e-05 -0.012017079745903034 -0.0008295411205340048 0.00043274236043781584 0.036933605134660964 -0.017759680455812197 0.15248826375477179 -0.022974467887332546 0.005116007779072725 -0.01249692329646853 -0.12288470938617652 0.022731129576009593 0.0 0.0 0.0
0.0 0.0 0.0 0.0 0.0 0.0 0.0 0.0 0.0 0.0 0.0 0.0 0.0 0.0 0.0
0.0 0.0 0.0 0.0 0.0 0.0 0.0 0.0 0.0 0.0 0.0 0.0 0.0 0.0 0.0
0.0 0.0 0.0 0.0 0.0 0.0 0.0 0.0 0.0 0.0 0.0 0.0 0.0 0.0 0.0
0.0 0.0 0.0 0.0 0.0 0.0 0.0 0.0 0.0 0.0 0.0 0.0 0.0 0.0 0.0
0.0 0.0 0.0 0.0 0.0 0.0 0.0 0.0 0.0 0.0 0.0 0.0 0.0 0.0 0.0
0.0 0.0 0.0 0.0 0.0 0.0 0.0 0.0 0.0 0.0 0.0 0.0 0.0 0.0 0.0
0.0 0.0 0.0 0.0 0.0 0.0 0.0 0.0 0.0 0.0 0.0 0.0 0.0 0.0 0.0
0.0 0.0 0.0 0.0 0.0 0.0 0.0 0.0 0.0 0.0 0.0 0.0 0.0 0.0 0.0
0.0 0.0 0.0 0.0 0.0 0.0 0.0 0.0 0.0 0.0 0.0 0.0 0.0 0.0 0.0
0.0 0.0 0.0 0.0 0.0 0.0 0.0 0.0 0.0 0.0 0.0 0.0 0.0 0.0 0.0
0.0 0.0 0.0 0.0 0.0 0.0 0.0 0.0 0.0 0.0 0.0 0.0 0.0 0.0 0.0
0.0 0.0 0.0 0.0 0.0 0.0 0.0 0.0 0.0 0.0 0.0 0.0 0.0 0.0 0.0
0.0 0.0 0.0 0.0 0.0 0.0 0.0 0.0 0.0 0.0 0.0 0.0 0.0 0.0 0.0
0.0 0.0 0.0 0.0 0.0 0.0 0.0 0.0 0.0 0.0 0.0 0.0 0.0 0.0 0.0
0.0 0.0 0.0 0.0 0.0 0.0 0.0 0.0 0.0 0.0 0.0 0.0 0.0 0.0 0.0
0.0 0.0 0.0 0.0 0.0 0.0 0.0 0.0 0.0 0.0 0.0 0.0 0.0 0.0 0.0
0.0 0.0 0.0 0.0 0.0 0.0 0.0 0.0 0.0 0.0 0.0 0.0 0.0 0.0 0.0
0.0 0.0 0.0 0.0 0.0 0.0 0.0 0.0 0.0 0.0 0.0 0.0 0.0 0.0 0.0
0.0 0.0 0.0 0.0 0.0 0.0 0.0 0.0 0.0 0.0 0.0 0.0 0.0 0.0 0.0
0.0 0.0 0.0 0.0 0.0 0.0 0.0 0.0 0.0 0.0 0.0 0.0 0.0 0.0 0.0
0.0 0.0 0.0 0.0 0.0 0.0 0.0 0.0 0.0 0.0 0.0 0.0 0.0 0.0 0.0
0.0 0.0 0.0 0.0 0.0 0.0 0.0 0.0 0.0 0.0 0.0 0.0 0.0 0.0 0.0
0.0 0.0 0.0 0.0 0.0 0.0 0.0 0.0 0.0 0.0 0.0 0.0 0.0 0.0 0.0
0.0 0.0 0.0 0.0 0.0 0.0 0.0 0.0 0.0 0.0 0.0 0.0 0.0 0.0 0.0
0.0 0.0 0.0 0.0 0.0 0.0 0.0 0.0 0.0 0.0 0.0 0.0 0.0 0.0 0.0
0.0 0.0 0.0 0.0 0.0 0.0 0.0 0.0 0.0 0.0 0.0 0.0 0.0 0.0 0.0
0.0 0.0 0.0 0.0 0.0 0.0 0.0 0.0 0.0 0.0 0.0 0.0 0.0 0.0 0.0
0.0 0.0 0.0 0.0 0.0 0.0 0.0 0.0 0.0 0.0 0.0 0.0 0.0 0.0 0.0
0.0 0.0 0.0 0.0 0.0 0.0 0.0 0.0 0.0 0.0 0.0 0.0 0.0 0.0 0.0
0.0 0.0 0.0 0.0 0.0 0.0 0.0 0.0 0.0 0.0 0.0 0.0 0.0 0.0 0.0
#
