POD_coefficients: 170
-2.5328571343784727077
-2.5315892557660917284
26.923454700442373877
2.7637357062889904569
27.087429025689424122
8.8131216368804849992
2.8845582067833936968
6.4170787999656990763
0.60758330502687729613
0.45092284186391329293
-0.4326955725822244081
-0.099386425644596848583
0.057344307049973682056
-0.025466640422742346794
-0.59603499337442800154
0.019459418439025294445
-0.17624838052192295934
0.12950306318583357235
-0.031945977845484883895
0.018381874648749269019
-19.612854004306409905
-2.2983173118029460724
-2.1188455854871670603
1.085063797492015647
3.7064521290493548378
-23.627299710339979555
-58.034856941398018648
4.0846423784768006726
-1.6115041435278019133
2.8446949584867726735
5.10774205336604048
-25.060592670646848035
-45.811876371511765171
3.5664887200614967533
-1.5843637694080494605
0.27579619082788681128
1.6650226605758562393
-25.084879216037759164
9.4985331668072099376
0.88878597169223061414
-0.55666023523167706966
-1.2091548489115238052
-0.45109345494035268942
-6.1440256294565722683
5.9670119580951048732
0.13210130570590061794
0.079087724365866932108
-0.54588596961812152486
0.10562882641401256933
8.9109170497525926891
2.0913940700773063774
0.028027432036509120072
1.3715081571330387522
0.17794647146284287009
-1.363803937906824526
3.4331808507161269972
2.7189798816012928917
0.036724409726529495812
1.0694826787739186713
-1.0707137005972773292
0.035849329209962199627
1.5490547846522555453
1.980699523774810844
-0.024034217806558330621
0.4600128133112288964
0.27253975419027293148
-0.41892232371082366305
3.6999765225028071747
-2.3363560228380015893
0.0082763198909066026943
0.031036357797665097696
0.16039565768885910568
0.10692872927200501587
0.34372131631083374659
-0.82114524343973227527
-0.0086242514804303390535
-0.042040292542333199122
0.070571078860710886871
-0.024280171377788203196
-0.52582124580934275215
0.13898315966780777631
-0.11877909747479512004
-0.0044419676874664169169
-0.12817776438855232879
0.04612366119553137217
-0.038740560676237788262
0.62262155023399456955
-0.14357054148187861631
0.051262730221584708323
-0.10638192352538937413
-0.1147637196876079152
0.043762902948510963574
0.44171896976933272549
-0.084201968646141808761
-0.0045695885601125287023
-0.10707203905109323461
-0.079173098157939075792
-0.14626727650376841749
0.19266480046338305132
-0.0327698849580947138
0.0012954552843808069245
-0.051000296202866779449
-0.025423633406282768882
0.085035691978441227401
0.012701871146256376796
-0.0041862400320044129351
-0.0015101392586511623063
0.0085405556182839483664
-0.011810681499761376337
-0.096915753937666312967
0.058407069014395393558
-0.0090080839350898667117
0.011192036693093466992
-0.01828826449837996429
-0.023392202954505995904
0.0032266579319746844547
0.065784588936575058571
-0.0083031670810848126618
-0.0092681069450255802733
-0.043156254605914518008
0.0093949835883021717148
0.012689210832401839543
0.042672487589652002837
-0.013829757048743951398
0.011118429999088305996
-0.016620864985300562444
-0.006128060127938491676
0.038723706428189522133
0.055731369950249812217
-0.0055584191498655698138
-0.0057767771817639297291
-0.027425268608158099443
0.00068753583477344413187
0.034009625381036412417
0.0044595651616186381475
-0.0050569920389186319432
0.0024800114575537490769
-0.0092429853514323229158
0.0059655320258428347693
0.010917955727778504149
-0.0043101174039617820219
0.0069490776277150627729
0.0086182501076925779881
-0.0046955643475508164128
0.0061452875639216820655
-0.0038850670781638845137
-0.011130362294113696486
0.01070809186136843956
0.012038188180312428197
-0.018052333439789125524
-0.021308145273505479239
-0.039959863299321565777
-0.032806452783647403748
0.012968522594307852619
-0.00086169726195395497399
-0.020744968988081351896
-0.016661600246834894906
-0.016279990335145069075
-0.0083992558058662829951
0.0099782205398727362444
-0.0020034981669745516308
0.0011535898235205059147
-0.0058694155401551751511
-0.014313997834812016569
0.00050676497145196123389
0.0049838323947956368262
-0.0018258966151520421815
-0.0012534035186409523896
-0.0057564992216679183867
0.0044737583125783264917
