**************** Begin of Error Analysis for the Training Data Set ****************
----------------------------------------------------------------------------------------
  File    | # configs | # atoms  | MAE energy | RMSE energy | MAE force | RMSE force |
----------------------------------------------------------------------------------------
Displaced_A15.xyz     9        576       0.011326     0.011373     0.113223     0.141496  
Displaced_BCC.xyz     9        486       0.012158     0.013983     0.240350     0.311834  
Displaced_FCC.xyz     9        432       0.001459     0.001605     0.082874     0.104038  
Elastic_BCC.xyz       100      200       0.004442     0.004774     0.000010     0.000013  
Elastic_FCC.xyz       100      400       0.002855     0.002914     0.000147     0.000208  
GSF_110.xyz           22       528       0.005794     0.006857     0.047304     0.097750  
GSF_112.xyz           22       660       0.010592     0.011566     0.123316     0.191078  
Liquid.xyz            3        300       0.013230     0.015407     0.567180     0.757188  
Surface.xyz           7        236       0.025392     0.037556     0.096037     0.295185  
Volume_A15.xyz        30       240       0.039262     0.048655     0.000000     0.000000  
Volume_BCC.xyz        21       42        0.049805     0.067608     0.000000     0.000000  
Volume_FCC.xyz        31       124       0.030071     0.041758     0.000000     0.000000  
----------------------------------------------------------------------------------------
All files             363      4224      0.012915     0.025804     0.122413     0.259832  
----------------------------------------------------------------------------------------
**************** End of Error Analysis for the Training Data Set ****************
788831679882   0.22596574566215233   
   13   54   -633.0715327009289   -632.575826   0.009179753720904618   13.38722265501089   14.55977161807516   0.20468605527789657   
   14   54   -630.8934957013136   -630.450212   0.00820895743173314   16.55208944443588   16.963407263806737   0.23634113002474197   
   15   54   -632.0720278042794   -631.669379   0.007456459338506512   15.243544796485848   16.057573148572235   0.22775531956339234   
   16   54   -632.8026455263257   -632.431277   0.006877194931957075   14.211466435280192   14.698107183802986   0.20251384106548556   
   17   54   -631.6802089987114   -630.960068   0.013335944420580963   14.712341572501606   15.9907314848333   0.22814956015777796   
   18   54   -625.0384776380735   -623.378198   0.030745919223582625   23.402147660411995   24.67640432462571   0.3498682719546935   
# Displaced_FCC.xyz
|  config  |  # atoms  |  energy  | DFT energy | energy error |  force  | DFT force | force error |
   19   48   -555.9699048116876   -555.899463   0.0014675377434916943   6.076723570111619   6.084617062577644   0.07097225784702979   
   20   48   -555.951372548151   -555.922478   0.0006019697531461551   6.2768081019916835   6.297071211051453   0.09304008044815221   
   21   48   -555.8352575499124   -555.800269   0.0007289281231758574   6.149373520912313   6.021098635803518   0.08156835371452154   
   22   48   -556.264633536616   -556.196151   0.001426719512833093   5.061971931845687   5.127955094071613   0.08671676499791757   
   23   48   -555.6280533698074   -555.488929   0.002898424370987603   6.842691133180262   7.050223458554702   0.08140862181092728   
   24   48   -556.1096232742261   -556.027926   0.001702026546378003   5.657586147563364   5.611881174158804   0.07972132849870538   
   25   48   -556.0586145386251   -555.968399   0.0018794903880229679   5.876517215034847   5.9792171885302   0.07481336723660771   
   26   48   -556.0087786403584   -556.047132   0.0007990283258673495   5.749737368137966   5.544452585448   0.08230729255875535   
   27   48   -555.8257619385125   -555.747848   0.001623207052344829   6.360724142487831   6.478925680043952   0.09531890330655125   
# Elastic_BCC.xyz
|  config  |  # atoms  |  energy  | DFT energy | energy error |  force  | DFT force | force error |
   28   2   -23.683550425870703   -23.689367   0.0029082870646490733   0.0006476690575858367   0.0006222748588847215   7.473202465972632e-06   
   29   2   -23.682831250985068   -23.689888   0.0035283745074661255   0.0006432761410594883   0.0006166052221640683   7.127119889921843e-06   
   30   2   -23.68295261410514   -23.689996   0.0035216929474302106   0.0009101925662864486   0.0008810425642385276   1.1371569512601517e-05   
   31   2   -23.68109878556856   -23.690957   0.004929107215719597   1.0425659384788981e-06   0   4.159514899757776e-07   
   32   2   -23.67921705717492   -23.690521   0.0056519714125400355   0.0006251577874012628   0.0005982273815197694   7.343256150490267e-06   
   33   2   -23.677874583472594   -23.69038   0.00625270826370361   0.00062095497898275   0.0005925723584508478   7.867519675216074e-06   
   34   2   -23.6841704589039   -23.689202   0.0025157705480509662   0.00065105331276946   0.000627936302502093   6.902838703482664e-06   
   35   2   -23.681714227252602   -23.690482   0.004383886373698687   0.0009007678977100699   0.0008640138887772579   1.283008438887509e-05   
   36   2   -23.683028429510685   -23.689902   0.0034367852446575142   0.0006422803112311378   0.0006152154094299004   8.366792464983462e-06   
   37   2   -23.6806570887259   -23.690563   0.004952955637049783   0.0006308861563057257   0.0006038725030997851   7.233699575636146e-06   
   38   2   -23.683393925997237   -23.690207   0.0034065370013820484   0.0011163849179818635   0.001073697350280795   1.7428867349106362e-05   
   39   2   -23.68371008257683   -23.689285   0.0027874587115856997   0.0009201854843382352   0.0008900134830439369   1.0813703906487712e-05   
   40   2   -23.68346034114315   -23.689768   0.0031538294284256807   0.00111846897685263   0.0010802490453594485   1.5612628959590345e-05   
   41   2   -23.682260284259943   -23.68968   0.003709857870028088   0.0009056805302655977   0.0008680034562143172   1.2942257805658773e-05   
   42   2   -23.682615253379613   -23.690074   0.0037293733101932958   0.0014343132297784118   0.001373818765339883   2.3643102859328914e-05   
   43   2   -23.684711203375635   -23.688108   0.0016983983121825474   0.0006578004786186436   0.0006336134468270066   7.710524799830309e-06   
   44   2   -23.684069319484173   -23.689241   0.0025858402579128636   0.0009210090529700734   0.0008880101350772974   1.1437392338765193e-05   
   45   2   -23.68386403429901   -23.68952   0.0028279828504960136   0.0009167488408088467   0.0008860011286674525   1.0705797027921928e-05   
   46   2   -23.68526333146192   -23.686278   0.0005073342690415927   0.0006658872988671218   0.0006406777661195993   8.36856627586386e-06   
   47   2   -23.67631317236487   -23.690097   0.006891913817565154   0.0008723081514172377   0.0008410160521654744   1.0770082666077829e-05   
   48   2   -23.678370717714195   -23.690811   0.006220141142902591   0.0008799687102674024   0.0008500070587942196   1.0563635552242853e-05   
   49   2   -23.679834898508396   -23.690266   0.0052155507458024886   0.0010902204292618067   0.0010443227470470994   1.874653473968389e-05   
   50   2   -23.682115571308692   -23.690597   0.004240714345653984   0.0011040891210648818   0.0010508330029076933   2.1742363147792253e-05   
   51   2   -23.680523087870444   -23.690673   0.005074956064778036   0.000630183981831036   0.0006038907185907066   7.629834708275195e-06   
   52   2   -23.681873678512023   -23.690551   0.004338660743988143   0.0009009015542908148   0.0008590064027700842   1.440773738710985e-05   
   53   2   -23.681933670485666   -23.690693   0.004379664757166779   0.0008999859731830617   0.00085901105930017   1.470646925159562e-05   
   54   2   -23.68099077081811   -23.69021   0.004609614590945554   0.0008986014357025996   0.0008730051546239576   9.195531333739143e-06   
   55   2   -23.684282362276768   -23.688943   0.002330318861615055   0.0009218653993932457   0.0008800306812833288   1.5750860585301795e-05   
   56   2   -23.678442500654533   -23.690136   0.005846749672732798   0.0006229280871451299   0.0005939966329870902   8.165007223830977e-06   
   57   2   -23.68495916614089   -23.687444   0.00124241692955529   0.0009334481690595128   0.0009030592450110901   1.2459660908648988e-05   
   58   2   -23.683650087876266   -23.689801   0.003075456061866433   0.0009146886841941287   0.0008740011441640107   1.3790679320395695e-05   
   59   2   -23.681502954642788   -23.690408   0.004452522678606741   8.676768014521845e-07   0   3.240680357180156e-07   
   60   2   -23.681176989614855   -23.690362   0.0045925051925728155   0.0006335685039811492   0.0006067503605272931   9.151646931630158e-06   
   61   2   -23.67231321945796   -23.688881   0.008283890271020056   0.0008552029601172265   0.000825005454527423   1.0602957255903e-05   
   62   2   -23.679154318342988   -23.690515   0.005680340828506658   0.0015324336829488016   0.0014757797938717012   2.029966024473066e-05   
   63   2   -23.67788652756   -23.690551   0.006332236220000453   0.0006218059521336938   0.000599659903612039   7.059368949811316e-06   
   64   2   -23.683181776619797   -23.689487   0.0031526116901012813   0.0006460132811192668   0.0006194384553771262   7.306537483627272e-06   
   65   2   -23.68342432503348   -23.68986   0.0032178374832589896   0.0009128387002204377   0.0008860124152629014   1.0063319594441135e-05   
   66   2   -23.683795899227192   -23.689288   0.0027460503864045194   0.001450141550151461   0.0013964791441335596   1.634580045254507e-05   
   67   2   -23.677026792972494   -23.690457   0.006715103513752041   0.0006177094649735981   0.000593983164744591   6.846257283011383e-06   
   68   2   -23.67554712068562   -23.689792   0.0071224396571896165   0.0008684321314316724   0.0008340587509282545   1.3708587723423753e-05   
   69   2   -23.67585869416982   -23.690006   0.007073652915090989   0.0006135944904528891   0.0005897694464788762   7.837786523368688e-06   
   70   2   -23.677758808419068   -23.690571   0.006406095790465471   0.0006197498785829644   0.0005939781140749213   7.168261918309821e-06   
   71   2   -23.68271900066446   -23.690213   0.0037469996677703676   0.0011105542694374456   0.0010843154522554772   1.0715206022060116e-05   
   72   2   -23.678725752604983   -23.690617   0.005945623697508395   0.0006240186382537616   0.000602468256425183   6.3872007005133655e-06   
   73   2   -23.6823343523577   -23.689761   0.003713323821150638   0.0009081453888991003   0.0008790688255193674   1.1766127655735999e-05   
   74   2   -23.67675240141474   -23.69027   0.006758799292631679   7.176913987210446e-07   0   2.12574413801115e-07   
   75   2   -23.681665763520925   -23.690599   0.004466618239536757   0.0006366113360880023   0.0006137752031485143   6.341503415279683e-06   
   76   2   -23.679997159043964   -23.69061   0.00530642047801777   9.682976222354027e-07   0   3.95248977406801e-07   
   77   2   -23.680105354448067   -23.690603   0.005248822775966389   0.0008909316166768805   0.0008590331774733733   1.2098381545860206e-05   
   78   2   -23.684906304132674   -23.687908   0.0015008479336628966   0.0009326791299148342   0.0009010105437784844   1.1591748108591178e-05   
   79   2   -23.679528470489043   -23.690688   0.005579764755479388   0.0008876851808883372   0.0008470064934816027   1.3731786171094297e-05   
   80   2   -23.683179410729394   -23.689988   0.0034042946353025627   0.0006441846338723107   0.0006194465271514563   7.1961422008900235e-06   
   81   2   -23.68323767887322   -23.689613   0.003187660563391148   0.000911539260045089   0.0008740732234773012   1.4947897101581507e-05   
   82   2   -23.681832361670452   -23.690678   0.004422819164773273   0.0006364078255269651   0.000612375701673409   7.224857414234128e-06   
   83   2   -23.681980869138968   -23.69017   0.004094565430515118   0.0009027683579925812   0.0008750051428420292   9.384207567534968e-06   
   84   2   -23.684851886193808   -23.687892   0.0015200569030966449   0.001140506675322703   0.0011120701416727273   1.1609332540479138e-05   
   85   2   -23.68273004790722   -23.690132   0.0037009760463888597   0.0009071538248319576   0.0008680184329840007   1.454415433632293e-05   
   86   2   -23.680199604697524   -23.690843   0.005321697651238466   0.0006294962233690336   0.0006081134762525825   5.6732001408584885e-06   
   87   2   -23.67959883199845   -23.690598   0.005499584000775215   0.0012573990108438284   0.0012176748334428202   1.1962458029603594e-05   
   88   2   -23.67871455068198   -23.690656   0.0059707246590097185   0.000624180565421611   0.0006024765555604633   6.895065883230813e-06   
   89   2   -23.678868845590383   -23.690254   0.005692577204808202   0.001083056053004203   0.0010434960469498675   1.6155317554558272e-05   
   90   2   -23.679636012535088   -23.690694   0.0055289937324563   0.0006263875524892906   0.0006010740387007244   7.903535139955976e-06   
   91   2   -23.682043199587856   -23.690097   0.004026900206072881   0.0009027574326652939   0.0008730234819293235   1.1234807382605379e-05   
   92   2   -23.684779030712473   -23.688402   0.0018114846437633503   0.0006565952380415012   0.0006321803540129985   7.524678079399519e-06   
   93   2   -23.684267663779217   -23.688669   0.002200668110392101   0.0011318841016925748   0.0010924742559895863   1.6088963976760597e-05   
   94   2   -23.68019582704925   -23.690538   0.0051710864753751196   0.0008909214322676667   0.0008610145178799253   1.0067268099519578e-05   
   95   2   -23.682919676419335   -23.689722   0.003401161790332452   0.0006455663952525445   0.0006251287867311823   7.046462288096554e-06   
   96   2   -23.678972792308603   -23.690581   0.005804103845699515   7.440743949848712e-07   0   2.3516678477281927e-07   
   97   2   -23.684102154533484   -23.688755   0.0023264227332582266   0.0006510215379128504   0.0006251143895320279   8.03069468430952e-06   
   98   2   -23.673697689478917   -23.689312   0.007807155260541876   0.0008603704952255709   0.0008290597083443387   1.2755092260019483e-05   
   99   2   -23.684908080566455   -23.687388   0.0012399597167718213   0.001144248915827952   0.0011202374748239769   9.804222494252997e-06   
   100   2   -23.681765120905837   -23.690664   0.004449439547082434   0.0006357549958297862   0.000610940258945177   6.0390806895476916e-06   
   101   2   -23.674525358394398   -23.68941   0.007442320802800495   0.0006109707408386922   0.0005883553348105209   7.4793425619925645e-06   
   102   2   -23.68323252764731   -23.690035   0.003401236176346245   0.0009114851137682985   0.0008810062428836699   1.0600378450022546e-05   
   103   2   -23.67586856734798   -23.690015   0.007073216326009657   0.0008691580453892405   0.0008450195264016091   9.413573330406284e-06   
   104   2   -23.67858055963432   -23.690752   0.006085720182840149   0.0006235473982281697   0.0005996415596004001   6.797600674189736e-06   
   105   2   -23.682994318153696   -23.689825   0.003415340923151433   0.0009121092546003816   0.0008800215906442294   1.1017203872041537e-05   
   106   2   -23.678780424169062   -23.690562   0.00589078791546882   0.0008835102767577758   0.0008560011682235019   9.57557314164176e-06   
   107   2   -23.678762498787666   -23.690622   0.0059297506061675165   0.0008821088545152495   0.000839001787840765   1.4841538877603512e-05   
   108   2   -23.68436139625193   -23.688764   0.002201301874034556   0.0009237282454738882   0.0008910185183260783   1.2094602463975397e-05   
   109   2   -23.68342408850919   -23.690011   0.0032934557454034064   0.0006455203491293563   0.000619428769109088   6.98902383656154e-06   
   110   2   -23.68477972122986   -23.687696   0.0014581393850701119   0.001141797415607769   0.0010875899962761704   2.2136531478538103e-05   
   111   2   -23.679797456246757   -23.691019   0.005610771876622067   0.0008874593613114669   0.0008540035128733372   1.130857861507519e-05   
   112   2   -23.684417341353218   -23.689025   0.0023038293233916818   6.714174522777155e-07   0   2.6447613110969155e-07   
   113   2   -23.68210545627243   -23.689952   0.0039232718637851605   7.375812099541191e-07   0   2.8771010336109637e-07   
   114   2   -23.67937342121791   -23.69061   0.005618289391044584   0.0008858347636687362   0.0008580011655003739   9.722681900599332e-06   
   115   2   -23.681010184532678   -23.690595   0.004792407733660298   0.0008941992385611828   0.0008680069124148724   9.370871049110094e-06   
   116   2   -23.677454858911663   -23.690231   0.006388070544169011   0.0006184384204762087   0.0005925892337867774   8.312416577807007e-06   
   117   2   -23.678114521142646   -23.690469   0.006177239428676984   0.0008788046632862156   0.0008500294112558695   1.1352891900369373e-05   
   118   2   -23.68280972297988   -23.690482   0.0038361385100600387   0.0009064558979905426   0.0008740102974221756   1.1795188162850338e-05   
   119   2   -23.674450464454463   -23.689613   0.007581267772769351   0.0008635816745412191   0.0008320192305469868   1.1873610383155762e-05   
   120   2   -23.68503233996479   -23.687426   0.0011968300176050661   0.0011440058779962155   0.0010957773496472721   1.9704964805022566e-05   
   121   2   -23.683041229869207   -23.689562   0.00326038506539561   0.0006464166251567606   0.0006265237425668717   6.3017250652439395e-06   
   122   2   -23.681364260854394   -23.6904   0.004517869572802979   4.267895513727975e-07   0   1.7302665676657893e-07   
   123   2   -23.67844920545775   -23.690561   0.006055897271124877   0.0006225017984815662   0.0005982273815197696   6.582395315889613e-06   
   124   2   -23.672940099838645   -23.689107   0.008083450080677679   0.0008575379633320329   0.0008180073349304395   1.3916025476087489e-05   
   125   2   -23.681254362918267   -23.690145   0.004445318540867049   0.0008995456402009179   0.0008740766556772925   1.0851089314314152e-05   
   126   2   -23.677795566957354   -23.690482   0.006343216521322859   0.0006205800328841651   0.0005939983164959308   8.129410193475647e-06   
   127   2   -23.68320022578256   -23.689864   0.003331887108720011   0.0009128887439114475   0.0008860124152629013   9.977733327279019e-06   
# Elastic_FCC.xyz
|  config  |  # atoms  |  energy  | DFT energy | energy error |  force  | DFT force | force error |
   128   4   -46.4494193788131   -46.437936   0.0028708447032741446   0.0007059505053885127   0.0012659494460680492   0.00015753512147204617   
   129   4   -46.45314527738154   -46.438504   0.003660319345383911   0.0007168985568574839   0.0014925494966666934   0.00020422649268544686   
   130   4   -46.44682076252645   -46.436378   0.0026106906316130107   0.0004860981313754768   0.0008105923759819111   0.00011091932991902225   
   131   4   -46.45355378649127   -46.441551   0.003000696622818211   0.0008594099341804174   0.0012836751925623551   0.0001241247294446549   
   132   4   -46.424019682711425   -46.416957   0.0017656706778570452   0.0007451662112582353   0.0011861458594962088   0.00012127805750688894   
   133   4   -46.450755053203025   -46.440495   0.0025650133007566467   0.0007246800313445777   0.001212440514004708   0.00011294088474548434   
   134   4   -46.45010223124108   -46.437972   0.00303255781027012   0.0011124126116025341   0.0023582264522305743   0.00031785391986518114   
   135   4   -46.462418209003204   -46.44586   0.004139552250800094   0.00107381181854312   0.0020339498518891753   0.0002714150951559122   
   136   4   -46.44739559031944   -46.435744   0.0029128975798595746   0.0008366669207105538   0.0016908494906407252   0.00027142702445569667   
   137   4   -46.45234519520889   -46.438209   0.0035340488022228556   0.0007011638058533651   0.0011600499989224602   0.0001103010453870197   
   138   4   -46.436395199027544   -46.42629   0.002526299756885564   0.00048298895433741644   0.0005297018029042378   1.4969276487071993e-05   
   139   4   -46.45463652235059   -46.443301   0.0028338805876479967   0.0008550496508364957   0.0018184215682838787   0.0002405038890252092   
   140   4   -46.45132385757796   -46.439002   0.0030804643944897236   0.0009776437598961207   0.00141697353539154   0.00011509877924322904   
   141   4   -46.44219404560772   -46.432438   0.002439011401930813   0.0008916562148978502   0.0010104691979471716   5.904352013269665e-05   
   142   4   -46.4183803194313   -46.412654   0.0014315798578241612   0.0010993862549655623   0.0018019597664764885   0.00019133119065125543   
   143   4   -46.45592339931157   -46.443231   0.0031730998278938216   0.0006931717397730525   0.0016915909671075926   0.00021075721352888598   
   144   4   -46.441359969925095   -46.431513   0.002461742481273177   0.00114459713264637   0.001680544852123858   0.00013452706891779116   
   145   4   -46.44453730606432   -46.435608   0.002232326516079297   0.0007081471783940945   0.0009593039143045338   5.8975383845962045e-05   
   146   4   -46.45126272022748   -46.437689   0.003393430056870983   0.0007229338512642604   0.00121770850370686   0.0001424744538495539   
   147   4   -46.43749637350602   -46.428447   0.002262343376505882   0.0008678647525589741   0.002060081551783812   0.00030871963549381626   
   148   4   -46.442902438739466   -46.432255   0.002661859684867096   0.0005285309397325994   0.0006274201144368897   5.646789680781436e-05   
   149   4   -46.45479908188501   -46.442315   0.003121020471251512   0.0008613398121278193   0.002424436841825334   0.00041188527374778515   
   150   4   -46.44914733835431   -46.436613   0.00313358458857671   0.000482993555881875   0.0005321240456885968   3.906904245967944e-05   
   151   4   -46.440897049885194   -46.430825   0.0025180124712989027   0.0007516389807000638   0.0013999871427981042   0.00016799849374581183   
   152   4   -46.443309012311516   -46.43312   0.0025472530778785085   0.0004849740517447262   0.0007272771136231361   6.331929275807528e-05   
   153   4   -46.44514050639737   -46.434347   0.002698376599342467   0.0007119851114241111   0.0012844516339668068   0.0001587305588420725   
   154   4   -46.43963781193797   -46.430573   0.002266202984491983   0.0007257899000965007   0.0013157461761297276   0.00014305890589901756   
   155   4   -46.462014638087226   -46.445665   0.004087409521806862   0.0008319923087517058   0.0018078915896701322   0.000272999488782917   
   156   4   -46.44734366301344   -46.435898   0.002861415753359964   0.0007089367207240735   0.0018693009388538807   0.0002655935695503647   
   157   4   -46.45276248978376   -46.442107   0.0026638724459395746   0.000506991072003315   0.0006020930160697763   3.205203973929671e-05   
   158   4   -46.44683257339245   -46.434432   0.003100143348111928   0.0008347024745286742   0.001092982159049268   9.517247890803658e-05   
   159   4   -46.450303350239956   -46.436308   0.003498837559989809   0.0009913871230596526   0.0018391508910364043   0.0002491233029867843   
   160   4   -46.432417043924566   -46.423938   0.0021197609811416385   0.0007728067879279252   0.001463463016273387   0.00019917724638387333   
   161   4   -46.43696424692201   -46.428115   0.0022123117305028472   0.0005387066238168105   0.0008584497655658133   9.335923444533246e-05   
   162   4   -46.43547574965158   -46.4269   0.0021439374128942035   0.001005360444622485   0.001845719913746395   0.00024523739481728627   
   163   4   -46.43185011806625   -46.421142   0.002677029516561902   0.0009126886543235373   0.0013091501059847952   9.422145060923667e-05   
   164   4   -46.44102793102004   -46.432233   0.0021987327550103686   0.0006930676516335928   0.0007253109677924358   2.4465462764760086e-05   
   165   4   -46.44092669808345   -46.429408   0.002879674520862352   0.0007160453779849819   0.0010683276650915673   9.398920748279189e-05   
   166   4   -46.45969531386431   -46.445145   0.0036375784660780397   0.0008295265298076252   0.0017760382878755743   0.0002424181750624136   
   167   4   -46.445788311939225   -46.435868   0.002480077984806428   0.0010031418765791152   0.0023760747042128115   0.0003903232554153447   
   168   4   -46.45154490021198   -46.439663   0.0029704750529937485   0.00047549471570277745   0.0011194034125372317   0.0001158361231627768   
   169   4   -46.43606532705289   -46.428287   0.0019445817632224305   0.0010326775362114189   0.001277000391542618   7.062829839360063e-05   
   170   4   -46.43233195762355   -46.424584   0.0019369894058876014   0.0005466185588485369   0.0008032957114288611   5.904556380297831e-05   
   171   4   -46.4187608749462   -46.413045   0.0014289687365511838   0.0008981113349975742   0.001248322073825501   7.402047947245774e-05   
   172   4   -46.44592630325946   -46.436994   0.0022330758148658703   0.0008463264374747823   0.0013319391878010044   0.00016929450662649177   
   173   4   -46.45734620666799   -46.443604   0.003435551666997938   0.0007005851389698105   0.0011770463032523403   0.00012299374806532218   
   174   4   -46.45312682742   -46.439718   0.0033522068550002615   6.681200576912849e-07   0   1.7738213762037944e-07   
   175   4   -46.44918479609686   -46.435527   0.0034144490242145054   0.0008657925337686011   0.0009338393866184911   5.6362022085169895e-05   
   176   4   -46.44514187591331   -46.434787   0.0025887189783269093   0.0008849577243452919   0.0011732919500277842   7.007852285505368e-05   
   177   4   -46.44785120133596   -46.434929   0.003230550333990223   0.0010024999471007264   0.0013494917561808224   8.897716620206936e-05   
   178   4   -46.43668063348772   -46.426499   0.002545408371929625   0.0009092113572235251   0.0012489379488189155   9.236935400793265e-05   
   179   4   -46.449289744179055   -46.437025   0.003066186044764052   0.0006791254310132499   0.0009384188830154686   7.462556056490385e-05   
   180   4   -46.43879791453739   -46.428937   0.002465228634347838   0.0008989419023967361   0.0012863529842154521   0.00010919795376461236   
   181   4   -46.4541074597024   -46.442516   0.002897864925600402   0.0005036271214606971   0.0009485546900416443   0.00014198169600031693   
   182   4   -46.44054999974695   -46.428736   0.002953499936737103   0.0007535696919027345   0.001424321592899581   0.00016920328604711428   
   183   4   -46.44425960580981   -46.433359   0.0027251514524522236   0.000890888624518208   0.001276381604380132   0.00010374432252169482   
   184   4   -46.452570815181296   -46.438799   0.0034429537953233336   0.0006854672598190963   0.0008186940820599596   3.693276673476346e-05   
   185   4   -46.45476656618655   -46.441993   0.0031933915466382246   0.0007001708774687542   0.001887735150914979   0.00026731836087704077   
   186   4   -46.44945544704279   -46.439033   0.0026056117606962914   0.0006781466108155285   0.0008215680130092699   5.2315758217560944e-05   
   187   4   -46.44853153742886   -46.436967   0.0028911343572151083   0.000857523291431515   0.0014823235139469384   0.00018091399628548252   
   188   4   -46.437543250817626   -46.427245   0.002574562704406702   0.0008765266263936254   0.0012938856209109056   0.0001015395310561403   
   189   4   -46.4513019291748   -46.438046   0.003313982293699169   0.0009900586660399955   0.0016272885423304622   0.00017530798760837725   
   190   4   -46.428065668002255   -46.420083   0.001995667000564083   0.0011576950526960607   0.002395244872659161   0.00036599064778619395   
   191   4   -46.46059498699997   -46.445247   0.003836996749992494   0.0006869039079371462   0.0012193309640946546   0.00012808375915987646   
   192   4   -46.459025785082844   -46.446044   0.0032454462707107723   0.0006819062162682462   0.0013053290772828128   0.00014055077468225544   
   193   4   -46.44720762651804   -46.434472   0.0031839066295109575   0.0007033250234237764   0.0008323340675474   6.714689739610465e-05   
   194   4   -46.456477475607684   -46.44458   0.0029743689019205988   0.0004969728936764169   0.0009744208536356352   8.595927269261054e-05   
   195   4   -46.454012915792724   -46.441776   0.0030592289481816692   0.000861251196171709   0.0013392318693937952   0.00013998143990808423   
   196   4   -46.44930185276629   -46.436389   0.0032282131915728485   0.0010034770531814393   0.0017867411676009484   0.00020411915917768766   
   197   4   -46.45986189568444   -46.446416   0.003361473921110303   0.0004885941546146946   0.0006588778338963909   6.598253887735128e-05   
   198   4   -46.46570340087106   -46.449806   0.0039743502177636   0.0009395124029986077   0.002135055034419488   0.00031471475209647295   
   199   4   -46.434618465197204   -46.427189   0.001857366299301333   0.0007681988436244273   0.0010507882755341346   7.240029965928758e-05   
   200   4   -46.43616012451807   -46.427857   0.00207578112951623   0.0007642483539249639   0.001487666629322578   0.00018340351539371082   
   201   4   -46.45574260518092   -46.44004   0.003925651295229926   0.0005000785383838594   0.0007572027469575109   5.818590307834483e-05   
   202   4   -46.44835282558489   -46.437214   0.002784706396223413   0.0007072954084173627   0.001505586264549461   0.00018004417848373598   
   203   4   -46.431615521070675   -46.422628   0.002246880267668061   0.000734470593225596   0.0016017134575197897   0.00026161415159480563   
   204   4   -46.45731094742132   -46.443535   0.0034439868553306496   0.0009771773341120623   0.0015903043733826552   0.00017020458863422575   
   205   4   -46.45140865807523   -46.439922   0.002871664518806938   0.0008658041766198737   0.0015304933845005665   0.00015364490278067892   
   206   4   -46.4495696277827   -46.437675   0.002973656945675529   0.0011194422930759845   0.002440246094147064   0.0004076005138881002   
   207   4   -46.45838297667097   -46.445558   0.0032062441677425113   0.0006753640329953827   0.0011339241597214515   0.00012024341239688402   
   208   4   -46.451268042206166   -46.439106   0.003040510551540976   0.0009894135731637749   0.0018307310015400948   0.0002463350424762967   
   209   4   -46.458247108033156   -46.443073   0.003793527008289388   0.00047494028944509916   0.0005766870901971016   2.881139753003769e-05   
   210   4   -46.45358101685325   -46.4397   0.0034702542133118186   0.0006954516141758478   0.0012041744059728225   0.00011613051091386677   
   211   4   -46.44815606073328   -46.436374   0.002945515183320424   0.000732135998582564   0.0014616565944160756   0.00022875618887241325   
   212   4   -46.43662351942342   -46.426557   0.0025166298558545463   0.0007296579816436056   0.0013596242127882248   0.00012567024738045077   
   213   4   -46.44481234120473   -46.434009   0.0027008353011819253   0.0008676630841455161   0.0013911311943882213   0.00015482957258679055   
   214   4   -46.44728684783555   -46.436262   0.0027562119588875333   0.0011124531911192712   0.002503347159304918   0.00032180781185719585   
   215   4   -46.44409607247344   -46.434505   0.002397768118360233   0.0008656176918177205   0.0010416371729157902   5.025623158452186e-05   
   216   4   -46.45092745531913   -46.438768   0.0030398638297821634   0.0008453593669669527   0.0010982850267576263   8.722900942441078e-05   
   217   4   -46.4510799350262   -46.440254   0.0027064837565493605   0.0004882485883163384   0.000606989291503565   5.8412978926648926e-05   
   218   4   -46.43457247570087   -46.42286   0.002928118925217049   0.0004966701662368938   0.0007365242697969973   7.580604763934329e-05   
   219   4   -46.42603852401578   -46.418078   0.0019901310039447395   0.0010489724669147577   0.002028412186908765   0.000248186077028935   
   220   4   -46.453423171473894   -46.440513   0.0032275428684727103   0.0006995827497127518   0.0011581899671470135   0.0001378524614404435   
   221   4   -46.41575493739934   -46.409824   0.0014827343498353684   0.000752797792070022   0.0017595738120351758   0.00023929190512284482   
   222   4   -46.454925837929146   -46.440329   0.0036492094822868637   0.00050055733508098   0.0009534044262536227   0.000106929914048885   
   223   4   -46.449973634111906   -46.43773   0.003060908527976025   0.000681750315041212   0.0009261803280139349   7.406594294898882e-05   
   224   4   -46.42531398592961   -46.416525   0.002197246482403159   0.0005574123917209626   0.0007573664898845208   5.999084300899277e-05   
   225   4   -46.45383418827726   -46.440293   0.003385297069316451   0.0006952778510316848   0.0007725386721711737   1.8967912709369918e-05   
   226   4   -46.45276775286477   -46.43839   0.0035944382161936517   0.0005074067213900374   0.0005612022808221648   1.7048502293258974e-05   
   227   4   -46.45371472601314   -46.438916   0.003699681503285035   0.0006927906641232888   0.0016508785539826967   0.0002160841256966046   
# GSF_110.xyz
|  config  |  # atoms  |  energy  | DFT energy | energy error |  force  | DFT force | force error |
   228   24   -278.7394482616743   -279.068761   0.013721364096904646   2.284609710555808   1.7563531607236627   0.047510252442921425   
   229   24   -279.9014792158813   -279.784296   0.004882633995054657   0.9481136447750602   0.9057668890923312   0.02409144944325554   
   230   24   -279.993034583293   -279.901657   0.003807399303876006   0.2793975871438563   0.0015659463592345684   0.011278222093139828   
   231   24   -279.63254522436506   -279.584238   0.002012801015209694   1.5733816478943023   1.0355722476061242   0.05514579580848525   
   232   24   -279.90148166280727   -279.784283   0.00488327761696894   0.948103275050899   0.905639618850677   0.02412042535899835   
   233   24   -279.18080124796   -279.302158   0.005056531335000614   2.3891188365099274   1.77196513720784   0.06278114782882395   
   234   24   -279.5890685910895   -279.55564   0.0013928579620620478   1.9510647875370826   1.4056265063522388   0.053729155453827004   
   235   24   -279.0100891215508   -279.246939   0.00986874493538418   1.5761033566334721   0.48139641510505654   0.08186316527377022   
   236   24   -279.180805221238   -279.302157   0.0050563241150835365   2.3891166637361008   1.7719533466996242   0.06278160953690283   
   237   24   -279.0102375502624   -279.246935   0.009862393739067462   1.575285673042011   0.4809484797522494   0.08192552366105386   
   238   24   -279.99300016519544   -279.896025   0.004040631883142964   0.28072677726082407   0.010605498385271668   0.011260870004857093   
   239   24   -279.6328051482167   -279.584237   0.0020236728423626005   1.5722786882001918   1.035836120943849   0.05511223668158568   
   240   24   -278.86075007692045   -279.124427   0.01098653846164884   2.385274728687999   1.8095458871694858   0.062388171113765684   
   241   24   -279.2919059163123   -279.379366   0.003644170153653666   1.7789672518507949   0.898269270570913   0.07654340654719537   
   242   24   -279.2918490638804   -279.37937   0.003646705671648931   1.7789303287067189   0.8980813549985325   0.07655044277327995   
   243   24   -278.86074782727337   -279.124427   0.010986632196943921   2.38527427952109   1.8095233743624317   0.062384034554790614   
   244   24   -279.99303458333   -279.901657   0.0038073993054155153   0.2793975852967655   0.001570374477632644   0.011277603340850949   
   245   24   -279.9061139311012   -279.79264   0.004728080462548689   0.8363547179478843   0.8392614851641887   0.02424521218351517   
   246   24   -279.9930001651586   -279.896025   0.004040631881608192   0.2807267791199948   0.010602432928342438   0.011261323614893327   
   247   24   -278.89696993531214   -279.206496   0.0128969193619947   1.3891331822813942   0.005326518562813801   0.06646589327355039   
   248   24   -279.58907302840834   -279.55564   0.0013930428503480623   1.9510569014540284   1.4056318995939159   0.05372827886621647   
   249   24   -279.9061247356804   -279.79264   0.0047285306533500675   0.8363685623247727   0.8392625707893806   0.024247523822789045   
# GSF_112.xyz
|  config  |  # atoms  |  energy  | DFT energy | energy error |  force  | DFT force | force error |
   250   30   -345.1450219565301   -345.175835   0.0010271014489963667   2.717319493990882   1.0573953217004513   0.1392038600550192   
   251   30   -346.8222185525339   -346.361714   0.01535015175113017   1.632237349866004   1.2202849393785045   0.10106307996468826   
   252   30   -346.3071027513629   -345.795524   0.017052625045429672   2.4362466328599544   2.112860875265572   0.11715933992337375   
   253   30   -344.88601373009163   -345.164602   0.009286275663612287   3.3147787622909926   1.765832198707454   0.1575967745980349   
   254   30   -346.96761301188155   -346.593523   0.012469667062718296   1.3282251224988866   0.011488671289579136   0.08673365033373813   
   255   30   -346.79472149800506   -346.396186   0.013284516600168671   1.7437079259456916   0.9954683928312341   0.09785709760550851   
   256   30   -345.09635091546903   -345.319406   0.0074351694843661185   3.7551265082394925   1.7720408520962492   0.1804899154614165   
   257   30   -345.6488033821408   -345.594794   0.0018003127380268324   3.4299601677586256   1.516014156909493   0.1669272516546091   
   258   30   -346.28571889395755   -345.98566   0.010001963131918501   2.7076655858454823   1.4062522652198646   0.13556734799763911   
   259   30   -345.7073698383586   -345.383994   0.010779194611954306   2.464237772660071   0.9635743079908264   0.1337791260082878   
   260   30   -346.9672413434524   -346.582564   0.01282257811507937   1.3289966108309152   0.012674058702720292   0.0867365476156695   
   261   30   -345.33208216159267   -345.452139   0.004001894613577406   4.516038358900113   2.7877194059915715   0.15196212088369332   
   262   30   -346.9676198381404   -346.593523   0.012469894604680575   1.3282094341512907   0.011488340001932391   0.08673288219025758   
   263   30   -345.59470132257394   -345.281949   0.010425077419131411   2.924115029214917   1.8731426858085318   0.13002077716292804   
   264   30   -346.15834589502794   -345.928661   0.0076561631675986066   3.427695979267194   2.1008744724980595   0.13299941746393723   
   265   30   -344.6852467783101   -345.111657   0.014213674056329258   4.880436607549076   3.3580683192526024   0.15177997086700026   
   266   30   -346.8149416106609   -346.367123   0.014927287022031048   1.700993879233116   1.3357971308825305   0.10138601896537715   
   267   30   -346.96719130551736   -346.582565   0.012820876850579073   1.3289846838530812   0.012547437347920888   0.08673752928312937   
   268   30   -344.5298815912235   -344.91356   0.012789280292550605   4.310110685534462   3.4418344030629946   0.12938520157132424   
   269   30   -346.3482193288185   -345.836703   0.017050544293950528   2.1780960181369773   1.6087691475914125   0.11778998056458966   
   270   30   -344.9148119314802   -344.984307   0.0023165022839937897   3.5198661576490817   2.542628781803588   0.12205494217670106   
   271   30   -346.7854625321036   -346.393931   0.013051051070120442   1.9419773265013822   1.211680725041048   0.09899560117458708   
# Liquid.xyz
|  config  |  # atoms  |  energy  | DFT energy | energy error |  force  | DFT force | force error |
   272   100   -1104.7443800700341   -1105.601723   0.008573429299658528   31.159377203556634   31.398538862958276   0.5823254407422979   
   273   100   -1098.9963438359516   -1099.673012   0.006766681640483512   34.32632750476776   32.03167217885341   0.6352150929489964   
   274   100   -1123.7499008692134   -1121.31506   0.02434840869213531   23.698932693333056   20.81076453205443   0.483998138224641   
# Surface.xyz
|  config  |  # atoms  |  energy  | DFT energy | energy error |  force  | DFT force | force error |
   275   24   -279.993000449123   -279.911828   0.0033821853801233224   0.2807270478230895   0.00275309353273731   0.011629153022277563   
   276   48   -551.0944516457124   -555.359452   0.08885417404765879   6.5310486197082165   0.003020630397781231   0.19462147913563244   
   277   40   -458.2093417512068   -459.216162   0.025170506219829747   5.604001967951492   5.046136400330455   0.10969248528976361   
   278   40   -459.85692745692154   -461.144076   0.032178713576961115   2.6878485875976597   0.005582740008275506   0.0816426040740479   
   279   24   -279.8962710121733   -279.635146   0.010880208840553962   1.2363350240939632   1.2887998367287297   0.008642248403230732   
   280   30   -346.967613413475   -346.592525   0.01250294711583327   1.3282243345900582   0.008446203407448815   0.08667751983925985   
   281   30   -345.88769685240777   -345.744506   0.004773028413592328   3.9916281923367825   3.1249613669778387   0.0860854193952852   
# Volume_A15.xyz
|  config  |  # atoms  |  energy  | DFT energy | energy error |  force  | DFT force | force error |
   282   8   -66.46730818415712   -66.990732   0.0654279769803594   6.395147029617008e-15   0   1.1162584167186591e-15   
   283   8   -72.67688678116389   -72.957807   0.03511502735451444   1.3292858312320392e-14   0   2.1175191230090227e-15   
   284   8   -94.20689135191991   -94.145745   0.007643293989987754   1.9425838551885386e-14   0   2.7501189482079352e-15   
   285   8   -94.43959930593736   -94.554682   0.014385336757829492   6.209889459516305e-15   0   1.0817451894959275e-15   
   286   8   -79.3984348137547   -79.438363   0.004991023280661366   3.93140407385685e-14   0   5.8988548999143004e-15   
   287   8   -69.38881649017746   -69.627817   0.029875063727816453   5.042061816464849e-15   0   7.130074886988839e-16   
   288   8   -83.05446755819712   -82.604907   0.05619506977464006   3.8544681238216185e-15   0   6.587612400021925e-16   
   289   8   14.369139621316535   14.89048   0.06516754733543317   4.291691152754003e-14   0   6.6622235795251355e-15   
   290   8   -94.13370638374218   -94.367599   0.029236577032227373   1.0666685453081526e-14   0   1.4411401734216469e-15   
   291   8   -89.38604869467304   -89.248227   0.017227711834129522   4.951740738944543e-15   0   8.092485015431805e-16   
   292   8   -87.49613314372105   -87.211997   0.03551701796513207   4.967847045921615e-15   0   7.978282386596666e-16   
   293   8   -93.42132541692018   -93.66897   0.0309555728849773   3.455657150759673e-15   0   5.965279793117148e-16   
   294   8   -8.052202007942551   -7.989166   0.007879500992818866   5.590067036576185e-14   0   8.820280570012487e-15   
   295   8   -85.37693466805224   -84.982834   0.04926258350653079   1.6279878435799788e-15   0   2.599194008171916e-16   
   296   8   -92.37316599359042   -92.536373   0.020400875801197316   2.3328626576266477e-14   0   3.879853614311794e-15   
   297   8   -26.571488017388404   -26.77612   0.025578997826449346   3.7346895763004415e-14   0   6.013004526186647e-15   
   298   8   -77.9086214369195   -77.544107   0.04556430461493832   3.9944765414941996e-15   0   5.976483775464262e-16   
   299   8   -80.55559421267004   -80.114217   0.05517215158375599   2.872828825559415e-15   0   4.3830679826347324e-16   
   300   8   -41.834807382053334   -42.143041   0.03852920224333278   2.571177815381363e-14   0   3.941072437845779e-15   
   301   8   -91.02064651831141   -91.040671   0.0025030602110742706   6.474880413077823e-15   0   9.659518555397521e-16   
   302   8   -84.76860696916282   -84.499231   0.03367199614535288   3.4028810736314427e-14   0   6.400876645847505e-15   
   303   8   -60.71230661401291   -61.825173   0.13910829824838622   1.0218358339011496e-14   0   1.7742607152001118e-15   
   304   8   -91.58119533982835   -91.156873   0.053040292478543805   3.1547177311577896e-15   0   4.510868313716462e-16   
   305   8   -54.28632785008408   -54.658744   0.04655201873949011   8.42097858103135e-14   0   1.4717337144689074e-14   
   306   8   -72.29250987593706   -72.277255   0.00190685949213254   2.9149817912433883e-15   0   4.579489276216689e-16   
   307   8   -75.14362522408311   -74.923334   0.027536403010389066   5.021109080699006e-15   0   6.719162263616832e-16   
   308   8   -64.41770167349043   -64.798066   0.04754554081369733   1.3712205083064341e-14   0   2.2693074271569933e-15   
   309   8   -93.30049447176405   -93.048342   0.03151905897050611   2.096503164081112e-14   0   2.9390641430196516e-15   
   310   8   -63.563373795734734   -64.38702   0.10295577553315916   2.791176280554207e-15   0   4.107228879918212e-16   
   311   8   -88.81213090036833   -88.352871   0.05740748754604219   1.7858599505522817e-14   0   2.4972067238134463e-15   
# Volume_BCC.xyz
|  config  |  # atoms  |  energy  | DFT energy | energy error |  force  | DFT force | force error |
   312   2   -16.38921524042081   -16.763625   0.18720487978959532   1.2861497693636605e-15   0   4.2327252813834093e-16   
   313   2   16.196246482924316   16.314145   0.05894925853784194   8.315932966690308e-14   0   3.0704605524789486e-14   
   314   2   -21.242304449528017   -21.209071   0.016616724764007884   1.2719588814282053e-15   0   4.741582647993063e-16   
   315   2   -15.805603049988408   -15.780524   0.012539524994203965   2.7349407733861038e-14   0   1.1058283918193487e-14   
   316   2   -19.055415660344956   -19.002205   0.026605330172477792   6.637440182893869e-15   0   2.476391594995461e-15   
   317   2   -22.674158243818425   -22.620568   0.026795121909213293   1.86912731485002e-15   0   5.967448757360216e-16   
   318   2   4.042473601705305   4.096885   0.027205699147347495   1.7255394082938844e-14   0   6.1999017031411086e-15   
   319   2   56.21038667946388   56.26276   0.026186660268059825   1.3542702944985845e-13   0   4.619732602104826e-14   
   320   2   -22.55810417029735   -22.585113   0.013504414851324142   6.713178136967714e-16   0   2.3592239273284576e-16   
   321   2   -21.75997641259859   -21.795501   0.01776229370070581   8.925046918636119e-16   0   2.868076146948321e-16   
   322   2   33.30762745178057   33.110078   0.09877472589028358   4.332303521244211e-14   0   1.5165530868147908e-14   
   323   2   -20.821568983893766   -20.885998   0.03221450805311754   9.899056296961976e-16   0   3.0531133177191805e-16   
   324   2   -23.55238606031137   -23.601336   0.024474969844314742   1.4123179630975543e-15   0   5.312997220993654e-16   
   325   2   -23.17147421674283   -23.207313   0.01791939162858469   8.397666491670063e-16   0   2.895102700848956e-16   
   326   2   -19.78175681589856   -19.898089   0.05816609205071899   2.949233987214113e-15   0   1.1726730697603216e-15   
   327   2   -23.450283635689402   -23.405474   0.022404817844700275   8.115095010897349e-16   0   2.7292982688701767e-16   
   328   2   -4.653024676548132   -4.781324   0.06414966172593406   1.2332126619039789e-14   0   4.339121654576654e-15   
   329   2   -18.675358793711965   -18.864936   0.09478860314401771   7.443722489455177e-16   0   2.0585385248258112e-16   
   330   2   -17.5344181089981   -17.813086   0.13933394550094924   1.1587745066348244e-15   0   3.006854025026466e-16   
   331   2   -11.04838014949566   -11.197201   0.07441042525216979   1.1818450157244903e-14   0   3.740063814205996e-15   
   332   2   -23.68490965594972   -23.696705   0.005897672025140466   1.6112548775064192e-15   0   5.700012221480458e-16   
# Volume_FCC.xyz
|  config  |  # atoms  |  energy  | DFT energy | energy error |  force  | DFT force | force error |
   333   4   -19.133479219364954   -19.075994   0.014371304841238164   6.5977416989257405e-15   0   1.692761463769829e-15   
   334   4   -35.260706210216796   -34.873619   0.09677180255419948   4.050102425107333e-15   0   1.1386291215442768e-15   
   335   4   -43.933664531579645   -43.950003   0.00408461710508945   1.7737749006159094e-15   0   4.81385764583564e-16   
   336   4   -41.03690480992073   -40.991909   0.011248952480181984   3.891968196570223e-15   0   9.00176923742298e-16   
   337   4   -43.42242782539748   -43.453929   0.007875293650631221   2.0798700954299875e-14   0   5.991202102300069e-15   
   338   4   -42.67380781397137   -42.686077   0.003067296507156314   1.174077281265768e-15   0   2.856872724499304e-16   
   339   4   -33.588538117972305   -33.224653   0.09097127949307549   1.1086281018154914e-15   0   2.382353573674815e-16   
   340   4   -27.011636579377146   -26.862709   0.037231894844286906   4.237319011658505e-15   0   1.0193648719537925e-15   
   341   4   -25.590091468365276   -25.519883   0.017552117091319097   2.4568290315883654e-15   0   6.268134159862863e-16   
   342   4   3.4418818041242853   3.463071   0.00529729896892861   2.446558899038918e-14   0   5.669668113178021e-15   
   343   4   -31.9072182104996   -31.59595   0.07781705262490046   7.287098229882429e-16   0   1.3314002678121994e-16   
   344   4   -45.060262549183776   -45.100466   0.010050862704055419   2.974619438364093e-15   0   6.124051895806172e-16   
   345   4   -46.039517449620526   -46.052258   0.0031851375948690475   1.8892659860201963e-15   0   4.822531263215524e-16   
   346   4   -30.242968448769922   -30.001189   0.060444862192480464   4.287820977093919e-16   0   1.1160054362117458e-16   
   347   4   -22.95808405020999   -22.8504   0.02692101255249746   3.4078376670045526e-16   0   7.748431526029738e-17   
   348   4   -9.129806455282178   -9.164691   0.008721136179455247   1.2590897218930233e-14   0   2.5493026382013748e-15   
   349   4   -24.21762173787543   -24.150343   0.01681968446885751   2.3205128213145445e-16   0   6.071532165918825e-17   
   350   4   -46.44757243306875   -46.426795   0.0051943582671878374   1.802724102063048e-15   0   4.3021142204224816e-16   
   351   4   -28.620710201121987   -28.451145   0.04239130028049676   8.905846724638242e-15   0   2.566089701838692e-15   
   352   4   40.315142242134684   40.341566   0.006605939466329147   4.09947959216335e-14   0   8.592571714597007e-15   
   353   4   19.512005123432694   19.617912   0.0264767191418267   3.287971158246222e-14   0   7.577674698163667e-15   
   354   4   -27.06317231177566   -26.954384   0.02719707794391457   3.632827403540324e-16   0   9.425330886140652e-17   
   355   4   -46.36817163599621   -46.323696   0.011118908999053545   2.7250247592132546e-15   0   7.222232071650107e-16   
   356   4   -45.8728013250325   -45.828947   0.010963581258124577   7.344690546378391e-15   0   2.0891853062347345e-15   
   357   4   -38.47137851240221   -38.16029   0.0777721281005519   7.748390531212283e-16   0   1.4094628242311558e-16   
   358   4   -33.06764734249556   -32.919741   0.036976585623889946   7.522591700875234e-15   0   1.9485281443909486e-15   
   359   4   -41.34512954767795   -41.272675   0.01811363691948742   6.0144452122943986e-15   0   1.6826388553615086e-15   
   360   4   -39.95828656038314   -39.753322   0.05124114009578484   7.951056842376923e-16   0   1.8399487467111333e-16   
   361   4   -37.661968986073674   -37.547435   0.02863349651841851   6.9664486184558676e-15   0   1.585826377622131e-15   
   362   4   -36.89708070716311   -36.52595   0.09278267679077778   3.2756298152085452e-15   0   8.89118061582946e-16   
   363   4   -45.03333642403228   -45.016087   0.004312356008069784   2.0743840443750873e-15   0   5.050936520885804e-16   
