1 1 1 2
2 1 2 3
3 1 3 4
4 1 4 5
5 1 5 6
6 1 6 7
7 1 7 8
8 1 8 9
9 1 9 10
10 1 10 11
11 1 11 12
12 1 12 13
13 1 13 14
14 1 14 15
15 1 15 16
16 1 16 17
17 1 17 18
18 1 18 19
19 1 19 20
20 1 20 21
21 1 21 22
22 1 22 23
23 1 23 24
24 1 24 25
25 1 25 26
26 1 26 27
27 1 28 29
28 1 29 30
29 1 30 31
30 1 31 32
31 1 32 33
32 1 33 34
33 1 34 35
34 1 35 36
35 1 36 37
36 1 37 38
37 1 38 39
38 1 39 40
39 1 40 41
40 1 41 42
41 1 42 43
42 1 43 44
43 1 44 45
44 1 45 46
45 1 46 47
46 1 47 48
47 1 48 49
48 1 49 50
49 1 50 51
50 1 51 52
51 1 52 53
52 1 53 54
53 1 55 56
54 1 56 57
55 1 57 58
56 1 58 59
57 1 59 60
58 1 60 61
59 1 61 62
60 1 62 63
61 1 63 64
62 1 64 65
63 1 65 66
64 1 66 67
65 1 67 68
66 1 68 69
67 1 69 70
68 1 70 71
69 1 71 72
70 1 72 73
71 1 73 74
72 1 74 75
73 1 75 76
74 1 76 77
75 1 77 78
76 1 78 79
77 1 79 80
78 1 80 81
79 1 82 83
80 1 83 84
81 1 84 85
82 1 85 86
83 1 86 87
84 1 87 88
85 1 88 89
86 1 89 90
87 1 90 91
88 1 91 92
89 1 92 93
90 1 93 94
91 1 94 95
92 1 95 96
93 1 96 97
94 1 97 98
95 1 98 99
96 1 99 100
97 1 100 101
98 1 101 102
99 1 102 103
100 1 103 104
101 1 104 105
102 1 105 106
103 1 106 107
104 1 107 108
105 1 109 110
106 1 110 111
107 1 111 112
108 1 112 113
109 1 113 114
110 1 114 115
111 1 115 116
112 1 116 117
113 1 117 118
114 1 118 119
115 1 119 120
116 1 120 121
117 1 121 122
118 1 122 123
119 1 123 124
120 1 124 125
121 1 125 126
122 1 126 127
123 1 127 128
124 1 128 129
125 1 129 130
126 1 130 131
127 1 131 132
128 1 132 133
129 1 133 134
130 1 134 135
131 1 136 137
132 1 137 138
133 1 138 139
134 1 139 140
135 1 140 141
136 1 141 142
137 1 142 143
138 1 143 144
139 1 144 145
140 1 145 146
141 1 146 147
142 1 147 148
143 1 148 149
144 1 149 150
145 1 150 151
146 1 151 152
147 1 152 153
148 1 153 154
149 1 154 155
150 1 155 156
151 1 156 157
152 1 157 158
153 1 158 159
154 1 159 160
155 1 160 161
156 1 161 162
157 1 163 164
158 1 164 165
159 1 165 166
160 1 166 167
161 1 167 168
162 1 168 169
163 1 169 170
164 1 170 171
165 1 171 172
166 1 172 173
167 1 173 174
168 1 174 175
169 1 175 176
170 1 176 177
171 1 177 178
172 1 178 179
173 1 179 180
174 1 180 181
175 1 181 182
176 1 182 183
177 1 183 184
178 1 184 185
179 1 185 186
180 1 186 187
181 1 187 188
182 1 188 189
183 1 190 191
184 1 191 192
185 1 192 193
186 1 193 194
187 1 194 195
188 1 195 196
189 1 196 197
190 1 197 198
191 1 198 199
192 1 199 200
193 1 200 201
194 1 201 202
195 1 202 203
196 1 203 204
197 1 204 205
198 1 205 206
199 1 206 207
200 1 207 208
201 1 208 209
202 1 209 210
203 1 210 211
204 1 211 212
205 1 212 213
206 1 213 214
207 1 214 215
208 1 215 216
