1 1 13 14 15
2 1 40 41 42
3 1 67 68 69
4 1 94 95 96
5 1 121 122 123
6 1 148 149 150
7 1 175 176 177
8 1 202 203 204
9 1 7 8 9
10 1 6 7 8
11 1 16 17 18
12 1 34 35 36
13 1 33 34 35
14 1 43 44 45
15 1 61 62 63
16 1 60 61 62
17 1 70 71 72
18 1 88 89 90
19 1 87 88 89
20 1 97 98 99
21 1 115 116 117
22 1 114 115 116
23 1 124 125 126
24 1 142 143 144
25 1 141 142 143
26 1 151 152 153
27 1 169 170 171
28 1 168 169 170
29 1 178 179 180
30 1 196 197 198
31 1 195 196 197
32 1 205 206 207
33 1 15 16 17
34 1 42 43 44
35 1 69 70 71
36 1 96 97 98
37 1 123 124 125
38 1 150 151 152
39 1 177 178 179
40 1 204 205 206
41 1 2 3 4
42 1 4 5 6
43 1 9 10 11
44 1 11 12 13
45 1 29 30 31
46 1 31 32 33
47 1 36 37 38
48 1 38 39 40
49 1 56 57 58
50 1 58 59 60
51 1 63 64 65
52 1 65 66 67
53 1 83 84 85
54 1 85 86 87
55 1 90 91 92
56 1 92 93 94
57 1 110 111 112
58 1 112 113 114
59 1 117 118 119
60 1 119 120 121
61 1 137 138 139
62 1 139 140 141
63 1 144 145 146
64 1 146 147 148
65 1 164 165 166
66 1 166 167 168
67 1 171 172 173
68 1 173 174 175
69 1 191 192 193
70 1 193 194 195
71 1 198 199 200
72 1 200 201 202
73 1 14 15 16
74 1 41 42 43
75 1 68 69 70
76 1 95 96 97
77 1 122 123 124
78 1 149 150 151
79 1 176 177 178
80 1 203 204 205
81 1 1 2 3
82 1 3 4 5
83 1 10 11 12
84 1 12 13 14
85 1 25 26 27
86 1 28 29 30
87 1 30 31 32
88 1 37 38 39
89 1 39 40 41
90 1 52 53 54
91 1 55 56 57
92 1 57 58 59
93 1 64 65 66
94 1 66 67 68
95 1 79 80 81
96 1 82 83 84
97 1 84 85 86
98 1 91 92 93
99 1 93 94 95
100 1 106 107 108
101 1 109 110 111
102 1 111 112 113
103 1 118 119 120
104 1 120 121 122
105 1 133 134 135
106 1 136 137 138
107 1 138 139 140
108 1 145 146 147
109 1 147 148 149
110 1 160 161 162
111 1 163 164 165
112 1 165 166 167
113 1 172 173 174
114 1 174 175 176
115 1 187 188 189
116 1 190 191 192
117 1 192 193 194
118 1 199 200 201
119 1 201 202 203
120 1 214 215 216
121 1 5 6 7
122 1 8 9 10
123 1 32 33 34
124 1 35 36 37
125 1 59 60 61
126 1 62 63 64
127 1 86 87 88
128 1 89 90 91
129 1 113 114 115
130 1 116 117 118
131 1 140 141 142
132 1 143 144 145
133 1 167 168 169
134 1 170 171 172
135 1 194 195 196
136 1 197 198 199
137 1 17 18 19
138 1 44 45 46
139 1 71 72 73
140 1 98 99 100
141 1 125 126 127
142 1 152 153 154
143 1 179 180 181
144 1 206 207 208
145 1 18 19 20
146 1 22 23 24
147 1 21 22 23
148 1 45 46 47
149 1 49 50 51
150 1 48 49 50
151 1 72 73 74
152 1 76 77 78
153 1 75 76 77
154 1 99 100 101
155 1 103 104 105
156 1 102 103 104
157 1 126 127 128
158 1 130 131 132
159 1 129 130 131
160 1 153 154 155
161 1 157 158 159
162 1 156 157 158
163 1 180 181 182
164 1 184 185 186
165 1 183 184 185
166 1 207 208 209
167 1 211 212 213
168 1 210 211 212
169 1 19 20 21
170 1 20 21 22
171 1 23 24 25
172 1 24 25 26
173 1 46 47 48
174 1 47 48 49
175 1 50 51 52
176 1 51 52 53
177 1 73 74 75
178 1 74 75 76
179 1 77 78 79
180 1 78 79 80
181 1 100 101 102
182 1 101 102 103
183 1 104 105 106
184 1 105 106 107
185 1 127 128 129
186 1 128 129 130
187 1 131 132 133
188 1 132 133 134
189 1 154 155 156
190 1 155 156 157
191 1 158 159 160
192 1 159 160 161
193 1 181 182 183
194 1 182 183 184
195 1 185 186 187
196 1 186 187 188
197 1 208 209 210
198 1 209 210 211
199 1 212 213 214
200 1 213 214 215
