1 1 1 2 3 4
2 1 2 3 4 5
3 1 3 4 5 6
4 1 4 5 6 7
5 1 8 9 10 11
6 1 9 10 11 12
7 1 10 11 12 13
8 1 11 12 13 14
9 1 12 13 14 15
10 2 15 16 17 18
11 2 16 17 18 19
12 2 17 18 19 20
13 2 18 19 20 21
14 2 19 20 21 22
15 2 20 21 22 23
16 2 21 22 23 24
17 2 22 23 24 25
18 2 23 24 25 26
19 2 24 25 26 27
20 1 28 29 30 31
21 1 29 30 31 32
22 1 30 31 32 33
23 1 31 32 33 34
24 1 35 36 37 38
25 1 36 37 38 39
26 1 37 38 39 40
27 1 38 39 40 41
28 1 39 40 41 42
29 2 42 43 44 45
30 2 43 44 45 46
31 2 44 45 46 47
32 2 45 46 47 48
33 2 46 47 48 49
34 2 47 48 49 50
35 2 48 49 50 51
36 2 49 50 51 52
37 2 50 51 52 53
38 2 51 52 53 54
39 1 55 56 57 58
40 1 56 57 58 59
41 1 57 58 59 60
42 1 58 59 60 61
43 1 62 63 64 65
44 1 63 64 65 66
45 1 64 65 66 67
46 1 65 66 67 68
47 1 66 67 68 69
48 2 69 70 71 72
49 2 70 71 72 73
50 2 71 72 73 74
51 2 72 73 74 75
52 2 73 74 75 76
53 2 74 75 76 77
54 2 75 76 77 78
55 2 76 77 78 79
56 2 77 78 79 80
57 2 78 79 80 81
58 1 82 83 84 85
59 1 83 84 85 86
60 1 84 85 86 87
61 1 85 86 87 88
62 1 89 90 91 92
63 1 90 91 92 93
64 1 91 92 93 94
65 1 92 93 94 95
66 1 93 94 95 96
67 2 96 97 98 99
68 2 97 98 99 100
69 2 98 99 100 101
70 2 99 100 101 102
71 2 100 101 102 103
72 2 101 102 103 104
73 2 102 103 104 105
74 2 103 104 105 106
75 2 104 105 106 107
76 2 105 106 107 108
77 1 109 110 111 112
78 1 110 111 112 113
79 1 111 112 113 114
80 1 112 113 114 115
81 1 116 117 118 119
82 1 117 118 119 120
83 1 118 119 120 121
84 1 119 120 121 122
85 1 120 121 122 123
86 2 123 124 125 126
87 2 124 125 126 127
88 2 125 126 127 128
89 2 126 127 128 129
90 2 127 128 129 130
91 2 128 129 130 131
92 2 129 130 131 132
93 2 130 131 132 133
94 2 131 132 133 134
95 2 132 133 134 135
96 1 136 137 138 139
97 1 137 138 139 140
98 1 138 139 140 141
99 1 139 140 141 142
100 1 143 144 145 146
101 1 144 145 146 147
102 1 145 146 147 148
103 1 146 147 148 149
104 1 147 148 149 150
105 2 150 151 152 153
106 2 151 152 153 154
107 2 152 153 154 155
108 2 153 154 155 156
109 2 154 155 156 157
110 2 155 156 157 158
111 2 156 157 158 159
112 2 157 158 159 160
113 2 158 159 160 161
114 2 159 160 161 162
115 1 163 164 165 166
116 1 164 165 166 167
117 1 165 166 167 168
118 1 166 167 168 169
119 1 170 171 172 173
120 1 171 172 173 174
121 1 172 173 174 175
122 1 173 174 175 176
123 1 174 175 176 177
124 2 177 178 179 180
125 2 178 179 180 181
126 2 179 180 181 182
127 2 180 181 182 183
128 2 181 182 183 184
129 2 182 183 184 185
130 2 183 184 185 186
131 2 184 185 186 187
132 2 185 186 187 188
133 2 186 187 188 189
134 1 190 191 192 193
135 1 191 192 193 194
136 1 192 193 194 195
137 1 193 194 195 196
138 1 197 198 199 200
139 1 198 199 200 201
140 1 199 200 201 202
141 1 200 201 202 203
142 1 201 202 203 204
143 2 204 205 206 207
144 2 205 206 207 208
145 2 206 207 208 209
146 2 207 208 209 210
147 2 208 209 210 211
148 2 209 210 211 212
149 2 210 211 212 213
150 2 211 212 213 214
151 2 212 213 214 215
152 2 213 214 215 216
