# Table for the INT-INT interaction from
# Brannigan et al, Phys Rev E, 72, 011915 (2005)
# This table contains 
# i r_i  U(r_i)  -dU/dr|r_i
#   where U(r) = eps*(0.4*(sigma/r)^12 - 3.0*(sigma/r)^2)

INT
N 1001

1 2.6 87252.0069441 402763.664479
2 2.62 79585.4554502 364574.203947
3 2.64 72643.2434671 330255.845328
4 2.66 66352.2073932 299391.208536
5 2.68 60647.0444312 271610.570248
6 2.7 55469.4181565 246586.123584
7 2.72 50767.1714483 224026.964698
8 2.74 46493.633237 203674.709811
9 2.76 42607.0073083 185299.659567
10 2.78 39069.8329526 168697.439095
11 2.8 35848.5085794 153686.051901
12 2.82 32912.8705664 140103.294183
13 2.84 30235.8206098 127804.483324
14 2.86 27792.9956998 116660.460548
15 2.88 25562.4755962 106555.833042
16 2.9 23524.5233195 97387.4254387
17 2.92 21661.3547409 89062.9145204
18 2.94 19956.9338374 81499.6244039
19 2.96 18396.7906059 74623.4624292
20 2.98 16967.8589974 68367.9785194
21 3.0 15658.3325568 62673.5329856
22 3.02 14457.5357325 57486.5596649
23 3.04 13355.809067 52758.912937
24 3.06 12344.4066925 48447.2886046
25 3.08 11415.4047444 44512.7098736
26 3.1 10561.6194689 40920.0707567
27 3.12 9776.5339459 37637.7301715
28 3.14 9054.23247117 34637.1508274
29 3.16 8389.34175838 31892.5777179
30 3.18 7776.97821258 29380.7516608
31 3.2 7212.7006167 27080.6538766
32 3.22 6692.4676457 24973.2780793
33 3.24 6212.59969004 23041.4269669
34 3.26 5769.74452856 21269.5303734
35 3.28 5360.84644195 19643.4826615
36 3.3 4983.1184041 18150.4972204
37 3.32 4634.01702836 16778.97618
38 3.34 4311.21998136 15518.393672
39 3.36 4012.60560869 14359.191159
40 3.38 3736.23454428 13292.6835236
41 3.4 3480.33310029 12310.9747549
42 3.42 3243.27825585 11406.8822043
43 3.44 3023.58408279 10573.8684961
44 3.46 2819.88946345 9805.98028003
45 3.48 2630.94697101 9097.79310596
46 3.5 2455.61279669 8444.36177626
47 3.52 2292.83761972 7841.17560602
48 3.54 2141.65832756 7284.11808108
49 3.56 2001.19050257 6769.43046025
50 3.58 1870.62160083 6293.67891689
51 3.6 1749.20475558 5853.72485855
52 3.62 1636.25314534 5446.69810179
53 3.64 1531.13487237 5069.97261409
54 3.66 1433.26830277 4721.1445646
55 3.68 1342.11782445 4398.01245332
56 3.7 1257.18998347 4098.55911171
57 3.72 1178.02996319 3820.93539003
58 3.74 1104.21837425 3563.44536511
59 3.76 1035.36832639 3324.53291993
60 3.78 971.122756088 3102.76956138
61 3.8 911.151986554 2896.84335615
62 3.82 855.151498616 2705.54887715
63 3.84 802.83989347 2527.77806329
64 3.86 753.957029799 2362.51190574
65 3.88 708.262319576 2208.81288195
66 3.9 665.533168297 2065.81806693
67 3.92 625.563546756 1932.73285812
68 3.94 588.162682667 1808.82525631
69 3.96 553.153861545 1693.42065104
70 3.98 520.373327227 1585.89706361
71 4.0 489.669273313 1485.68080556
72 4.02 460.900917596 1392.24251449
73 4.04 433.937652306 1305.09353282
74 4.06 408.6582636 1223.78259822
75 4.08 384.950214367 1147.89281764
76 4.1 362.708984933 1077.03889938
77 4.12 341.837466738 1010.86461999
78 4.14 322.245404503 949.040505266
79 4.16 303.848882793 891.261706073
80 4.18 286.569853265 837.246052066
81 4.2 270.33569919 786.732267446
82 4.22 255.078834164 739.47833469
83 4.24 240.736332164 695.259993326
84 4.26 227.249586386 653.869362042
85 4.28 214.563994495 615.113673492
86 4.3 202.628668126 578.814112106
87 4.32 191.396164684 544.804746089
88 4.34 180.822239621 512.931545605
89 4.36 170.865617553 483.051479815
90 4.38 161.487780703 455.031686127
91 4.4 152.652773286 428.748705595
92 4.42 144.327020575 404.087778912
93 4.44 136.479161479 380.942197972
94 4.46 129.07989358 359.212708377
95 4.48 122.101829632 338.806958688
96 4.5 115.519364658 319.638992577
97 4.52 109.308552789 301.628780369
98 4.54 103.446993117 284.701786758
99 4.56 97.9137238447 268.788571763
100 4.58 92.6891241175 253.824422244
101 4.6 87.7548229339 239.749011508
102 4.62 83.0936146036 226.506084761
103 4.64 78.6893802546 214.043168343
104 4.66 74.5270149351 202.31130085
105 4.68 70.5923598871 191.264784422
106 4.7 66.8721396072 180.860954593
107 4.72 63.353903336 171.05996726
108 4.74 60.0259706488 161.824601429
109 4.76 56.8773808439 153.120076496
110 4.78 53.8978458491 144.913882966
111 4.8 51.0777063884 137.175625538
112 4.82 48.4078911713 129.876877635
113 4.84 45.8798788842 122.991046476
114 4.86 43.485662782 116.493247913
115 4.88 41.2177176913 110.360190267
116 4.9 39.0689692529 104.570066494
117 4.92 37.0327652428 99.1024540566
118 4.94 35.102848823 93.9382219092
119 4.96 33.2733335874 89.05944408
120 4.98 31.5386802724 84.4493193479
121 5.0 29.8936750183 80.0920965658
122 5.02 28.3334090704 75.9730052143
123 5.04 26.8532598202 72.0781907976
124 5.06 25.4488730938 68.3946547294
125 5.08 24.116146599 64.9101983786
126 5.1 22.8512144543 61.6133709734
127 5.12 21.650432722 58.4934210835
128 5.14 20.5103658787 55.5402514226
129 5.16 19.4277741591 52.7443767307
130 5.18 18.3996017121 50.0968845179
131 5.2 17.4229655155 47.5893984632
132 5.22 16.4951449988 45.2140442802
133 5.24 15.6135723236 42.9634178757
134 5.26 14.775823281 40.8305556374
135 5.28 13.979608762 38.808906703
136 5.3 13.2227667648 36.8923070701
137 5.32 12.5032549016 35.0749554196
138 5.34 11.8191433738 33.3513905323
139 5.36 11.1686083831 31.7164701895
140 5.38 10.5499259512 30.1653514539
141 5.4 9.96146612005 28.693472236
142 5.42 9.40168750976 27.2965340593
143 5.44 8.86913220892 25.9704859397
144 5.46 8.36242097742 24.7115093061
145 5.48 7.88024874079 23.5160038893
146 5.5 7.4213803577 22.3805745153
147 5.52 6.98464664308 21.3020187412
148 5.54 6.56894063048 20.2773152771
149 5.56 6.1732140587 19.3036131423
150 5.58 5.79647406826 18.3782215059
151 5.6 5.43778009463 17.4986001669
152 5.62 5.09624094585 16.6623506308
153 5.64 4.77101205293 15.867207745
154 5.66 4.46129288233 15.1110318537
155 5.68 4.16632450031 14.3918014404
156 5.7 3.88538727999 13.7076062261
157 5.72 3.61779874199 13.0566406912
158 5.74 3.36291152072 12.4371979973
159 5.76 3.12011144838 11.8476642796
160 5.78 2.8888157497 11.2865132882
161 5.8 2.66847134042 10.7523013555
162 5.82 2.45855322349 10.2436626676
163 5.84 2.25856297681 9.7593048226
164 5.86 2.06802732724 9.2980046552
165 5.88 1.88649680546 8.85860431242
166 5.9 1.71354447704 8.44000756375
167 5.92 1.548764745 8.04117633127
168 5.94 1.39177221978 7.66112742597
169 5.96 1.24220065245 7.29892947717
170 5.98 1.09970192753 6.9537000433
171 6.0 0.963945111861 6.62460289254
172 6.02 0.83461555631 6.31084544295
173 6.04 0.711414047074 6.01167635216
174 6.06 0.594056003831 5.72638324756
175 6.08 0.482270721937 5.45429058822
176 6.1 0.375800656137 5.19475765055
177 6.12 0.274400743381 4.94717663025
178 6.14 0.177837762511 4.71097085338
179 6.16 0.0858897286772 4.48559308998
180 6.18 -0.00165467948361 4.27052396409
181 6.2 -0.0849966617872 4.06527045435
182 6.22 -0.164327809314 3.8693644797
183 6.24 -0.239830589745 3.68236156522
184 6.26 -0.311678806772 3.50383958321
185 6.28 -0.380038035049 3.33339756513
186 6.3 -0.445066032049 3.17065458013
187 6.32 -0.506913128135 3.0152486763
188 6.34 -0.56572259604 2.866835881
189 6.36 -0.621631000928 2.72508925658
190 6.38 -0.674768532081 2.58969800863
191 6.4 -0.725259317268 2.46036664323
192 6.42 -0.773221720709 2.33681417085
193 6.44 -0.818768625574 2.21877335375
194 6.46 -0.862007701832 2.10598999469
195 6.48 -0.90304166028 1.99822226439
196 6.5 -0.941968493479 1.8952400656
197 6.52 -0.978881704324 1.79682443166
198 6.54 -1.01387052292 1.70276695755
199 6.56 -1.04702011237 1.61286926168
200 6.58 -1.07841176412 1.52694247655
201 6.6 -1.10812308336 1.44480676668
202 6.62 -1.13622816508 1.36629087245
203 6.64 -1.1627977612 1.29123167801
204 6.66 -1.18789943936 1.21947380239
205 6.68 -1.21159773365 1.15086921208
206 6.7 -1.23395428792 1.08527685416
207 6.72 -1.25502799183 1.02256230873
208 6.74 -1.27487511024 0.962597459596
209 6.76 -1.2935494061 0.90526018218
210 6.78 -1.31110225728 0.850434047748
211 6.8 -1.32758276773 0.798008043011
212 6.82 -1.34303787302 0.747876304295
213 6.84 -1.35751244086 0.699937865467
214 6.86 -1.3710493666 0.654096418865
215 6.88 -1.38368966412 0.610260088543
216 6.9 -1.3954725523 0.568341215144
217 6.92 -1.40643553728 0.528256151786
218 6.94 -1.41661449078 0.489925070364
219 6.96 -1.42604372459 0.453271777711
220 6.98 -1.43475606153 0.418223541087
221 7.0 -1.44278290299 0.384710922497
222 7.02 -1.45015429321 0.352667621378
223 7.04 -1.45689898057 0.322030325194
224 7.06 -1.46304447588 0.292738567537
225 7.08 -1.46861710792 0.264734593325
226 7.1 -1.47364207647 0.237963230734
227 7.12 -1.47814350264 0.2123717695
228 7.14 -1.482144477 0.187909845266
229 7.16 -1.48566710537 0.16452932965
230 7.18 -1.48873255248 0.142184225751
231 7.2 -1.49136108362 0.120830568787
232 7.22 -1.49357210429 0.100426331626
233 7.24 -1.49538419809 0.0809313349308
234 7.26 -1.4968151628 0.0623071617066
235 7.28 -1.49788204479 0.044517076001
236 7.3 -1.49860117187 0.0275259455594
237 7.32 -1.49898818464 0.0113001682279
238 7.34 -1.49905806636 -0.00419239808778
239 7.36 -1.4988251715 -0.0189825020854
240 7.38 -1.49830325295 -0.0330995625254
241 7.4 -1.49750548803 -0.0465717286462
242 7.42 -1.49644450327 -0.0594259376903
243 7.44 -1.49513239812 -0.0716879696855
244 7.46 -1.49358076759 -0.0833824996199
245 7.48 -1.4918007238 -0.0945331471409
246 7.5 -1.48980291663 -0.105162523901
247 7.52 -1.48759755345 -0.115292278666
248 7.54 -1.48519441791 -0.124943140307
249 7.56 -1.48260288794 -0.13413495876
250 7.58 -1.47983195293 -0.142886744076
251 7.6 -1.47689023018 -0.151216703644
252 7.62 -1.47378598053 -0.159142277674
253 7.64 -1.47052712344 -0.166680173038
254 7.66 -1.46712125128 -0.173846395532
255 7.68 -1.46357564306 -0.180656280652
256 7.7 -1.45989727753 -0.187124522948
257 7.72 -1.45609284575 -0.193265204023
258 7.74 -1.45216876302 -0.199091819249
259 7.76 -1.4481311804 -0.204617303261
260 7.78 -1.44398599566 -0.20985405428
261 7.8 -1.43973886378 -0.214813957332
262 7.82 -1.43539520696 -0.21950840641
263 7.84 -1.43096022428 -0.223948325627
264 7.86 -1.42643890087 -0.228144189416
265 7.88 -1.42183601669 -0.232106041819
266 7.9 -1.41715615498 -0.235843514899
267 7.92 -1.41240371029 -0.239365846333
268 7.94 -1.40758289625 -0.242681896213
269 7.96 -1.40269775292 -0.245800163096
270 7.98 -1.39775215386 -0.248728799339
271 8.0 -1.39274981294 -0.251475625745
272 8.02 -1.38769429081 -0.254048145572
273 8.04 -1.3825890011 -0.256453557906
274 8.06 -1.37743721643 -0.258698770453
275 8.08 -1.37224207403 -0.260790411767
276 8.1 -1.3670065813 -0.262734842931
277 8.12 -1.36173362096 -0.264538168734
278 8.14 -1.35642595614 -0.26620624836
279 8.16 -1.35108623513 -0.267744705599
280 8.18 -1.34571699603 -0.269158938625
281 8.2 -1.34032067115 -0.270454129338
282 8.22 -1.33489959126 -0.271635252315
283 8.24 -1.32945598963 -0.272707083354
284 8.26 -1.32399200593 -0.273674207668
285 8.28 -1.31850968998 -0.274541027712
286 8.3 -1.3130110053 -0.275311770682
287 8.32 -1.30749783257 -0.275990495686
288 8.34 -1.30197197291 -0.276581100614
289 8.36 -1.29643515102 -0.277087328708
290 8.38 -1.29088901827 -0.277512774857
291 8.4 -1.28533515553 -0.277860891625
292 8.42 -1.279775076 -0.278134995017
293 8.44 -1.27421022789 -0.278338270004
294 8.46 -1.26864199697 -0.27847377582
295 8.48 -1.26307170904 -0.278544451025
296 8.5 -1.25750063229 -0.278553118366
297 8.52 -1.25192997959 -0.278502489422
298 8.54 -1.24636091063 -0.27839516907
299 8.56 -1.24079453406 -0.278233659745
300 8.58 -1.23523190945 -0.27802036554
301 8.6 -1.22967404925 -0.277757596126
302 8.62 -1.22412192063 -0.277447570509
303 8.64 -1.21857644724 -0.277092420635
304 8.66 -1.21303851096 -0.276694194842
305 8.68 -1.20750895348 -0.276254861174
306 8.7 -1.20198857794 -0.275776310556
307 8.72 -1.19647815038 -0.275260359835
308 8.74 -1.19097840123 -0.274708754702
309 8.76 -1.18549002669 -0.274123172492
310 8.78 -1.18001369009 -0.273505224869
311 8.8 -1.17455002313 -0.272856460401
312 8.82 -1.16909962718 -0.272178367032
313 8.84 -1.16366307443 -0.271472374453
314 8.86 -1.15824090903 -0.270739856375
315 8.88 -1.1528336482 -0.269982132713
316 8.9 -1.14744178329 -0.269200471678
317 8.92 -1.14206578078 -0.26839609179
318 8.94 -1.13670608326 -0.267570163805
319 8.96 -1.13136311038 -0.266723812565
320 8.98 -1.1260372597 -0.26585811878
321 9.0 -1.12072890764 -0.264974120729
322 9.02 -1.11543841024 -0.2640728159
323 9.04 -1.11016610399 -0.263155162565
324 9.06 -1.10491230659 -0.262222081284
325 9.08 -1.09967731769 -0.261274456364
326 9.1 -1.09446141962 -0.260313137244
327 9.12 -1.08926487805 -0.259338939836
328 9.14 -1.08408794265 -0.258352647809
329 9.16 -1.07893084774 -0.257355013824
330 9.18 -1.07379381288 -0.256346760718
331 9.2 -1.06867704347 -0.255328582644
332 9.22 -1.06358073129 -0.254301146164
333 9.24 -1.05850505508 -0.253265091305
334 9.26 -1.053450181 -0.252221032561
335 9.28 -1.04841626319 -0.251169559871
336 9.3 -1.04340344425 -0.25011123955
337 9.32 -1.03841185563 -0.249046615186
338 9.34 -1.03344161818 -0.2479762085
339 9.36 -1.0284928425 -0.246900520178
340 9.38 -1.02356562938 -0.245820030663
341 9.4 -1.0186600702 -0.244735200927
342 9.42 -1.01377624733 -0.243646473201
343 9.44 -1.00891423443 -0.242554271687
344 9.46 -1.0040740969 -0.241459003238
345 9.48 -0.999255892143 -0.240361058009
346 9.5 -0.994459669928 -0.239260810093
347 9.52 -0.989685472697 -0.238158618121
348 9.54 -0.984933335869 -0.237054825845
349 9.56 -0.980203288132 -0.235949762702
350 9.58 -0.975495351726 -0.234843744346
351 9.6 -0.970809542708 -0.233737073173
352 9.62 -0.966145871217 -0.232630038816
353 9.64 -0.961504341725 -0.231522918625
354 9.66 -0.956884953272 -0.230415978128
355 9.68 -0.952287699705 -0.229309471477
356 9.7 -0.947712569897 -0.228203641873
357 9.72 -0.943159547963 -0.22709872198
358 9.74 -0.938628613467 -0.225994934317
359 9.76 -0.934119741622 -0.224892491642
360 9.78 -0.929632903477 -0.223791597316
361 9.8 -0.925168066109 -0.222692445658
362 9.82 -0.920725192794 -0.221595222284
363 9.84 -0.916304243179 -0.220500104432
364 9.86 -0.91190517345 -0.219407261278
365 9.88 -0.907527936486 -0.218316854241
366 9.9 -0.903172482012 -0.217229037271
367 9.92 -0.898838756748 -0.216143957132
368 9.94 -0.894526704547 -0.215061753669
369 9.96 -0.890236266534 -0.213982560076
370 9.98 -0.885967381232 -0.212906503136
371 10.0 -0.881719984692 -0.211833703472
372 10.02 -0.877494010612 -0.210764275774
373 10.04 -0.873289390453 -0.209698329022
374 10.06 -0.869106053554 -0.208635966708
375 10.08 -0.864943927233 -0.207577287034
376 10.1 -0.860802936899 -0.206522383122
377 10.12 -0.856683006147 -0.205471343199
378 10.14 -0.852584056854 -0.204424250786
379 10.16 -0.848506009271 -0.203381184875
380 10.18 -0.844448782117 -0.202342220105
381 10.2 -0.840412292656 -0.201307426921
382 10.22 -0.836396456786 -0.20027687174
383 10.24 -0.832401189115 -0.199250617102
384 10.26 -0.828426403039 -0.19822872182
385 10.28 -0.824472010811 -0.197211241119
386 10.3 -0.820537923617 -0.196198226777
387 10.32 -0.81662405164 -0.195189727259
388 10.34 -0.812730304126 -0.19418578784
389 10.36 -0.808856589444 -0.193186450732
390 10.38 -0.805002815152 -0.1921917552
391 10.4 -0.801168888049 -0.191201737679
392 10.42 -0.797354714233 -0.190216431881
393 10.44 -0.793560199154 -0.189235868906
394 10.46 -0.789785247667 -0.188260077336
395 10.48 -0.786029764076 -0.187289083343
396 10.5 -0.782293652189 -0.186322910778
397 10.52 -0.778576815358 -0.185361581264
398 10.54 -0.774879156522 -0.184405114284
399 10.56 -0.771200578253 -0.183453527268
400 10.58 -0.767540982794 -0.182506835671
401 10.6 -0.763900272099 -0.181565053055
402 10.62 -0.760278347867 -0.180628191165
403 10.64 -0.75667511158 -0.179696260001
404 10.66 -0.753090464539 -0.17876926789
405 10.68 -0.749524307893 -0.177847221551
406 10.7 -0.745976542671 -0.176930126167
407 10.72 -0.742447069815 -0.176017985441
408 10.74 -0.738935790206 -0.175110801662
409 10.76 -0.735442604695 -0.174208575761
410 10.78 -0.731967414126 -0.173311307369
411 10.8 -0.728510119361 -0.172418994873
412 10.82 -0.72507062131 -0.171531635464
413 10.84 -0.721648820948 -0.170649225192
414 10.86 -0.718244619341 -0.169771759015
415 10.88 -0.714857917667 -0.168899230842
416 10.9 -0.711488617235 -0.168031633581
417 10.92 -0.708136619505 -0.167168959186
418 10.94 -0.704801826108 -0.166311198692
419 10.96 -0.701484138863 -0.165458342262
420 10.98 -0.698183459794 -0.164610379221
421 11.0 -0.694899691148 -0.1637672981
422 11.02 -0.691632735406 -0.162929086665
423 11.04 -0.688382495303 -0.162095731957
424 11.06 -0.68514887384 -0.161267220326
425 11.08 -0.681931774298 -0.160443537459
426 11.1 -0.678731100249 -0.159624668416
427 11.12 -0.675546755573 -0.15881059766
428 11.14 -0.672378644462 -0.15800130908
429 11.16 -0.669226671439 -0.157196786028
430 11.18 -0.666090741365 -0.156397011339
431 11.2 -0.662970759447 -0.155601967361
432 11.22 -0.659866631253 -0.154811635976
433 11.24 -0.656778262715 -0.154025998629
434 11.26 -0.653705560141 -0.153245036348
435 11.28 -0.650648430223 -0.152468729768
436 11.3 -0.647606780043 -0.15169705915
437 11.32 -0.644580517084 -0.150930004405
438 11.34 -0.641569549231 -0.150167545112
439 11.36 -0.638573784781 -0.149409660536
440 11.38 -0.635593132451 -0.148656329652
441 11.4 -0.632627501379 -0.147907531156
442 11.42 -0.629676801133 -0.147163243484
443 11.44 -0.626740941713 -0.146423444834
444 11.46 -0.62381983356 -0.145688113174
445 11.48 -0.620913387554 -0.144957226261
446 11.5 -0.618021515027 -0.144230761656
447 11.52 -0.615144127757 -0.143508696739
448 11.54 -0.612281137978 -0.14279100872
449 11.56 -0.609432458382 -0.142077674653
450 11.58 -0.606598002119 -0.141368671449
451 11.6 -0.603777682806 -0.140663975889
452 11.62 -0.600971414522 -0.139963564633
453 11.64 -0.598179111815 -0.139267414235
454 11.66 -0.595400689704 -0.138575501149
455 11.68 -0.592636063678 -0.137887801745
456 11.7 -0.589885149701 -0.137204292313
457 11.72 -0.587147864211 -0.136524949077
458 11.74 -0.584424124122 -0.135849748201
459 11.76 -0.581713846826 -0.135178665802
460 11.78 -0.579016950193 -0.134511677954
461 11.8 -0.576333352571 -0.133848760697
462 11.82 -0.573662972788 -0.133189890048
463 11.84 -0.571005730151 -0.132535042004
464 11.86 -0.56836154445 -0.131884192552
465 11.88 -0.565730335952 -0.131237317677
466 11.9 -0.563112025406 -0.130594393364
467 11.92 -0.560506534041 -0.129955395608
468 11.94 -0.557913783565 -0.129320300421
469 11.96 -0.555333696166 -0.128689083832
470 11.98 -0.552766194514 -0.1280617219
471 12.0 -0.550211201752 -0.127438190715
472 12.02 -0.547668641506 -0.126818466403
473 12.04 -0.545138437876 -0.126202525133
474 12.06 -0.542620515439 -0.125590343118
475 12.08 -0.540114799247 -0.124981896625
476 12.1 -0.537621214828 -0.124377161973
477 12.12 -0.53513968818 -0.123776115544
478 12.14 -0.532670145775 -0.123178733779
479 12.16 -0.530212514555 -0.122584993188
480 12.18 -0.52776672193 -0.121994870352
481 12.2 -0.525332695778 -0.121408341923
482 12.22 -0.522910364445 -0.120825384632
483 12.24 -0.52049965674 -0.120245975289
484 12.26 -0.518100501935 -0.119670090788
485 12.28 -0.515712829763 -0.119097708107
486 12.3 -0.513336570418 -0.118528804313
487 12.32 -0.51097165455 -0.117963356563
488 12.34 -0.508618013267 -0.11740134211
489 12.36 -0.506275578128 -0.116842738298
490 12.38 -0.503944281147 -0.116287522571
491 12.4 -0.501624054788 -0.115735672472
492 12.42 -0.49931483196 -0.115187165645
493 12.44 -0.497016546022 -0.114641979838
494 12.46 -0.494729130774 -0.114100092904
495 12.48 -0.49245252046 -0.1135614828
496 12.5 -0.490186649763 -0.113026127594
497 12.52 -0.487931453803 -0.112494005462
498 12.54 -0.485686868135 -0.11196509469
499 12.56 -0.48345282875 -0.111439373678
500 12.58 -0.481229272066 -0.110916820936
501 12.6 -0.479016134933 -0.110397415091
502 12.62 -0.476813354625 -0.109881134884
503 12.64 -0.474620868841 -0.109367959171
504 12.66 -0.472438615702 -0.108857866928
505 12.68 -0.470266533747 -0.108350837244
506 12.7 -0.468104561934 -0.107846849332
507 12.72 -0.465952639633 -0.107345882519
508 12.74 -0.463810706629 -0.106847916255
509 12.76 -0.461678703116 -0.106352930108
510 12.78 -0.459556569693 -0.105860903769
511 12.8 -0.457444247367 -0.105371817049
512 12.82 -0.455341677547 -0.10488564988
513 12.84 -0.453248802042 -0.104402382317
514 12.86 -0.451165563056 -0.103921994536
515 12.88 -0.449091903193 -0.103444466836
516 12.9 -0.447027765446 -0.102969779639
517 12.92 -0.4449730932 -0.102497913489
518 12.94 -0.442927830229 -0.102028849053
519 12.96 -0.440891920688 -0.101562567122
520 12.98 -0.438865309121 -0.101099048608
521 13.0 -0.436847940448 -0.100638274548
522 13.02 -0.434839759968 -0.100180226101
523 13.04 -0.432840713358 -0.0997248845489
524 13.06 -0.430850746664 -0.0992722312959
525 13.08 -0.428869806307 -0.0988222478696
526 13.1 -0.426897839073 -0.0983749159199
527 13.12 -0.424934792115 -0.0979302172191
528 13.14 -0.42298061295 -0.0974881336614
529 13.16 -0.421035249454 -0.097048647263
530 13.18 -0.419098649864 -0.0966117401617
531 13.2 -0.417170762771 -0.0961773946166
532 13.22 -0.41525153712 -0.0957455930079
533 13.24 -0.413340922208 -0.0953163178365
534 13.26 -0.411438867679 -0.0948895517235
535 13.28 -0.409545323527 -0.0944652774101
536 13.3 -0.407660240085 -0.0940434777572
537 13.32 -0.405783568032 -0.0936241357448
538 13.34 -0.403915258384 -0.0932072344716
539 13.36 -0.402055262494 -0.0927927571548
540 13.38 -0.400203532049 -0.0923806871294
541 13.4 -0.39836001907 -0.091971007848
542 13.42 -0.396524675907 -0.0915637028799
543 13.44 -0.394697455235 -0.0911587559112
544 13.46 -0.392878310058 -0.0907561507435
545 13.48 -0.391067193701 -0.0903558712944
546 13.5 -0.389264059808 -0.0899579015961
547 13.52 -0.387468862344 -0.0895622257951
548 13.54 -0.385681555589 -0.089168828152
549 13.56 -0.383902094135 -0.0887776930406
550 13.58 -0.382130432887 -0.0883888049474
551 13.6 -0.380366527059 -0.088002148471
552 13.62 -0.378610332173 -0.0876177083216
553 13.64 -0.376861804052 -0.0872354693205
554 13.66 -0.375120898826 -0.0868554163993
555 13.68 -0.373387572922 -0.0864775345994
556 13.7 -0.371661783067 -0.0861018090713
557 13.72 -0.369943486282 -0.0857282250742
558 13.74 -0.368232639885 -0.0853567679751
559 13.76 -0.366529201481 -0.0849874232486
560 13.78 -0.364833128968 -0.0846201764757
561 13.8 -0.363144380531 -0.0842550133436
562 13.82 -0.361462914638 -0.083891919645
563 13.84 -0.359788690043 -0.0835308812773
564 13.86 -0.358121665778 -0.0831718842421
565 13.88 -0.356461801157 -0.0828149146446
566 13.9 -0.354809055768 -0.0824599586927
567 13.92 -0.353163389476 -0.0821070026966
568 13.94 -0.351524762418 -0.0817560330682
569 13.96 -0.349893135001 -0.0814070363201
570 13.98 -0.348268467902 -0.0810599990654
571 14.0 -0.346650722064 -0.0807149080166
572 14.02 -0.345039858694 -0.0803717499853
573 14.04 -0.343435839265 -0.0800305118814
574 14.06 -0.341838625506 -0.0796911807123
575 14.08 -0.340248179409 -0.0793537435825
576 14.1 -0.338664463221 -0.079018187693
577 14.12 -0.337087439445 -0.0786845003402
578 14.14 -0.335517070835 -0.0783526689157
579 14.16 -0.333953320399 -0.0780226809053
580 14.18 -0.332396151392 -0.0776945238888
581 14.2 -0.330845527319 -0.0773681855387
582 14.22 -0.329301411928 -0.0770436536203
583 14.24 -0.327763769212 -0.0767209159903
584 14.26 -0.326232563407 -0.0763999605967
585 14.28 -0.324707758986 -0.076080775478
586 14.3 -0.323189320665 -0.0757633487623
587 14.32 -0.321677213392 -0.075447668667
588 14.34 -0.320171402352 -0.0751337234981
589 14.36 -0.318671852963 -0.0748215016493
590 14.38 -0.317178530874 -0.0745109916017
591 14.4 -0.315691401963 -0.0742021819228
592 14.42 -0.314210432337 -0.0738950612663
593 14.44 -0.312735588328 -0.073589618371
594 14.46 -0.311266836492 -0.0732858420606
595 14.48 -0.309804143609 -0.0729837212427
596 14.5 -0.308347476679 -0.0726832449085
597 14.52 -0.306896802922 -0.0723844021319
598 14.54 -0.305452089775 -0.072087182069
599 14.56 -0.304013304893 -0.0717915739575
600 14.58 -0.302580416142 -0.0714975671162
601 14.6 -0.301153391604 -0.071205150944
602 14.62 -0.29973219957 -0.0709143149198
603 14.64 -0.298316808542 -0.0706250486013
604 14.66 -0.29690718723 -0.0703373416252
605 14.68 -0.29550330455 -0.0700511837056
606 14.7 -0.294105129623 -0.0697665646344
607 14.72 -0.292712631773 -0.06948347428
608 14.74 -0.291325780527 -0.069201902587
609 14.76 -0.289944545612 -0.0689218395755
610 14.78 -0.288568896953 -0.0686432753407
611 14.8 -0.287198804672 -0.068366200052
612 14.82 -0.285834239089 -0.0680906039529
613 14.84 -0.284475170717 -0.0678164773599
614 14.86 -0.283121570262 -0.0675438106623
615 14.88 -0.281773408622 -0.0672725943215
616 14.9 -0.280430656883 -0.0670028188703
617 14.92 -0.279093286324 -0.0667344749127
618 14.94 -0.277761268406 -0.066467553123
619 14.96 -0.276434574779 -0.0662020442454
620 14.98 -0.275113177278 -0.0659379390934
621 15.0 -0.273797047918 -0.0656752285492
622 15.02 -0.272486158899 -0.0654139035635
623 15.04 -0.271180482599 -0.0651539551544
624 15.06 -0.269879991575 -0.0648953744073
625 15.08 -0.268584658563 -0.0646381524742
626 15.1 -0.267294456476 -0.0643822805732
627 15.12 -0.266009358398 -0.064127749988
628 15.14 -0.264729337592 -0.0638745520673
629 15.16 -0.263454367489 -0.0636226782243
630 15.18 -0.262184421693 -0.0633721199364
631 15.2 -0.260919473977 -0.0631228687444
632 15.22 -0.259659498285 -0.062874916252
633 15.24 -0.258404468725 -0.0626282541256
634 15.26 -0.257154359572 -0.0623828740934
635 15.28 -0.255909145268 -0.0621387679452
636 15.3 -0.254668800416 -0.061895927532
637 15.32 -0.253433299783 -0.061654344765
638 15.34 -0.252202618295 -0.0614140116156
639 15.36 -0.250976731041 -0.0611749201148
640 15.38 -0.249755613266 -0.0609370623526
641 15.4 -0.248539240374 -0.0607004304776
642 15.42 -0.247327587926 -0.0604650166966
643 15.44 -0.246120631637 -0.0602308132741
644 15.46 -0.244918347377 -0.0599978125317
645 15.48 -0.243720711169 -0.0597660068478
646 15.5 -0.242527699187 -0.0595353886571
647 15.52 -0.241339287756 -0.05930595045
648 15.54 -0.240155453352 -0.0590776847726
649 15.56 -0.238976172597 -0.0588505842256
650 15.58 -0.237801422264 -0.0586246414643
651 15.6 -0.236631179269 -0.0583998491983
652 15.62 -0.235465420674 -0.0581762001905
653 15.64 -0.234304123687 -0.057953687257
654 15.66 -0.233147265658 -0.057732303267
655 15.68 -0.231994824078 -0.0575120411416
656 15.7 -0.23084677658 -0.0572928938542
657 15.72 -0.229703100938 -0.0570748544293
658 15.74 -0.228563775063 -0.0568579159429
659 15.76 -0.227428777006 -0.0566420715213
660 15.78 -0.226298084954 -0.0564273143414
661 15.8 -0.22517167723 -0.0562136376296
662 15.82 -0.224049532291 -0.0560010346619
663 15.84 -0.222931628729 -0.0557894987635
664 15.86 -0.22181794527 -0.0555790233081
665 15.88 -0.220708460771 -0.0553696017175
666 15.9 -0.21960315422 -0.0551612274618
667 15.92 -0.218502004734 -0.0549538940582
668 15.94 -0.217404991561 -0.0547475950712
669 15.96 -0.216312094077 -0.0545423241119
670 15.98 -0.215223291785 -0.0543380748379
671 16.0 -0.214138564315 -0.0541348409526
672 16.02 -0.21305789142 -0.0539326162051
673 16.04 -0.21198125298 -0.0537313943897
674 16.06 -0.210908628999 -0.0535311693457
675 16.08 -0.209839999602 -0.0533319349567
676 16.1 -0.208775345037 -0.0531336851505
677 16.12 -0.207714645672 -0.0529364138987
678 16.14 -0.206657881997 -0.0527401152166
679 16.16 -0.205605034619 -0.0525447831621
680 16.18 -0.204556084266 -0.0523504118362
681 16.2 -0.20351101178 -0.0521569953823
682 16.22 -0.202469798123 -0.0519645279856
683 16.24 -0.201432424372 -0.0517730038733
684 16.26 -0.200398871718 -0.0515824173138
685 16.28 -0.199369121467 -0.0513927626166
686 16.3 -0.198343155039 -0.051204034132
687 16.32 -0.197320953965 -0.0510162262506
688 16.34 -0.196302499889 -0.050829333403
689 16.36 -0.195287774565 -0.0506433500599
690 16.38 -0.194276759859 -0.0504582707309
691 16.4 -0.193269437746 -0.0502740899651
692 16.42 -0.192265790306 -0.0500908023503
693 16.44 -0.191265799733 -0.0499084025129
694 16.46 -0.190269448323 -0.0497268851171
695 16.48 -0.189276718481 -0.0495462448654
696 16.5 -0.188287592716 -0.0493664764977
697 16.52 -0.187302053643 -0.0491875747911
698 16.54 -0.186320083981 -0.0490095345599
699 16.56 -0.185341666552 -0.0488323506547
700 16.58 -0.18436678428 -0.0486560179629
701 16.6 -0.183395420192 -0.0484805314077
702 16.62 -0.182427557417 -0.0483058859483
703 16.64 -0.181463179181 -0.0481320765793
704 16.66 -0.180502268813 -0.0479590983305
705 16.68 -0.179544809739 -0.0477869462668
706 16.7 -0.178590785487 -0.0476156154877
707 16.72 -0.177640179677 -0.0474451011271
708 16.74 -0.176692976031 -0.0472753983531
709 16.76 -0.175749158364 -0.0471065023674
710 16.78 -0.174808710589 -0.0469384084057
711 16.8 -0.173871616713 -0.0467711117367
712 16.82 -0.172937860836 -0.0466046076623
713 16.84 -0.172007427154 -0.0464388915171
714 16.86 -0.171080299953 -0.0462739586683
715 16.88 -0.170156463616 -0.0461098045155
716 16.9 -0.169235902612 -0.04594642449
717 16.92 -0.168318601505 -0.0457838140552
718 16.94 -0.167404544949 -0.0456219687059
719 16.96 -0.166493717686 -0.0454608839681
720 16.98 -0.165586104549 -0.0453005553988
721 17.0 -0.164681690459 -0.045140978586
722 17.02 -0.163780460423 -0.044982149148
723 17.04 -0.162882399539 -0.0448240627335
724 17.06 -0.161987492989 -0.0446667150213
725 17.08 -0.161095726042 -0.0445101017198
726 17.1 -0.160207084053 -0.0443542185673
727 17.12 -0.15932155246 -0.0441990613312
728 17.14 -0.158439116788 -0.0440446258081
729 17.16 -0.157559762644 -0.0438909078236
730 17.18 -0.156683475719 -0.0437379032318
731 17.2 -0.155810241787 -0.0435856079154
732 17.22 -0.154940046702 -0.0434340177851
733 17.24 -0.154072876401 -0.0432831287799
734 17.26 -0.153208716903 -0.0431329368663
735 17.28 -0.152347554306 -0.0429834380385
736 17.3 -0.151489374787 -0.0428346283181
737 17.32 -0.150634164605 -0.0426865037537
738 17.34 -0.149781910096 -0.0425390604208
739 17.36 -0.148932597673 -0.0423922944219
740 17.38 -0.148086213829 -0.0422462018856
741 17.4 -0.147242745133 -0.0421007789672
742 17.42 -0.146402178232 -0.0419560218477
743 17.44 -0.145564499846 -0.0418119267343
744 17.46 -0.144729696774 -0.0416684898597
745 17.48 -0.143897755889 -0.0415257074823
746 17.5 -0.143068664136 -0.0413835758856
747 17.52 -0.142242408539 -0.0412420913782
748 17.54 -0.141418976192 -0.0411012502937
749 17.56 -0.140598354262 -0.0409610489904
750 17.58 -0.139780529991 -0.0408214838511
751 17.6 -0.138965490691 -0.040682551283
752 17.62 -0.138153223746 -0.0405442477172
753 17.64 -0.137343716613 -0.0404065696091
754 17.66 -0.136536956816 -0.0402695134376
755 17.68 -0.135732931952 -0.0401330757054
756 17.7 -0.134931629688 -0.0399972529384
757 17.72 -0.134133037758 -0.0398620416858
758 17.74 -0.133337143966 -0.0397274385201
759 17.76 -0.132543936186 -0.0395934400363
760 17.78 -0.131753402356 -0.0394600428522
761 17.8 -0.130965530486 -0.0393272436083
762 17.82 -0.130180308648 -0.0391950389674
763 17.84 -0.129397724985 -0.0390634256142
764 17.86 -0.128617767704 -0.0389324002559
765 17.88 -0.127840425077 -0.0388019596211
766 17.9 -0.127065685442 -0.0386721004602
767 17.92 -0.126293537203 -0.0385428195454
768 17.94 -0.125523968827 -0.0384141136698
769 17.96 -0.124756968844 -0.038285979648
770 17.98 -0.12399252585 -0.0381584143155
771 18.0 -0.123230628501 -0.0380314145287
772 18.02 -0.122471265519 -0.0379049771648
773 18.04 -0.121714425686 -0.0377790991214
774 18.06 -0.120960097846 -0.0376537773164
775 18.08 -0.120208270905 -0.0375290086883
776 18.1 -0.119458933831 -0.0374047901954
777 18.12 -0.11871207565 -0.0372811188161
778 18.14 -0.117967685451 -0.0371579915483
779 18.16 -0.117225752381 -0.0370354054099
780 18.18 -0.116486265647 -0.0369133574381
781 18.2 -0.115749214515 -0.0367918446895
782 18.22 -0.11501458831 -0.0366708642398
783 18.24 -0.114282376416 -0.0365504131839
784 18.26 -0.113552568273 -0.0364304886354
785 18.28 -0.11282515338 -0.0363110877269
786 18.3 -0.112100121292 -0.0361922076096
787 18.32 -0.111377461622 -0.0360738454529
788 18.34 -0.110657164039 -0.0359559984449
789 18.36 -0.109939218269 -0.0358386637917
790 18.38 -0.109223614091 -0.0357218387177
791 18.4 -0.108510341341 -0.0356055204649
792 18.42 -0.107799389911 -0.0354897062933
793 18.44 -0.107090749747 -0.0353743934808
794 18.46 -0.106384410848 -0.0352595793223
795 18.48 -0.105680363268 -0.0351452611307
796 18.5 -0.104978597114 -0.0350314362357
797 18.52 -0.104279102547 -0.0349181019845
798 18.54 -0.103581869781 -0.0348052557411
799 18.56 -0.102886889082 -0.0346928948865
800 18.58 -0.102194150767 -0.0345810168186
801 18.6 -0.101503645208 -0.0344696189517
802 18.62 -0.100815362825 -0.0343586987167
803 18.64 -0.100129294092 -0.0342482535611
804 18.66 -0.0994454295322 -0.0341382809484
805 18.68 -0.0987637597204 -0.0340287783585
806 18.7 -0.0980842752811 -0.0339197432873
807 18.72 -0.0974069668887 -0.0338111732465
808 18.74 -0.0967318252675 -0.0337030657637
809 18.76 -0.0960588411908 -0.0335954183822
810 18.78 -0.0953880054812 -0.0334882286609
811 18.8 -0.0947193090095 -0.0333814941741
812 18.82 -0.0940527426954 -0.0332752125115
813 18.84 -0.0933882975062 -0.0331693812782
814 18.86 -0.0927259644573 -0.033063998094
815 18.88 -0.0920657346112 -0.0329590605941
816 18.9 -0.0914075990779 -0.0328545664286
817 18.92 -0.0907515490141 -0.0327505132621
818 18.94 -0.0900975756229 -0.0326468987742
819 18.96 -0.089445670154 -0.032543720659
820 18.98 -0.0887958239027 -0.0324409766249
821 19.0 -0.0881480282103 -0.032338664395
822 19.02 -0.0875022744633 -0.0322367817064
823 19.04 -0.0868585540934 -0.0321353263106
824 19.06 -0.0862168585771 -0.0320342959728
825 19.08 -0.0855771794356 -0.0319336884725
826 19.1 -0.084939508234 -0.0318335016031
827 19.12 -0.0843038365819 -0.0317337331714
828 19.14 -0.0836701561321 -0.0316343809981
829 19.16 -0.0830384585813 -0.0315354429176
830 19.18 -0.0824087356692 -0.0314369167774
831 19.2 -0.0817809791782 -0.0313388004388
832 19.22 -0.0811551809338 -0.031241091776
833 19.24 -0.0805313328034 -0.0311437886765
834 19.26 -0.079909426697 -0.031046889041
835 19.28 -0.079289454566 -0.030950390783
836 19.3 -0.0786714084036 -0.0308542918291
837 19.32 -0.0780552802445 -0.0307585901186
838 19.34 -0.0774410621642 -0.0306632836034
839 19.36 -0.0768287462793 -0.0305683702482
840 19.38 -0.0762183247467 -0.0304738480301
841 19.4 -0.0756097897639 -0.0303797149388
842 19.42 -0.0750031335683 -0.0302859689762
843 19.44 -0.0743983484373 -0.0301926081566
844 19.46 -0.0737954266876 -0.0300996305063
845 19.48 -0.0731943606756 -0.0300070340638
846 19.5 -0.0725951427967 -0.0299148168796
847 19.52 -0.071997765485 -0.0298229770161
848 19.54 -0.0714022212134 -0.0297315125477
849 19.56 -0.0708085024932 -0.0296404215602
850 19.58 -0.0702166018738 -0.0295497021514
851 19.6 -0.0696265119425 -0.0294593524306
852 19.62 -0.0690382253245 -0.0293693705184
853 19.64 -0.0684517346822 -0.0292797545471
854 19.66 -0.0678670327154 -0.0291905026603
855 19.68 -0.0672841121609 -0.0291016130126
856 19.7 -0.0667029657922 -0.0290130837702
857 19.72 -0.0661235864195 -0.02892491311
858 19.74 -0.0655459668893 -0.0288370992202
859 19.76 -0.0649701000843 -0.0287496402998
860 19.78 -0.0643959789228 -0.0286625345588
861 19.8 -0.0638235963592 -0.028575780218
862 19.82 -0.0632529453832 -0.0284893755087
863 19.84 -0.0626840190197 -0.0284033186731
864 19.86 -0.0621168103288 -0.0283176079638
865 19.88 -0.0615513124053 -0.0282322416441
866 19.9 -0.0609875183786 -0.0281472179874
867 19.92 -0.0604254214128 -0.0280625352778
868 19.94 -0.0598650147059 -0.0279781918096
869 19.96 -0.0593062914901 -0.027894185887
870 19.98 -0.0587492450313 -0.0278105158248
871 20.0 -0.0581938686292 -0.0277271799475
872 20.02 -0.0576401556166 -0.0276441765898
873 20.04 -0.0570880993599 -0.0275615040963
874 20.06 -0.056537693258 -0.0274791608214
875 20.08 -0.0559889307431 -0.0273971451294
876 20.1 -0.0554418052798 -0.0273154553941
877 20.12 -0.0548963103651 -0.0272340899992
878 20.14 -0.0543524395283 -0.0271530473379
879 20.16 -0.0538101863307 -0.027072325813
880 20.18 -0.0532695443654 -0.0269919238365
881 20.2 -0.0527305072574 -0.0269118398301
882 20.22 -0.0521930686629 -0.0268320722247
883 20.24 -0.0516572222695 -0.0267526194605
884 20.26 -0.0511229617959 -0.0266734799867
885 20.28 -0.0505902809917 -0.0265946522621
886 20.3 -0.0500591736373 -0.026516134754
887 20.32 -0.0495296335436 -0.0264379259393
888 20.34 -0.0490016545518 -0.0263600243033
889 20.36 -0.0484752305336 -0.0262824283405
890 20.38 -0.0479503553904 -0.0262051365543
891 20.4 -0.0474270230535 -0.0261281474567
892 20.42 -0.0469052274841 -0.0260514595684
893 20.44 -0.0463849626725 -0.0259750714189
894 20.46 -0.0458662226388 -0.0258989815462
895 20.48 -0.0453490014319 -0.0258231884968
896 20.5 -0.0448332931297 -0.0257476908257
897 20.52 -0.0443190918392 -0.0256724870964
898 20.54 -0.0438063916958 -0.0255975758806
899 20.56 -0.0432951868634 -0.0255229557586
900 20.58 -0.0427854715342 -0.0254486253186
901 20.6 -0.0422772399288 -0.0253745831572
902 20.62 -0.0417704862954 -0.0253008278792
903 20.64 -0.0412652049103 -0.0252273580972
904 20.66 -0.0407613900774 -0.0251541724321
905 20.68 -0.040259036128 -0.0250812695126
906 20.7 -0.039758137421 -0.0250086479756
907 20.72 -0.0392586883422 -0.0249363064654
908 20.74 -0.0387606833045 -0.0248642436347
909 20.76 -0.0382641167479 -0.0247924581434
910 20.78 -0.0377689831387 -0.0247209486595
911 20.8 -0.0372752769703 -0.0246497138585
912 20.82 -0.036782992762 -0.0245787524235
913 20.84 -0.0362921250596 -0.0245080630453
914 20.86 -0.0358026684351 -0.0244376444219
915 20.88 -0.0353146174863 -0.0243674952592
916 20.9 -0.0348279668369 -0.0242976142701
917 20.92 -0.0343427111362 -0.0242280001751
918 20.94 -0.0338588450591 -0.0241586517019
919 20.96 -0.0333763633058 -0.0240895675856
920 20.98 -0.0328952606017 -0.0240207465683
921 21.0 -0.0324155316974 -0.0239521873994
922 21.02 -0.0319371713684 -0.0238838888354
923 21.04 -0.0314601744149 -0.0238158496399
924 21.06 -0.0309845356618 -0.0237480685835
925 21.08 -0.0305102499587 -0.0236805444437
926 21.1 -0.0300373121794 -0.0236132760051
927 21.12 -0.0295657172219 -0.023546262059
928 21.14 -0.0290954600085 -0.0234795014037
929 21.16 -0.0286265354851 -0.0234129928442
930 21.18 -0.028158938622 -0.0233467351922
931 21.2 -0.0276926644126 -0.0232807272662
932 21.22 -0.0272277078743 -0.0232149678915
933 21.24 -0.0267640640477 -0.0231494558997
934 21.26 -0.0263017279969 -0.0230841901292
935 21.28 -0.0258406948088 -0.0230191694249
936 21.3 -0.0253809595937 -0.0229543926381
937 21.32 -0.0249225174848 -0.0228898586266
938 21.34 -0.0244653636377 -0.0228255662547
939 21.36 -0.0240094932312 -0.0227615143929
940 21.38 -0.0235549014661 -0.0226977019182
941 21.4 -0.023101583566 -0.0226341277136
942 21.42 -0.0226495347765 -0.0225707906687
943 21.44 -0.0221987503655 -0.0225076896791
944 21.46 -0.021749225623 -0.0224448236465
945 21.48 -0.0213009558606 -0.0223821914788
946 21.5 -0.020853936412 -0.02231979209
947 21.52 -0.0204081626323 -0.0222576244002
948 21.54 -0.0199636298985 -0.0221956873354
949 21.56 -0.0195203336085 -0.0221339798275
950 21.58 -0.0190782691821 -0.0220725008144
951 21.6 -0.0186374320597 -0.02201124924
952 21.62 -0.0181978177032 -0.0219502240539
953 21.64 -0.0177594215953 -0.0218894242115
954 21.66 -0.0173222392394 -0.0218288486741
955 21.68 -0.0168862661598 -0.0217684964086
956 21.7 -0.0164514979014 -0.0217083663878
957 21.72 -0.0160179300295 -0.0216484575898
958 21.74 -0.0155855581298 -0.0215887689986
959 21.76 -0.0151543778082 -0.0215292996039
960 21.78 -0.014724384691 -0.0214700484006
961 21.8 -0.0142955744243 -0.0214110143895
962 21.82 -0.0138679426741 -0.0213521965765
963 21.84 -0.0134414851265 -0.0212935939733
964 21.86 -0.013016197487 -0.0212352055967
965 21.88 -0.0125920754809 -0.0211770304692
966 21.9 -0.012169114853 -0.0211190676184
967 21.92 -0.0117473113675 -0.0210613160772
968 21.94 -0.0113266608076 -0.021003774884
969 21.96 -0.0109071589762 -0.0209464430823
970 21.98 -0.0104888016947 -0.0208893197208
971 22.0 -0.010071584804 -0.0208324038534
972 22.02 -0.00965550416359 -0.0207756945391
973 22.04 -0.0092405556517 -0.020719190842
974 22.06 -0.00882673516534 -0.0206628918315
975 22.08 -0.00841403862003 -0.0206067965819
976 22.1 -0.0080024619498 -0.0205509041723
977 22.12 -0.00759200110698 -0.0204952136871
978 22.14 -0.00718265206222 -0.0204397242155
979 22.16 -0.00677441080431 -0.0203844348517
980 22.18 -0.00636727334011 -0.0203293446947
981 22.2 -0.00596123569445 -0.0202744528484
982 22.22 -0.00555629391005 -0.0202197584216
983 22.24 -0.00515244404737 -0.0201652605278
984 22.26 -0.00474968218459 -0.0201109582853
985 22.28 -0.00434800441746 -0.0200568508172
986 22.3 -0.00394740685922 -0.0200029372512
987 22.32 -0.00354788564052 -0.0199492167196
988 22.34 -0.0031494369093 -0.0198956883597
989 22.36 -0.00275205683071 -0.0198423513132
990 22.38 -0.00235574158704 -0.0197892047262
991 22.4 -0.00196048737759 -0.0197362477497
992 22.42 -0.00156629041861 -0.0196834795391
993 22.44 -0.00117314694319 -0.0196308992543
994 22.46 -0.000781053201174 -0.0195785060596
995 22.48 -0.000390005459079 -0.019526299124
996 22.5 0.0 -0.0194742776206
997 22.52 0.0 0.0
998 22.54 0.0 0.0
999 22.56 0.0 0.0
1000 22.58 0.0 0.0
1001 22.6 0.0 0.0
