<simulation>
   <prng>
      <seed>975481</seed>
      <state shape='(624)'>
       [ 123782102, 1535174253, 4225277511, 3569948256, 3903869478, 
         1688676375, 3010412291, 2361094811, 2753285993, 2327914622, 
         4010598096, 2302206413, 4266160068, 586752605, 3864705910, 
         3176826133, 1216471577, 1192019860, 1977626133, 2631741336, 
         395864885, 1640372893, 878247132, 621187758, 356758185, 
         1169925257, 1175369692, 607279877, 2247737459, 3418673075, 
         1068622126, 2173878610, 4087356156, 4225371462, 1026036712, 
         3080390829, 1852295640, 4108115469, 4260516329, 2508201631, 
         3320559164, 3647763897, 3529886986, 2868239072, 3441935366, 
         1857275776, 2029254988, 758281732, 421721477, 3039173475, 
         2576640156, 2454485960, 4117715895, 1835094896, 3525489240, 
         3876049673, 4006861940, 1498092621, 572183623, 4119824865, 
         1115273867, 4103904201, 2127443242, 1762708117, 3255246938, 
         708614226, 4130733891, 3277512146, 3670764458, 2087169829, 
         667576566, 738368795, 2666985311, 1383996316, 4059917122, 
         3464674266, 2757473798, 2481120768, 326634894, 1092763118, 
         358257660, 3912099186, 395774779, 2860973476, 1712945615, 
         1566292334, 1783688899, 978765232, 318255054, 933333401, 
         730417457, 2037430277, 2359698371, 2622419732, 476783527, 
         3221071466, 344038937, 2600548094, 4048111813, 1877317787, 
         1576211585, 3682094294, 1166300552, 340379890, 4151429140, 
         1891988380, 2637634828, 1610995310, 2751296847, 2336602209, 
         319856761, 3470254550, 1214571350, 2513388177, 2462848901, 
         1472781562, 4066184870, 1787092686, 357820833, 1531332441, 
         936045547, 3371692363, 3768402705, 2195048477, 2608155428, 
         2034011197, 3863327249, 2503070787, 1133865601, 861021689, 
         31847284, 403479990, 2736693150, 762588200, 754848586, 
         1716851630, 2202309211, 2592533476, 3796248556, 3351315329, 
         3337172628, 1379145558, 1124575875, 2400028441, 1158452296, 
         1309060362, 564290635, 4194867869, 694129414, 3169439773, 
         4225375346, 202961712, 995662657, 858433574, 3760623595, 
         3693442687, 4196152823, 1000890433, 1354165120, 2952384363, 
         2925318195, 3060275290, 2839938183, 789166466, 340862043, 
         1651472502, 2576719031, 487648378, 3773791402, 591356584, 
         229989166, 346620274, 311029320, 2696505707, 2929720074, 
         2031404175, 2217211112, 2064495483, 565195803, 1385349006, 
         4253175165, 2371538254, 1741722269, 1389134155, 1795337021, 
         2139266429, 2785720556, 2564587064, 4174371063, 2650659769, 
         2722743442, 3764285967, 403968415, 161598986, 2691285240, 
         1446594473, 2808488364, 3787665744, 3292657797, 2032326950, 
         2534938789, 3152425626, 3182786031, 767193094, 29948611, 
         3843486169, 3837438382, 3328346947, 4131652226, 3323099287, 
         1438507447, 3672396848, 1785047048, 3944662550, 1249593571, 
         1505653356, 4230921026, 3577974650, 2747663868, 3300924110, 
         1363964534, 1518720336, 4054965804, 1568910653, 4074326770, 
         934076617, 2889933902, 2811657865, 516872144, 438482682, 
         2019598767, 2759155773, 3108303406, 2024109373, 2948828169, 
         1063917006, 302378506, 2272773000, 2152716790, 3971563461, 
         2472872308, 1247932147, 2091440728, 3024400099, 3282850582, 
         107390431, 1369095778, 1556066621, 1159154059, 207846152, 
         97965825, 1726166052, 3872994617, 2143222484, 3769552935, 
         623826970, 2589405213, 3254253131, 3301873473, 794774999, 
         998244612, 660579162, 1607652238, 2063694443, 4158564758, 
         3996073326, 3103077755, 3156193431, 254759232, 1519389775, 
         1717799304, 2414981631, 2080364568, 2959933104, 3977421917, 
         1702901028, 3609733647, 4245938185, 2727693602, 901770419, 
         2378401019, 103117015, 2220860769, 2790924707, 2533149076, 
         1493180148, 3259064817, 1098335868, 3097802387, 4151695289, 
         728286312, 2762269893, 538389833, 1567679320, 2287889066, 
         947494170, 1659776813, 1746238125, 820164129, 1678684820, 
         339025704, 609908318, 866836419, 3570188798, 1847853856, 
         3807802122, 2392607175, 768472981, 3414913440, 1213285693, 
         893097010, 2367755681, 3967069268, 2056542834, 3143245821, 
         2081007498, 2632698890, 1851132515, 403051178, 2648854464, 
         442260834, 532177625, 3764908495, 900295881, 2229999569, 
         965174287, 3406655904, 992834044, 984865721, 1564521656, 
         180829854, 1410584916, 324787333, 17585139, 2183754260, 
         3232926607, 132138710, 3224663768, 4054145081, 245235562, 
         670004205, 691209306, 341813087, 354573956, 3517896700, 
         2855967392, 345132119, 1994874176, 1047902525, 1348153006, 
         312083465, 457230717, 3527351456, 1922542499, 3244143425, 
         3899618721, 4186856051, 2883094605, 2970678341, 3150468578, 
         1131671595, 525952963, 3573292334, 574574909, 954831899, 
         2538017128, 1563128652, 1311956066, 2339416391, 4276377281, 
         422866796, 1601828367, 1930052141, 909427871, 336501627, 
         1183665951, 2830292624, 1113578694, 3612353883, 1959371159, 
         1490894052, 1030410565, 3693134384, 2332644417, 1692389660, 
         2191036843, 4032892456, 3329641034, 1494966990, 2058816722, 
         11150957, 1664390513, 2032579069, 1179098533, 1831511015, 
         1324582182, 190374778, 3477900488, 253166754, 932114119, 
         804278398, 1622432021, 783818027, 325081226, 135263646, 
         776589480, 3041500522, 789388001, 3437861264, 3901866689, 
         80034954, 2721811386, 825639702, 1788840713, 3922664426, 
         2354921129, 3263912701, 3707798146, 626050946, 3589387813, 
         2824218918, 4129698048, 2440129674, 3516488954, 1440716882, 
         2155737261, 1618369762, 917133009, 1178713933, 1755488555, 
         801983168, 2590204334, 1591526382, 3095149669, 3623877561, 
         56576119, 1364728385, 3109671298, 1699078769, 2575761188, 
         3758774443, 2563794591, 3383048385, 4128363534, 237334870, 
         4082153616, 2389011240, 3425104099, 3328668546, 3014362756, 
         3314524615, 2957409646, 4091880850, 3634646445, 3241676250, 
         816577065, 2467866232, 2192755781, 3924740954, 2544512968, 
         2565600110, 2670444142, 3835144112, 1960318151, 2080345074, 
         257690399, 437008722, 3530268021, 878321439, 1900097104, 
         1619147785, 458203439, 2899741158, 985095579, 1378343370, 
         914128459, 1185936960, 4047571046, 2747141846, 3170108249, 
         697109699, 3920783199, 2513988702, 2249587804, 1051475362, 
         2379673531, 396369473, 1663829316, 552540864, 2664401381, 
         1758808615, 1241911087, 2190885489, 3010260389, 558645672, 
         2406555423, 2721584281, 102752948, 2502126975, 3388415104, 
         2837991452, 350799890, 1679293050, 3821711117, 2879220788, 
         3899200243, 705413158, 3969489678, 1883053202, 3331463144, 
         2784680442, 3261524520, 3300586768, 76041636, 876235262, 
         3291707793, 2180693452, 1659335082, 3140444617, 3500751227, 
         2252647960, 3548936672, 3098148593, 2727497460, 3517833257, 
         1831211347, 3953762405, 2120105940, 1521563885, 3486941001, 
         1528897699, 972035555, 1528990004, 2192509947, 2707686036, 
         2072818114, 3857544005, 472007572, 2865732518, 1915474235, 
         2531628873, 879776862, 1884842660, 179098604, 4234475543, 
         2154816715, 3311079430, 4143819898, 1425533815, 949427057, 
         2331650593, 3044942830, 3815510466, 3919600146, 219110177, 
         1390019891, 2933730426, 4020059580, 1584974381, 3329459029, 
         777441613, 1015268546, 4164002749, 4023108625, 125420619, 
         1368185778, 529254065, 2915421879, 1206342583, 2744362394, 
         3737970533, 3744028391, 1910102594, 2301816599, 3101080709, 
         2670552943, 2789426623, 3031727285, 4147131136, 3428518678, 
         1957967905, 3989009330, 1617652472, 3297166091, 737934306, 
         873630068, 1687002490, 759710298, 1264349655, 969960946, 
         1256539735, 515529149, 3449377185, 2771188985, 471276962, 
         3283301903, 2587975467, 3263880216, 931515089, 3637752210, 
         792405053, 4061012025, 82788277, 1649218091, 1090144357, 
         1130146961, 556869976, 4071449090, 1360792242, 1463358520, 
         4093091940, 2680349225, 3703975767, 784943208, 2490061014, 
         813585891, 3463749360, 3914119480, 2860507975, 3933874204, 
         3878263261, 2611131429, 1012813132, 1223197329 ]
      </state>
      <has_gauss>1</has_gauss>
      <gauss> -8.82092300e-01</gauss>
      <set_pos>356</set_pos>
   </prng>
   <output prefix='spring'>
      <properties shape='(9)' filename='data' stride='100'>
       [ step, time{femtosecond}, kinetic_md{atomic_unit}, spring{atomic_unit}, potential{atomic_unit}, 
         conserved{atomic_unit}, kinetic_td{atomic_unit}, kinetic_cv{atomic_unit}, pressure_cv{atomic_unit} ]
      </properties>
      <trajectory filename='x' stride='100' format='pdb' cell_units='angstrom'>positions{atomic_unit}</trajectory>
   </output>
   <step>1000000</step>
   <total_steps>1000000</total_steps>
   <ffsocket mode='unix' name='lammps'>
      <address>lmp2</address>
      <port>9909</port>
   </ffsocket>
   <system>
      <forces>
         <force forcefield='lammps'>
         </force>
      </forces>
      <ensemble>
         <temperature>  1.08305080e-05</temperature>
         <eens>  2.06352825e-39</eens>
         <hamiltonian_weights shape='(1)'> [   1.00000000e+00 ] </hamiltonian_weights>
      </ensemble>
      <motion mode='dynamics'>
         <dynamics mode='nvt'>
            <thermostat mode='pile_g'>
               <ethermo> -6.71037004e-07</ethermo>
               <tau>  4.13413730e+02</tau>
            </thermostat>
            <timestep>  4.13413730e+01</timestep>
            <nmts shape='(1)'> [ 1 ] </nmts>
         </dynamics>
      </motion>
      <beads natoms='1' nbeads='4'>
         <q shape='(4, 3)'>
          [  -5.44297478e-04,   4.58226087e-05,  -4.84024099e-04,   1.48865436e-04,  -2.95714338e-04, 
             -3.30394380e-04,   2.60356128e-04,  -3.00139364e-05,   3.36576123e-04,   1.35075913e-04, 
              2.79905666e-04,   4.77842356e-04 ]
         </q>
         <p shape='(4, 3)'>
          [  -1.27489493e-02,   1.07329236e-03,  -1.13371854e-02,   3.48682970e-03,  -6.92645258e-03, 
             -7.73876343e-03,   6.09827896e-03,  -7.03010720e-04,   7.88355708e-03,   3.16384068e-03, 
              6.55617094e-03,   1.11923917e-02 ]
         </p>
         <m shape='(1)'> [   1.82288850e+03 ] </m>
         <names shape='(1)'> [ 1 ] </names>
      </beads>
      <cell shape='(3, 3)'>
       [   5.00000000e+00,   0.00000000e+00,   0.00000000e+00,   0.00000000e+00,   5.00000000e+00, 
           0.00000000e+00,   0.00000000e+00,   0.00000000e+00,   5.00000000e+00 ]
      </cell>
   </system>
</simulation>
