POD_coefficients: 1142
-9.5769792482979028136
-4.1545602116531350489
0.97633754723976473588
0.76111619979260392022
-1.0116771916087097249
0.77507851700850471932
0.03028564354435171399
0.92852485351048275053
-0.49885463903739329927
-1.856045916023123743
13.53131009795043127
7.2642946436544129085
0.47995093527677457068
-0.49946722477468291634
-1.6820027537713297949
-0.6496511473191136643
-0.14561072413796863345
0.22086773644901361302
-0.062198926856052154377
0.67145121056512890867
-1.9974575548963109384
0.20121899151530975303
-0.017830223436986199909
0.10043164925654968211
-0.20757800966219225325
-0.053003082063274975511
0.0036035668329649447363
0.23195041429429635871
0.30426066847939947646
0.32931670002784396711
-0.10273416582006700271
0.067560280257535632042
-0.067934971913916647468
0.17017854888685121639
-0.042881543085305603991
0.033887795278107271657
-0.011476942627517569551
0.26671533154964205403
0.071160383879494359949
-0.17154418327087508911
0.58333626610689781611
0.31107450812883863378
-0.070468566843008076384
0.027346710405333755911
0.033582280875921723118
0.022752808606625832266
-0.21565272169636989785
-0.0011246341199066503709
-0.1990845566611984252
-0.055814097047335115009
-0.065578035152764113658
-0.030946465834785944621
-0.0047566702322393078148
0.49749943640248966981
-0.15380916383978956996
-0.0096504662662620522423
0.20982080828944110751
0.11705342973303894949
-0.016715625690927382596
0.031376371298883203032
0.034307693592723370601
-0.0088547259838796989889
0.017196867735983382974
-0.0012327438673079798952
-0.0050468828313725132978
-0.0022040272100070402994
0.022013289347286961462
0.0066827361276580688962
-0.23891192260541999071
-0.11737625077762776915
0.35074832890784379824
0.14160584713766269371
0.23435510332619211016
0.027457670879775179784
-0.010364077486340371806
-0.0067465538805318494425
0.018383702493580792586
0.017024563013646767246
-0.0262395107600052295
-0.036962317833924875077
0.11926738696083051539
-0.046120793830641416966
-0.037282399767732322948
0.010330206912028872326
-0.16791310963774661036
-0.063216841799911008271
0.025005000625554961446
-0.00092900369700130397237
-0.063960043028106192131
0.018073072048987569999
0.05028604495851433237
-0.023358437306845121484
0.0022280271811900708052
-0.00027224348668745105726
0.00017362886495619279568
0.0021928953679888913558
0.0036133178926030474695
0.0028191852120511610123
-0.056379181354300651752
0.0080613053767111704506
0.0037059224102762508557
0.018056577670083458209
-0.043645885927037560148
0.004966370609441066522
-0.0043843454577627049076
0.00084240945119663681977
-0.0011992269821340035326
-0.0057788900517825540076
-0.0038859021255628184953
0.0029627382115657327315
0.0060782788378071824636
0.011504878697347793726
-0.032271929419339831502
0.11502928399977399576
-0.073707116374263650926
-0.0091191965512868802812
-0.012084205919757454867
0.0047540879765858058692
-0.011522258787681762329
0.01005460012677865736
-0.010532726878894638559
0.0025960294958809323682
0.00047028190706770232714
0.00012063531094014113393
0.00034509043628635919024
0.0010306351557458064572
-0.000644877685648605572
-0.0021416748466152454519
-0.075675717174517875829
0.015147247219871758789
9.6400742398001159576e-05
0.076037998475407653221
-0.037679864098434483199
-0.02157031918340445234
-0.0059607386017196221928
0.001998356898871844322
-0.0041991158724297419566
0.0020789073089899131469
0.012910310457637763984
-0.0015472409606347380627
0.066033999996093425966
-0.028673489467559452881
0.022890834399671856902
-0.018031719463384623947
0.0068297008861471627736
-0.0067823462554839541658
0.020924136139880498975
-0.0057964429653324066327
0.0012377390093413469935
-0.017538872817761085032
0.044695218375162160118
0.0092474194729591611963
-0.0046503086246742052906
9.0924608808439790451e-05
0.0034629341751373681271
2.2341832509267491513e-05
-0.001985885729881674798
-0.0020070745283422165156
-0.077965718908087941474
-0.022078868077972151063
-0.015569516307748981071
0.014579610492627653739
-0.011054739709635568248
-0.0016537311775699295446
0.011479724007748756676
0.0022880750925288514258
-0.018624120788436112489
0.0034728128880900477164
-0.0037302830137027351634
-0.0026071740014730936455
-0.083550969045711520611
-0.024185123398592123928
-0.00056459278387940641745
0.0033305392359621408677
-0.0044831609444000572115
-0.0017503517069456665366
-0.0033736377199214324409
0.013160040645980806626
0.0091888232437937790442
-0.0018124767257427689803
-0.000306718299219941779
-0.00062470766017023429597
-0.0011191114745023635069
-0.00082089958515355195782
-0.0041033900871827091311
0.0058838771577822447656
-0.0011749153331554319617
-0.0002260655845918110602
0.061562652784994460753
0.0016127542383230632043
-0.056379619936868859142
-0.0020064586544244786097
0.0081915468764274020769
0.001482175823248975139
0.00455379075958458647
-0.00048079795623370515838
0.017246930038266574531
0.0096091873514137990386
-0.0045838585899195044213
-0.0017733730238853793147
-0.17854064513037884443
0.0015053615478219498948
0.029849527337641519609
-0.051208070108535938547
0.03404723327875133071
-0.0013332809205591675782
0.0055595878950784292927
0.0049664325381999019707
-0.00037126679379225575525
-0.0073807478856282712418
0.0067655462844926732291
0.00033352961497420529225
1.2147042578568524695e-06
0.00010677204292627703517
-0.00022129505110461808372
-0.00015091959375581855607
-0.0005168444242733266766
-0.00043992546285760849656
-0.0011065191364358617759
0.0017275397929278992794
0.019792685520463457888
0.014458678259520475404
-0.019737897518672643804
-0.0059362160458940995203
0.31218100837234152856
0.23212988543738505287
0.077273790875449416271
0.030063391376819376122
-0.027301512996342855444
2.1374488362316998696e-05
-0.016413671439250526046
0.0027817036724654964353
0.0050001371676575883177
0.023634951306104042684
-0.012259394069000537769
-0.0038610283567271320646
-0.0043795588096949113546
-0.011247687738612946115
0.0012989314123100733668
0.053519056705896204951
-0.057800962582272803758
-0.014907183098047884981
0.40876369981211307936
0.089392132275712396505
-0.135061562273299407
0.014451484700403824032
0.024252633121451712406
0.0018272827299912251884
0.011484984397871218775
-0.012625387208855240462
-0.060903516555738404503
0.051181514854986828733
-0.047987868721122255156
-0.0068593189961983621825
-0.0014178497175472996785
7.5894957389537848571e-05
0.0002770916168542430667
0.00013209822375174332435
-0.0022933264407287603896
-0.0022739316132860377083
0.015085780265072706863
-0.011453912693230516515
0.0021219910162236649276
-0.03073574705230750978
0.024166951535164456905
0.0065271820229054278509
0.013822640597296880979
0.0079441966452985374181
-0.0014892903185220844609
0.010012866941707556159
-0.0095708750433714222944
-0.0016273892161557559737
0.11043287977909686803
0.0074519208410305654011
-0.051658977849192280751
-0.02471519132132435001
0.026590285067338903513
0.0067049656452391557387
-0.0052401298408617886723
0.00079324488527434625779
0.0015386997135459587905
0.0063373435677099602611
-0.0039989235035768795623
0.0022492474918535394594
-0.0019422478169765237856
0.00010822257512520038836
-0.00035043657774845110792
0.0034005808257879777644
0.0036824500086852520429
0.0030786726775906777566
-0.00087884322861343474372
0.0005322903369421287537
-0.00025380746614439439685
0.0016249427121467505206
-0.00091977522537752985296
-0.0001866935816957667328
0.0019883520574877004521
0.00037401371525768025783
-0.0075289635540407000985
-0.00078779160724594453433
-0.009071243536595316459
-0.0021638894819518638378
0.016332771964586791785
-0.0021284682245856444659
0.0098563782426540763604
-0.019492211883813875123
0.010484085630549453555
-0.0015002803352011004866
-0.08193052965979998048
-0.0045010744173578131136
0.045818771928462460885
-0.030943565784689899129
0.021949571612088020212
0.0016522772881163894261
-0.0063970586172088497387
-0.00056872777404810305728
-0.002928334419597809074
-0.0049740517506910242665
0.0057959464401205534542
0.0003629792355692452446
0.01139428329139933159
-0.00090031250644093618017
-0.00021479311778787191917
-0.0044362432272684673706
0.0045943660673459481639
0.0022191805739334093291
0.0025693501590853527229
0.00084265475162478733866
0.00081764304165504297223
-0.0049015637276653319099
0.0043239739532644934361
0.0015746294328600643313
-0.00025904236809303447797
-0.00029250876808762017083
0.00078921237774242833894
-0.00013045580418617432799
-0.0010411946459968006006
-6.3205040819745236954e-05
0.020890397004645368945
0.01670488441762060447
-0.020752125824861512166
0.020669427424958281003
-0.014802595290146885673
-0.0020402374551141033883
-0.11925237218641576709
-0.03462472093003320095
0.011408474316285182118
-0.0094565163779137730721
-0.012387271641795302712
-0.00054388737213911407184
-0.0074866086248441291937
0.00033739943483542732218
0.0031569148901432523245
0.0034266250910553112778
-0.0039439252486933038325
-0.00022822137479679304351
-0.020209391573849530555
-0.00020371716846883262193
0.0062288604407974628926
0.003263665540929786002
0.0058885666855566882669
0.0024193430633902908607
0.023633755553277506489
-0.0045372400824059324481
-0.016104120966599667908
0.0060858623841395812978
-0.0067011963016041994901
0.0001131876671765415514
-6.1660523136752235906e-05
0.0001753172471865175404
-0.00015721826066328504915
0.00048340777320904522712
-0.00066895175234861134744
-0.00025438473338068449178
-0.05846914263717598037
-0.018239468893967394902
-0.013667477227343677662
0.017906128090626291516
-0.012284163897120056047
-0.0027519363301470260025
0.0024836754576980390498
-0.00068359925528303148827
0.00012810434976616994407
0.0015381026877489519314
-0.0010703436968845859208
-0.00010501846314530721086
0.0011223578870500424028
-0.0020576725540948689192
0.00029100125292150490772
-0.0021401159034791605688
0.00081056770764833499694
-0.00031358397457194645518
0.00010841442913483782232
-0.0020307226318226046478
-0.00023000131748399321946
0.00057034435828798107047
-0.00065459215610840263636
1.9508652912709110951e-05
0.0011191092075768242949
-4.7908518941982968658e-05
-0.00042086838279931787499
-5.8523226771444215063e-05
-1.0362122386257857965e-05
-6.3988749245365658279e-05
-3.6917604899393913155e-05
-5.0805459538796933906e-05
2.2601190127662605916e-05
1.5039976320728791031e-05
-0.0005904128673098278093
-2.4425380882786069297e-05
-0.00019877374235983787045
-4.8690496968333465814e-05
2.0879719552934716901e-05
0.00074983821095480707522
-7.2106828567987933144e-05
0.00038475206907455280483
5.8069195203727926665e-05
0.0050112437056118314116
0.12196494356814227555
0.015122260781373918909
-0.15051263452978674851
-0.080819593744251336243
-0.00066963314626654075329
-0.035983721565798716668
0.0055136172507498151796
0.023954508872187574992
0.0052035308205112358257
-0.0031038542393899359005
0.042441687711329091626
0.001057607833797064717
0.022570012834675252933
0.0020979714840706643192
-0.0031615153589711554767
-0.0036930573363614157406
-0.0016095677606256370267
0.0015221179587131834082
-0.00015664024506005947562
-0.00052906340050518682171
-0.0049497512745499960829
-0.0055377858178842324921
-0.0097410017021629605877
-0.0034770305383192896299
0.053496792582447189046
-0.029784853399603607171
0.090481548238003570162
-0.35203896773875514858
-0.30829590676522700132
-0.033394308419779548947
-0.13907244587431497052
-0.052491412211468052584
-0.080940632709458795735
-0.0042348167870635841994
-0.030933048836117606889
-0.068508143898735551769
-0.0015216979361735586199
-0.10815848031257405126
-0.015135783386486426072
-0.0023414451118275148543
-0.018595950676897652493
-0.024918121202296854289
-0.00077154395904712727225
-0.0028129300217958541283
-0.0087029491511359160366
0.0043879985170812039683
-0.017610565782825535197
-0.033468051358889250313
-0.0078303563983507448731
0.017889214948637158914
-0.014149562865905060405
-0.011979971012171866662
-0.14375654249060462742
0.14607931455985320723
-0.0039222406722877198662
-0.028896567586681170398
0.0073678295461399598634
-0.0018947498613635334937
-0.032873974834756639063
-0.010468275726796190048
0.00048398156323585820801
-0.011221846327966251977
-0.0043826394983859833301
-0.0019086524930977846574
-0.0025525474269564177657
0.00038816298959587621983
0.0014776277574119541392
0.00057355165708136267994
-0.00089181197096861177746
-0.0010015396103953101096
0.0022265994664609212172
-0.0091157241802295313482
0.0014824249802060549767
0.0012928440149267718656
-0.039794116018008855729
0.34814490538806219799
-0.14431588152630581146
0.030198938521121397593
-0.056858302020675967337
-0.0047953138304322982799
-0.13496200920170886572
0.0090502327608478934373
-0.089526543206900260907
-0.019394880885106425411
-0.031225364772130947966
0.0065960487775858309828
-0.0091936943901991582256
0.050493034004627054823
0.0051454198694104048145
-0.0071377627361171981993
-0.017912550580514229742
-0.0091458412794674474877
0.00028998082770826093821
-0.0025284075867882146831
-0.011327474907673742294
0.020345034981358426501
-0.022538489311961375228
-0.025032991627179746602
-0.0092104025764899385975
-0.22699213948439131427
-0.22215532170886972962
-0.17981965091521240341
0.14193024215078395289
0.067609639908658022978
-0.025847177079761241708
0.024234279753599347051
-0.093914656012338046387
-0.07951447141466741475
-0.030262537518507402756
-0.0071303987407326362841
-0.079762821223423763239
-0.042171438350218901081
-0.052431180499133749062
0.0040730072178564264915
-0.011585325561266051481
0.0041621414202704098972
-0.018611328637234969552
-0.009165651122182663646
-0.0083691148419496458333
0.016995141952692617571
0.024191608433529337291
0.040116969607628172323
0.0021801075846315321263
0.011451347472891908533
-0.06006945970061740997
0.34888033877315172138
-0.20846670992699709024
0.095314106323851413571
-0.23816064570745354434
-0.0011996510592994957985
-0.058811259668755715146
0.00025887247411586505495
-0.068048379507121128928
0.025277576963751307443
-0.0036713047944012316623
0.0069949218590408873339
0.0113551739380233635
0.027725366078422537114
-0.0046815185905397672245
0.0037128063195589911666
-0.015012452241015994403
0.0084395966380694312226
-7.4889755836429557794e-05
0.0024624235087454902221
-0.0082857482539931432558
0.021957258328628395661
-0.021502011711391710858
0.0029728922875733522664
-0.0031003545186577613144
-0.00041022223655421855915
0.0013418465719147107396
0.001718308066779986043
-0.00040207870315680312341
0.0059610633007978362438
-6.1549662443739052155e-06
-0.001915858716957337133
-1.9422414383399621608e-05
0.0019282204772717273684
-7.7348521331643669039e-06
5.6696881145761621277e-05
0.0011909606347013535627
-2.372744422231215847e-05
-0.0018758166168573945764
-0.00086800445831180389217
-0.00068638749523830240671
-6.4900539657267893577e-05
-0.00082448774516283719182
0.00091424342705719659381
-0.00010832537972371657198
7.1310722080777258036e-05
0.0024485037000131107225
-0.001385992598116495304
0.0056729422203092199142
4.9221807516814932934e-06
-0.0099501495383356262231
-0.089131419308671397395
0.046065307989777391773
0.053097201787720760269
-0.022481514587188482918
-0.00017150458793999074974
-0.013623805728702748433
0.0020130050570559185862
0.0017648553979306689544
-0.0068834017004245056509
0.0019673705751325309792
0.0058745726868232586368
0.0044883368720941120913
-0.018299726951821939508
-0.011986764040930367181
0.0051588483371191144744
0.0024175121851183873321
-0.00053917724069937314393
0.0025915346482886579375
0.0020215408644423255025
-0.0031376120183805086133
-0.0046068845129619484177
0.0017271680128121849693
-0.0025435407595226916522
-0.0016382701710803459008
0.0015210712920556094391
0.036388485796059064081
-0.015353477630014945518
0.16005298072381429764
0.10002189246519728461
0.0015307101598310663641
-0.0042896213579250485129
0.0021659088647637205101
-0.023949331172862856759
-0.015643751741431084074
0.0014222650096446902424
-0.033579920081169653545
0.017615830052229258101
-0.0079750562367460510471
0.00077351553106849170981
-0.00038703011449012653935
0.0024809145081637401162
0.00030331280063969096473
-0.00091678414461756696854
0.00035299416144970389552
-0.0032899585650039068867
0.0083412734813384410704
-0.0049140773774032338664
0.0033758151683182177627
0.00063416261328939514327
-0.05227434937713974078
-0.3981106273441136767
-0.021241409336349846571
0.081879431947938410841
-0.2267994783438239681
-0.0047268587146422859011
0.025733475350193647097
0.0012341063711624545088
-0.062522700005279596702
0.027343939315274359836
0.011890362626993240119
-0.015961118223865620319
-0.0097784806411889985817
0.0094350208650268822808
-0.0020237381683936668184
0.0020051459086351001646
-0.0015336341475583668663
0.0034068624161827584795
1.6920276451648879582e-05
0.0013028962711890733697
-0.0016651438108992524818
0.019043261988007400415
-0.0040906211153642398765
0.012518179383752176675
0.00093145252142011957745
0.0022963884009282405953
-0.013637176430453314471
0.0063655644928666552454
-0.023710436319550168976
0.0076923789159041248281
0.00011911951271248457881
-0.020226875591325677722
-0.00087225323556457004612
0.0020619323308754431909
0.005063071039779161453
-0.0011562172356764550962
0.019430560853181951669
0.00035829921370260950191
-0.0067568847866359676296
0.0038613491746328017402
0.0017439837415004124516
0.00025310004744024338329
0.0024583951266470616993
-0.0022128079601499046902
0.001113709139910370018
0.00032878419908893472511
-0.0026260871240404420196
0.00063534818906209951546
-0.0046301659259317014261
0.00025013750931968055423
3.8557035639135682503e-05
0.0030273276283323707382
-0.0070015868952535550637
-0.033276509480746598035
-0.016131020015010853058
-5.8924989710816915952e-05
0.00061921794484306601387
-6.123290540081097774e-05
-0.0010794805650858696564
-0.0013226839002383448691
-0.00035197814901418653924
-0.0049388507197599667425
0.0028286892327520434497
-0.0028039114987959690151
-0.00065331490492808678289
0.0010941710324746630519
0.0034062604779066469121
0.003072383139581992377
0.00059798367624106982515
0.001163708870432842617
-0.00012858023118562730163
-0.0022706960511340891495
0.00025563241387008901924
-0.0046472098109262274454
0.00057815701538493793985
0.0012710435462360445899
0.012562291076168000462
-0.00010938664908612639949
0.010474507183341436739
-0.0090733440249860068672
1.6850519697754539966e-05
0.0012576090558956984702
0.00023158767173399072794
-0.00092123974816070788602
-0.00020080287597170297636
-5.6958673696453772611e-05
0.00038225407307751170993
-0.00043803665583369121982
0.0035856298704648663193
-0.0024835376361897454865
0.00017927222743494198752
0.0029583341524040481126
0.00073962781654072248631
0.0013022188326791727438
0.00047089891194614780495
0.00050534621545801205068
-0.00089873556571119686109
0.0010282962206794520835
0.0011406541255600179553
0.00031879357724557853479
0.00484547079789586152
-0.027180366121628302123
0.01345244289051465876
-0.026368043650822681201
-0.077672319707308243308
0.00072635030674768384998
0.024589872544958767814
-0.0015482200821064014302
0.0078651907720602605434
0.012774891810480951473
0.0038856080115619471768
-0.027839731059396098656
0.013292945632619785137
-0.053260899886420742799
0.0065329168145849365532
-0.00054782559749033850338
-0.0028135106316860419851
-0.0062238604206221468176
-0.0011796200911497491375
-0.00072941094741295201594
0.0023964654659610765478
0.01205180329032044112
0.0083903833750586555296
0.0020853441897184408702
0.0024365617449817094167
-0.017523262067910942014
0.023082023459878826116
-0.0091742786673313612977
0.028851923939674648661
-0.03442196814451276704
0.0094167945661270211627
0.037599992555625384727
0.014789484769881082807
0.034174431974091895592
0.02091176135076143125
0.0067342709029525786926
-0.041191928851445416826
0.0070135126672927899927
-0.029240620910009926942
0.011878273395129935672
-0.0062533999070894571298
-0.0037763733301894013977
-0.0093253349459374561964
-0.0015900906138014393124
-0.002182344182732358015
0.0026379533705842327443
0.0042312205666334562482
0.0082311430893007957177
-0.0020513085322310148535
-0.0014643325998804214254
0.014274661684177597509
-0.19052423390344633281
-0.013167865249275748432
-0.011062839429001502384
-0.034312656063085714142
-0.0029152330022875153764
-0.0047325666403988247977
0.0035876007180517901531
-0.0067757680026828883552
0.008183533027854971581
-0.0053160804708438456206
0.02641533609011815012
-0.018525509883264592442
0.017448659645730509038
-0.0033388956809079963634
0.00047762624254946232363
-0.006343850245771203572
-0.00015601449741973832074
0.0010199102278511038271
-0.00027628517735521311832
0.00034126137542505658633
0.0074459551665386428804
-0.0013421440627747027296
0.012823823832093076552
0.00020839160415798361472
0.0021315797364404084208
-0.1581276014683831721
0.030108272977399617998
-0.01613162283061651478
0.067706514970663267405
0.00071600294888927431755
0.016858056166959626415
-0.001301531677163026042
-0.0040740467999984810929
-0.0032772883716863693455
-0.00024105030813478681498
0.0068971724741396745958
-0.0097309884084834114698
-0.011508819418222572886
0.0086697843328517650713
-0.00031900245408084506107
-0.00444523443854611712
-0.0013464260541037620118
-0.004116034039603041518
-0.0017702620087425245936
0.0031102371244674407655
0.0058843448632402914344
0.0031350142471582983714
0.011735157662754354402
0.0039980157208914833891
0.0084872683017932874783
-0.023599804625436753003
0.015563047992155019592
-0.029921409422482829477
-0.032767620767826063921
0.00031490618751529511751
0.015541988468264858816
0.0026314429232420031429
0.011579996486138832701
0.0049672588882436891078
0.00064563467823697078245
-0.020369923754336213134
0.0038635451975825799847
-0.01884962684836836988
-0.0025061500638974970601
-2.9269539537743265948e-05
0.001615372185193723973
-0.00083810891789816259478
0.00078886355073105646121
0.000650270678122267967
-0.0023561125739349074622
-0.0043169894179562930819
-0.003181054608673257629
-0.0062351639541611469583
-0.0019386837036859554985
-0.0062865865725144848622
-0.043540509045579690872
0.0066286446580284220584
-0.025772705696973000067
-0.0044548592818902830667
0.0010339600345037171583
0.0035311229923625708435
-0.0012573685832378228653
0.0046721412732912172283
0.0029264150024271768681
0.0010069966667750657359
0.00059457295124301623966
0.0012492119372946206782
-0.0030116383071936048306
0.0010795567108111869987
0.00069090740841449638579
-0.0016922546214236755622
-0.00050648649305098610886
-0.00051197921109963709114
-1.5134856808325496712e-06
-0.00055521359460244707092
-0.0016349874296039759464
-0.00061916045701627400125
0.0010540164248365358098
-0.0001935501119612530554
-8.0477277768608985434e-05
-0.0075152004199815648083
0.00067336747413357942241
-0.0059327786281925002851
0.0040036716567806666239
-7.8880415880139262744e-06
-9.0304372817506600794e-06
8.4028585333617217333e-05
0.00077567237444452338466
0.00034526536978279892673
-0.00011378861612332971209
0.0006868341891020620163
6.7692970288914334283e-05
-0.00015201072060491954262
0.00060820019807596679973
5.5008097854315524296e-05
0.00053729195908331132091
-0.00015864669445620933354
0.00047222062503846681369
0.00016406298433815796911
-0.00029082738541095023727
-0.0010251774953319099833
-0.00020204386632068866499
0.00045636289789719824929
-0.00016753278403971918337
-0.0091388727473553834496
0.14121119982923038827
0.04541317580094722528
0.030597629309255702096
-0.05808578547663066638
0.0073704759045282964777
0.024530886655702462823
-0.017008916980862966162
0.020137778750213285867
0.0051106613328393817736
-0.0016919873324270171683
-0.0079059636551819315042
0.0018936868045232443589
-0.0014004340921767784601
0.00029378900925282005639
0.00067886204508670739115
0.0025179333038365262279
-0.0024052293562617059475
0.00097976917571035242703
-0.0012248421758228270756
0.0058010993103742173119
0.0024204356003447611775
0.014333444289530861832
-0.0022017066852646986069
0.0035845913157841963539
0.0048246710744023896256
-0.19193398504966732721
-0.038370594790373156735
-0.050170419518603522058
-0.10611286412761410103
-0.0026051984393030804335
0.081101927772548321194
-0.004639560752335577555
0.038342562188757506325
0.020616112106894630973
0.022956040799112942957
0.021628948302878949622
0.02513349489643981749
0.034589636227996857498
0.020198366008428975116
0.0018984859227885442483
0.0014850939598101957784
-0.0032082775592128347231
0.0001154983855824336282
1.4342343141372899896e-05
0.00078335225943007460829
-0.014941817943329278873
0.0040094954697569677726
-0.0052022167345337532243
-0.0017432814354332467049
-0.0040607636525422470195
0.041808059500953079213
-0.029944086489882362073
-0.028300405391914217057
-0.052836082419286500844
-0.00015167661167585534134
0.0092819127007834033305
0.0015022292645066619068
0.0077733961469590544258
0.0050076631512627062248
0.0035438439566022840108
-0.0044180846612555252362
0.0085468330379446563055
-0.0017822721036664932511
0.0011455531787833523813
8.3210930482454620425e-05
-0.00074041025607038640603
0.0006963707534206931048
-0.00068040498846222560378
0.0003256663611707451755
-0.00069650649374163595747
0.00016445830133372758624
-0.0026761159511154066631
-0.0024164926387438370216
-0.00036518324563114773571
0.0029399569067011803621
0.032032229954003670069
-0.01871254536831897311
0.10319152211192512969
-0.0016523890089578008485
0.00047731858185951056475
-0.01526243933100988881
-0.0012413055329552338205
-0.021380070313819984906
0.0031152670369494926336
-0.0047240112508651777717
-0.0065481970688212676537
0.0031349775815752989327
-0.010224499112556940938
-0.0079033158024154268051
0.00062625774624757910274
-0.00013528996136518513021
0.0015172332521009364737
-0.00081648172470505278164
0.0010607584966279232173
-3.2888685785043987576e-05
-0.0055443668032467028836
0.00070904599465955247487
0.00062678740371678901781
-0.00061801305832019821918
0.0029664995197705066286
0.14216584684208816158
0.00061543269250061301799
0.033231293090222047137
0.0035647644489024072137
0.0016534415418836127028
-0.024803594111889464696
0.0050698519625522629403
0.00056653426401927372245
0.00013817760976105337837
-0.0021585329170575881866
0.0015857880777471382392
-0.0018692282663088622373
0.0048662104331758937459
-0.0064575795699524833962
0.0019109693811784102258
0.0013949956179133869098
0.0032040893547427475724
0.00082057948230379563429
0.0010929574281279938637
-0.0023366452238506012912
-0.0010579110186918262194
-0.0028546681111235572802
-0.0054621784854115120258
-0.0014781940210807633859
0.00012982099613626291363
-0.003361482535524297488
-0.00020939668323029933463
0.0024086122604084696068
0.0038330459964832758711
-5.8044322501902069183e-06
0.00095436305266223802474
-2.4981884604098116167e-05
-0.001135982840317782596
-0.0002713560371733329292
-7.1099398158082179251e-05
-0.0010451191566666080245
5.1293256951759767424e-05
-0.0013725967347693367529
0.00048659899744730051446
-1.680841768984653572e-05
0.00061329113914090438529
0.00013008768041881165617
0.00020126140668820453926
8.0046693994334844531e-05
5.19301720029196782e-05
0.00048352533108696063927
0.00012948030073025817402
0.00099474741244750999186
0.00020081779601819314558
0.013121620027206074705
0.11879822774301182498
0.072289032130522776209
0.076228590398819143226
-0.013113116868164697432
0.0019554655167518708754
0.013729354544514273118
-0.02627669903433013654
-0.0065284211000943143111
0.011769928418232976711
0.0022380236521905337924
0.016037754740118450453
0.01410159119659246986
0.012691529688785162591
0.007411429603751628313
0.00046510530072595959641
-0.0012442321962461162094
-0.00022455903003233787952
-0.001293956312315011712
-0.00028048029796041095384
0.0030555336124125408517
0.00041223930220172415664
0.0057496412600193747347
0.010545561513289026037
0.0015992150539055262782
0.0032038002261311252471
-0.0017692611850911299769
0.0072599908975602527039
0.0086635668061511381804
0.0045792835539647021997
-0.00041430116049062399447
-0.0040260734507582690567
0.00041452382908820409844
-0.0055699328178736295936
0.00050477345900439983713
-0.0005123692366274860922
0.0018708481110340927697
0.00078433444178255653026
-0.00086582658283232253899
0.00042390694867355631359
-0.00028200835416451036902
-0.0024330134561482965813
-0.00019324046411668005128
-0.001332875572358903837
-0.00027644297427423751958
-0.00094780369569995347526
0.00029193707823773441335
-0.0028202537037791738234
-0.00059696032916830557222
-0.00066275004231758946442
-0.0058652863691704181306
0.0019555865657396869113
-0.010753590805349296303
-0.00079472709547101505478
0.014977773470078118573
-0.00056173373168748980903
-0.0037389095270408947633
0.00012267421382350490711
0.0019930310170532938158
-0.0018129258065603273773
6.2036494068545326394e-05
0.0045501195443339000415
-0.0018351474612882351205
0.0027373545960235278439
0.0010448620177669490708
-0.00055982283657985884833
-0.0013787785946400539852
-0.00099757550030820556566
-0.00060252471133755841626
-0.00050691240832370144422
0.00050250575414579809735
0.00026363513000658922664
0.001098202687987390961
-0.0012202174729240126711
-6.1221273676006230042e-05
