23 1.777747557 -3.492096799 0.4999833772
9 -1.504573524 4.5003357507 0.499881119
14 -3.593346295 -4.079478798 0.4996447752
16 -2.504448341 4.5004712224 0.4999803344
10 -3.579038981 -0.110447005999999 0.4997721172
8 -4.5000910941 2.497038418 0.4999033242
18 -0.892068133 -1.124158881 0.4999412306
11 -4.5007521028 4.4964495223 0.499349178
17 2.496184614 3.63520192 1.3650818592
7 3.500609988 4.5002518564 0.4995491064
12 -2.670897425 0.385134808 0.4996563098
19 4.130861187 -2.031997472 1.3420844832
13 -4.4994016039 -0.502308366 0.4996701882
6 3.634643031 1.868396401 0.4995850472
21 0.495264667999999 4.5003315776 0.4998162976
20 2.612941495 -2.942271588 0.4999589272
5 3.410513879 -2.716031302 1.2309531604
1 1.855321249 -0.697359048 0.4998681664
3 1.492483294 2.701456337 0.4999731858
2 -2.004772133 3.634556374 0.4999603508
24 3.494539851 0.878346363 0.4998479288
15 -3.593218603 -3.07978668 0.4997078944
22 1.296120489 -1.525888167 0.498931062
4 -2.965881239 -4.500569906 1.1540947224
33 2.699604467 -1.232172013 0.4998971756
31 -1.004070822 4.5000802154 1.365885387
48 0.995216749 3.63429996 0.4997774642
41 4.500214804 0.368378753 0.4999298238
36 -4.5005298974 0.497388109 0.4995623988
28 -1.210613696 -4.500396777 0.4997212104
44 0.841361402 -4.50011141 0.4999100322
42 3.506519854 -3.390711975 0.4995787316
47 0.495526024 3.634097707 1.365928512
38 -0.0244284950000004 -2.905790942 0.4994271714
46 -3.949344308 -4.500313615 1.3338999244
39 4.500720286 2.367827033 0.4996029004
30 -0.705081046 -3.638151806 0.4995762636
35 4.500116126 3.500099301 0.499782779
37 0.777966276999999 -3.502235602 0.499960099
25 -3.579944942 2.888322594 0.500023417
32 -1.711925821 -3.632955825 0.49997382
27 -0.00470451999999977 3.634687389 0.4999528096
45 1.260617033 -2.584861871 0.49997382
40 1.01129435 1.005628177 0.4997598924
26 -1.0045196 3.634691976 0.4993728864
29 3.635551758 2.868165015 0.499953135
43 -0.50464489 4.5004659768 0.4997416176
34 4.50004539 2.933594663 1.3237734196
53 3.500139667 -4.500042015 0.499974295
61 4.500151467 0.895418571 1.3803060668
59 -3.246288172 3.830518911 0.4996174914
71 4.500304424 4.500089931 0.499564145
70 -0.158606368 -4.500008857 0.4998872312
49 1.341105719 -4.500230172 1.365996031
56 2.494542208 4.5006202551 0.499429341
50 3.637530743 -0.136830733 0.499908515
69 -2.210299451 -4.500076456 0.4996615122
67 -2.711808232 2.384844711 0.4995786946
55 -1.811976822 1.817448551 0.4999563366
57 2.688580494 1.838608993 0.8205807256
51 1.710861975 0.291709271999999 0.499505978
64 -4.4812325308 3.496714039 0.4998743278
52 2.503588045 2.76715736 0.499479061
68 -4.5001843169 -1.502057664 0.4998231866
62 -4.5001178548 -4.500587194 0.49963454
60 -2.736305691 -2.562451455 0.4991955282
65 -4.5002010247 1.4972494 0.4995872804
54 1.841558913 -4.498511809 0.49997382
66 4.500069843 -4.500076453 0.4997955272
58 -0.504977848 2.76901692 0.4997757722
63 2.996851285 3.636710386 0.4996950258
72 -2.712988674 1.384654202 0.4998680854
82 4.500287117 -1.641758177 0.4993995768
87 -3.580218361 1.888721627 0.499693982
78 4.130169439 -2.570692439 0.4994981638
92 4.500259802 -3.500135416 0.4999033004
77 0.494756016 2.768820502 0.4996955318
74 2.003045388 -1.378555139 1.2170813804
93 -2.708534174 3.207675447 1.0678208324
81 1.495024384 4.5001698629 0.4997080546
95 0.633004209 -2.808436977 1.2462371128
79 -1.504843748 2.768860181 0.4997729994
96 -4.5003281499 -2.501635229 0.499386617
91 4.500389849 4.5002917992 1.4991542496
89 4.500208985 1.36815892 0.4996067374
94 2.495136557 0.911856452 0.4995224186
90 -2.712338356 -3.568244486 0.49997382
85 -4.4987421448 -0.00233840299999954 1.3655003356
83 3.766877984 3.766931671 1.1248614478
73 -0.684847553 -4.500064627 1.3501098464
75 -3.58040719 -1.110081582 0.4999535498
88 0.995403566 4.5001783001 1.3656873432
86 2.446839006 -4.500229587 1.2963521604
76 -0.00435931400000023 4.5001105015 1.3659861412
84 2.639791263 -0.0775123239999997 0.4996600504
80 4.500452682 -0.641528804 0.4996760284
106 4.211839246 1.394959232 2.197062694
116 -1.710473549 -4.227311273 1.3216228844
107 0.0941037260000002 -0.94456352 0.4991886178
98 -4.5002660347 3.979923517 1.3750259878
101 2.997558649 4.5001802284 1.3633823704
105 -1.812641939 -2.179851109 0.4998001296
103 2.671453487 -3.940487596 0.4993790516
108 0.91130271 -0.368489469 0.4999002862
119 -1.890096007 -1.182957596 0.4995949714
114 -4.5004553765 -1.002117033 1.3656490896
115 4.500031621 1.896596281 1.3814991902
104 -0.767264107 0.81918975 0.4999102538
117 -4.5001162131 -3.501093176 0.499877364
97 -4.5006343585 -3.679862011 1.4835837344
99 -3.261197572 0.392705993 1.3063596088
120 0.421595997000001 -2.010787226 0.4999765368
102 4.500284972 -2.960886587 1.3418948266
100 -0.812303012 1.817821788 0.499505001
109 3.278430681 -2.047177263 0.499730762
112 2.802184805 -3.494420012 1.3846319146
113 1.995426386 3.62883435 0.4996833242
118 -4.500281243 0.997410902 1.3651986086
110 -1.767180584 0.812667594 0.4995394068
111 -3.603484861 -2.094871991 0.6703225308
127 2.140523091 -2.061175684 0.4996442096
126 -0.576463007 -2.072604187 0.4993084496
141 -0.0313528619999994 -3.581744633 1.2358153446
133 1.995260637 4.500371952 1.3654872112
137 -4.5001839683 -2.672437967 1.484272491
124 3.667146964 -1.141442717 0.7344138754
129 1.750572668 1.71020664 0.4996383334
135 1.765489562 0.999828323 1.2030925006
123 0.698631663 -1.228974698 1.243191352
144 -3.581020005 0.889141449 0.4996759462
140 -1.645382879 2.900072086 2.031263698
134 0.238727658 0.371198172 0.499697031
125 -3.695426488 4.5003383969 1.090343807
131 -4.3168225703 1.996864452 1.3461892288
132 -1.226514515 -1.761951501 1.193650347
142 3.069250797 2.817005969 1.3224607634
143 -1.808378593 -0.186378457 0.4998849562
136 -1.501375607 3.632677896 1.366387764
138 -4.5003096549 -4.50000161 2.168133636
128 -2.003804301 4.5000235884 1.3661159716
121 -1.134544705 -2.814756391 0.8696309272
130 1.996608137 2.769331423 1.3609315758
139 4.280009854 3.653156508 1.981972591
122 3.182500997 -4.495087451 1.9735000802
156 -2.71233203 -0.613908198999999 0.4998614262
151 -2.255435742 -4.500084897 2.114410936
149 2.173441932 0.101653963 1.3656702836
146 -3.561981699 1.342475677 1.3906297338
162 -2.059640522 2.42311195 1.2563787496
158 -3.526923035 -3.462068954 1.4210739232
157 -0.603843041 -0.167041875000001 0.499967501
168 -4.4976438421 2.979942081 1.3755233632
155 3.63408854 0.3957996 1.3643386924
145 0.0754208270000003 1.35776895 0.4998093568
153 -3.662134043 -1.531565572 1.4942674356
161 4.50046085 -4.50061776 1.4996214942
148 -0.300329123 0.513236683000001 1.3294805396
152 3.634464185 1.395822741 1.3806850922
163 -3.053859523 -2.448390049 1.4398418208
154 -0.265167837 -1.494226064 1.25251521
150 4.500179583 2.471009293 2.210236748
164 -3.616523335 -0.536800793999999 1.403396945
167 -1.265489684 0.291831187 1.1901975712
165 0.849230963999999 1.915537289 0.8801813144
166 4.500265854 -3.66604119 2.049991876
159 -3.976947411 4.500062613 2.049832606
160 1.495412568 3.634404282 1.365473769
147 1.030055693 0.322907859 1.2308602108
171 -2.317534663 1.470039517 1.4142359414
174 -2.084524488 -2.96042299 1.144455757
183 -0.621796841 -0.346885018 1.7246326334
173 -3.632010846 3.484374545 1.354638395
192 3.689981903 4.5003333236 2.084319288
182 0.341176119 -4.500264821 1.3660463856
187 -2.317546595 3.738350032 1.9332114072
169 -1.418091529 -0.720567794 1.2496502312
189 -2.265379793 0.0608718990000003 1.3542777464
190 2.034900038 -2.683768129 1.2747548346
177 -0.503786356 4.5001552217 2.232299622
180 -1.049079218 2.372949286 1.296765799
188 3.690967475 -3.945824515 1.3103487146
178 3.282014766 3.593558621 1.9817586164
179 -0.461787573 1.408622673 1.74363394
191 -0.323480439 -2.504356536 1.365036985
170 0.854753563 -4.500284139 2.267274804
172 -2.753903301 -1.584923616 0.8020130848
185 -2.573607983 -3.700017679 1.60595243
175 -0.502908707 3.580274365 1.3652348842
181 4.500012277 -2.687753003 2.30384576
184 -3.943627367 0.498900728000001 2.029374094
176 4.499850483 -0.104376991000001 1.3810178372
186 1.437726468 -0.574320216999999 1.40004188
213 -0.0976026660000002 2.11203256 1.1337010554
214 0.392312953 -1.980956817 1.826852113
210 -0.990210471 -3.562132264 1.5181266224
199 2.022282108 -2.002256417 2.00904205
212 1.819362169 -3.633034126 1.5029243416
202 -1.309506163 1.333791989 1.2191527316
198 1.325311624 -2.83082991 1.9671561974
197 1.269748303 -2.044776016 1.3523619866
208 -0.185169608 -4.144877282 2.139863712
207 -1.275751328 -2.53943922 1.8205217068
193 -2.932693934 4.5007005685 1.7353248614
203 3.030920623 -0.584074115 1.2677265098
196 4.499884569 -0.0162513410000003 3.15720918
206 2.771337973 0.897436633 1.4601604012
211 2.576331928 2.061831686 1.7883802418
194 -1.257008405 -4.500012931 2.170182048
200 0.995816812 2.768424279 1.3810452308
195 0.495985162 4.5001679697 2.231810466
216 2.284791612 -0.724089899 1.9184577632
204 2.746083369 -2.691260395 1.9775348552
205 -4.5000352646 -0.276885755 2.32679172
201 2.84520848 -1.890208139 1.3872109968
215 0.262135113999999 -0.316524595 1.2586576224
209 1.996035729 3.634882499 2.23082913
240 -3.230497328 2.284759836 1.348379412
231 1.481117548 -4.500065801 3.046688492
225 4.500320741 -1.10410475 1.3859997494
235 3.576167709 -1.290386258 1.7188783698
238 2.498421541 4.4995242839 2.22956777
224 -1.775888214 -3.358314928 2.101862236
239 0.47634328 1.140205177 1.3894778276
230 -1.78598231 0.774267898 1.8970256626
221 -2.668366269 -0.846827915 1.4712391412
232 -4.1611452534 1.462931492 2.181899866
229 -4.0557037128 -3.176904996 2.22394784
220 -0.830430341 0.519886315 2.177344696
237 -1.889867853 -1.202487026 1.9880344432
233 -0.892318192 -1.269949654 1.997448484
217 1.557519304 1.899924518 1.5852360964
219 3.569595418 2.217510905 1.946834384
234 -3.310861252 -4.211408229 2.046926432
227 -2.151780487 -2.018247931 1.4724039644
226 0.157910516 0.668294419 2.211336888
218 0.0366332099999997 2.853725871 1.790630227
236 0.842645457 -3.668571901 1.7128028854
228 1.288669767 -1.323783531 2.044946728
222 1.946633935 -4.500424222 2.161808896
223 4.500061612 0.39635578 2.24656381
248 0.114008786 -0.961123707 2.008527708
245 3.615938247 -2.238928523 2.173689456
249 2.867698366 -1.595590791 2.354541452
259 3.134973217 1.373524021 2.260639338
263 2.77971978 0.180387241 2.156809096
255 -0.190266819 -3.145067502 2.121078486
264 4.500263573 -0.694555401 2.362729858
260 -1.612839289 1.902020798 1.9835160558
242 1.173505203 0.871725746 2.054097222
256 -2.79259332 -4.197787507 2.901796974
241 3.622598914 -0.343689999 2.037181602
253 4.082967441 -4.500739127 2.408140654
246 0.737341444 -0.141696229 2.120953014
251 -4.500018223 4.4995642996 2.902082526
261 -2.862620643 -1.663944394 2.079790078
243 -0.155773676 -0.199229292 2.59686147
262 1.487183913 -3.672365345 2.481849414
257 2.038885853 -2.846844354 2.666936934
254 -3.060976866 -3.076882855 2.217388824
252 -4.5003222607 -1.798407794 1.969946276
247 4.500416579 4.4865323259 2.66933217
250 1.714293333 0.0275625509999999 2.250898994
258 0.995958743999999 3.634169969 2.231693794
244 2.098864228 1.245782293 2.113027318
283 -1.503672472 4.5000223677 2.23203126
286 -3.262303978 3.715763007 2.259421124
266 4.500262885 -1.990539132 3.153037236
277 1.68240875 2.688525586 2.30660506
279 -2.771431399 0.846515226999999 2.050750732
274 2.000023771 -1.32895498 2.773741498
288 -1.540530664 -0.177446281 2.080137338
280 -0.990489497 3.626835076 2.237386528
275 1.372659006 -2.107489262 2.762251866
272 1.495759333 4.5003144117 2.231551952
270 3.599080154 -3.232943785 2.065843782
269 -2.867681897 1.835779108 2.164864312
284 -3.049959991 -0.140103577000001 2.125370364
281 0.567740954 2.010522135 1.8732039758
268 -2.275302176 -2.473565267 2.354082168
278 -4.5000000325 3.480360825 2.24128665
276 0.547626692 -2.636885095 2.56497051
282 4.500206244 -1.681521679 2.20233429
267 2.660370512 2.894930187 2.334182926
265 -0.679650392999999 2.290715223 2.222179834
271 -3.651042962 -2.26288055 2.219455682
273 4.500033214 -3.472702199 3.030666962
285 -0.623961733 -4.50011844 2.965147376
287 1.242563149 -0.677107479 2.806195548
301 -2.644305348 2.794541699 1.9776623782
309 3.762765011 1.955826483 2.892417732
306 3.514555412 -2.156828791 3.164924244
297 -3.646773494 2.808450181 2.091250428
304 3.743944132 -1.286733101 2.723849606
298 -3.631075258 -0.955775228 2.311259214
290 3.719198805 2.950459535 2.610450168
311 -2.289074661 -0.54755645 2.629552856
292 -2.130408834 2.350946731 2.711675846
305 1.633775745 3.56557901 3.160241996
291 3.002089739 -2.973790555 2.901771286
312 -0.936793761 -3.637094334 2.568748462
300 1.28216256 1.802842057 2.541212378
296 3.566102199 -0.353354324000001 3.035519154
294 -0.000402970000000558 4.3927355435 3.093120692
308 -2.432971954 4.5000403202 2.600850882
303 -0.372324593 -1.200766201 2.848719136
289 -2.305919986 -1.511178251 2.896055422
299 3.584808436 0.554588558 2.61687858
302 0.73013901 1.064992812 2.929074776
310 -0.484464369 -2.137624369 2.281312514
293 -3.643889999 0.0963722300000001 2.894035152
307 3.396977821 -3.885855126 2.795708114
295 -4.5002642788 1.67308786 3.098541668
329 3.221998484 4.5004501865 2.96759099
332 -0.337478279 0.821022334 3.066441442
315 2.908266358 -1.177733801 3.262128172
334 -4.5000379728 -1.180078324 2.755789892
321 -1.37507058 -0.91598724 2.79770368
316 -0.592790246 3.594296256 3.20052041
326 0.714108195 2.729867027 2.552203436
331 -2.407056715 -3.276264401 2.946741806
317 -1.517219576 -2.822357414 2.90509973
320 -1.938219797 0.38452046 2.805203662
319 -0.00324743899999991 3.649371132 2.394827862
318 -1.440428544 -1.886023441 2.562972744
325 -3.628812253 2.072959488 2.768430122
333 -0.0156802989999996 1.647963227 2.605495808
313 1.999094411 4.4992097939 3.095611256
330 -4.5000219753 0.708926359 2.833262832
324 0.5616068 -1.526021211 2.700939504
328 0.361118249 -4.500022128 3.136877208
314 4.500038151 0.978872463 3.059349046
327 -0.827449532999999 -1.93562572 3.351500218
322 4.50013304 3.519628524 2.947874356
335 -1.798073341 -4.067485493 2.891367634
336 -3.665269681 -1.663523894 3.019130394
323 2.2714932 2.006120203 2.739105982
344 -1.271204388 -4.499304315 3.72729126
351 -0.988100228 1.41514921 2.59372529
342 -3.792345356 -4.500299951 2.874070708
339 2.387674308 0.712193288 2.907227268
345 2.635126552 3.691759021 2.997507948
350 -4.5001706355 -3.792185593 2.874474006
349 2.483446808 -3.670921474 2.315866348
348 -1.291638895 0.893006517 3.39062114
358 0.378564914 -0.830053421 3.395265636
356 -3.890319669 3.587832299 3.026661222
359 -1.04022185 -0.000130146000000053 3.018233788
355 -4.500453354 2.380629114 2.386954854
360 2.956549248 1.476527814 3.239065088
340 2.714203335 4.500050223 3.82879752
346 4.032753249 4.5000404384 3.552932696
338 -3.540152302 -3.54094501 2.999088074
354 -1.003990361 4.5000362118 3.098206566
341 -0.5228433 -2.823753608 3.007610022
347 0.503029524 -3.631893649 2.652539068
343 1.186720035 -1.431250197 3.475059086
357 1.660303428 1.274066829 3.300616796
337 2.398160473 -0.415977469 2.86275796
353 -3.43446006 1.090207167 2.758536066
352 -1.936655782 4.500346735 3.468427182
368 -1.155839085 -3.50891938 3.535978904
370 4.500030037 2.55381397 3.206728502
375 -0.841147404 -0.798639602 3.63503649
365 -3.916020775 -3.759990954 3.91279992
361 -1.632031825 -1.410236977 3.627690652
374 1.213191868 -3.026349461 3.201204634
367 3.604057597 0.798389376 3.586458372
364 -4.500396291 -0.190302288000001 3.322818526
379 2.516376059 -2.106023126 3.13901294
383 -0.184344901999999 -1.466595389 3.984795788
371 -2.812933497 0.501572726 3.275018202
363 -4.5001609926 -4.500249588 3.580212924
362 -4.5001283384 2.836010698 3.277040186
377 -1.175173555 2.834577638 2.911288958
378 -2.131555793 1.351096876 2.637179218
381 0.633807274 3.570134948 3.161539634
372 -2.073483596 3.343532917 2.818422512
380 -3.199384064 -2.55851261 3.061047886
384 -4.5002486112 -1.778475514 3.556919384
373 -0.185836818999999 -3.69034385 3.374612914
376 -4.5000012281 -2.441495471 2.73555709
366 -1.842991902 -0.39483127 3.511190634
382 -0.207939275999999 -0.026783043 3.580375308
369 1.650012208 0.127064764 3.243855902
390 -4.5001487484 -3.041671148 3.535277372
405 2.115980288 -3.649165911 3.2587385
394 -2.272031625 -2.380328121 3.389382758
385 2.864047206 0.126280145 3.561877528
406 2.615721165 -4.500102914 2.904763286
391 -2.270632944 -4.500318965 3.699003844
388 3.714162609 -1.432582925 3.824364534
403 -1.41504493 -2.571112271 3.86746528
408 -3.994409447 0.589566986 3.690917066
399 -3.270157577 -4.500182284 3.726718532
396 -0.138075073 -0.56692461 4.418806532
392 -1.502415296 1.868030785 3.32169728
404 1.541675912 2.442253825 3.265495036
401 -0.510093449999999 1.872688273 3.445126938
386 3.581018276 3.637829719 3.323606628
400 2.608180815 2.746322445 3.321081858
393 -3.04785124 2.959503761 2.87758162
398 2.150233096 -4.500142197 3.789722876
395 -3.789462578 -2.415284887 3.855319686
402 -3.087581223 -0.857236157 3.144868024
389 4.500040204 -4.500109657 3.316878514
397 -1.121953608 0.0841875510000003 4.011254666
387 -3.597553294 2.584954069 3.626600902
407 0.631184329 2.028829797 3.26551508
414 4.500840419 -0.374730156 4.090573378
426 4.500121016 -1.003800727 3.313616024
430 -2.927212631 -1.688961502 3.69307688
420 -3.939975294 -0.946629618 3.659472636
415 -1.311161931 2.66955365 3.888114236
422 -1.509054418 3.606430915 3.6005369
429 -2.81085591 1.963155843 3.33299753
412 0.661672273000001 0.0821063200000003 3.098992812
432 -0.186312545 2.706247328 2.986137424
428 1.705698448 -2.305728978 3.688916042
411 3.574035741 2.668311606 3.568103224
421 -2.100206386 -3.529078631 3.864031492
413 0.996238367 4.4999524561 3.097653032
424 -0.463577189 4.5000176191 3.97279011
416 0.965801743 -3.887046257 3.645319676
427 2.813841022 3.51445511 3.965231242
409 -1.057907605 -1.776812997 4.359721236
410 -3.397449421 4.500100511 2.864659982
417 -2.205471256 1.22330576 3.62617068
419 4.500069459 -3.759356838 3.98844643
431 3.508624231 -0.476452775 4.030680386
418 -2.79450004 -3.972806165 4.430588016
425 3.67086349 -3.30902625 3.565025662
423 1.948638383 -0.81218127 3.66296925
447 0.146063317 -2.163821629 3.348790206
441 -3.663316042 1.530804938 3.626573156
450 4.500087396 1.709342107 3.742161656
440 -3.340143707 -0.156793547 3.812251634
456 2.403862811 0.952297215 3.886692382
437 -2.603369421 -0.800607444 4.01797447
433 1.910150786 3.048426176 3.97027214
435 3.535847412 1.767464788 4.000398272
442 0.221810375 1.266212785 3.766038552
434 -2.448212392 2.994593471 3.676981176
438 0.0464725159999997 3.628546612 3.968709456
445 4.500637328 -2.786463497 3.757752622
449 -4.5004564553 -1.271956087 4.420625352
452 -3.052697752 -3.229104047 3.814153096
453 -2.094292234 -1.88064952 4.37862513
444 -2.939443618 -2.414372299 4.382264502
454 2.061291298 0.0517852880000005 4.153400082
439 2.244658198 1.932792502 3.773925268
451 -2.755108117 3.879904421 3.31599915
446 -0.42837059 -2.652284639 4.005155918
448 -2.367941225 0.201311239 4.118479728
455 0.48359156 -3.044382679 3.884782812
436 2.514471645 -2.888085142 3.770512134
443 -4.4087285298 2.123818149 3.986366358
468 1.064034295 -0.309471648000001 3.926481844
472 -2.035185723 -2.854142358 4.598831684
476 -0.296261452 -4.500624825 3.949308558
464 3.531978375 -4.500068883 3.573087076
470 -2.132627204 2.124195142 4.054421656
473 4.500146489 0.620348453 3.992803652
459 -1.231802133 1.751928119 4.277266076
475 2.52808728 -1.863691739 4.10890359
458 -3.022194137 0.959332081 4.139007628
477 3.514566847 4.2322800797 4.365003608
479 -4.5000439569 1.184159587 4.31597554
480 4.50001619 3.631723431 3.941269128
471 3.278268351 -1.589914122 4.710427318
478 0.664761114 2.841800001 3.846039496
461 -0.315668394 2.696532261 3.977533546
460 -1.975068718 -4.500190651 4.654190116
467 0.536302738 4.5001032628 3.985416662
462 -3.099537623 2.024684534 4.2882503
466 4.012294291 -4.500093433 4.450129994
463 -3.674088801 4.5002617841 3.825440006
457 -0.861884992 3.448611669 4.346081492
469 -3.573436452 -1.644696858 4.454763888
474 -0.377326424 -3.588822972 4.35114761
465 3.685611859 3.247180436 4.375787394
483 0.096201239 4.4963452052 4.88325619
503 -0.645465129 0.951861082 4.151345406
494 0.223265213 0.450974252 4.345657386
497 1.645321897 -3.285326217 4.065014872
490 1.032908748 0.682829065 3.806798024
481 0.617963438 -4.50039983 4.353851566
499 1.741906319 4.5006988661 4.061647452
491 -3.462828967 3.528470271 3.928700638
487 4.500230427 -1.902703194 4.224944152
493 1.180992006 2.024090566 4.100639404
485 2.873465773 -3.817034205 3.8892338
501 -4.5002564683 3.944604575 3.733959622
482 4.500206068 1.794634429 4.738442876
498 -4.5000445082 -2.537190451 4.548202442
488 1.583443435 -4.499526236 4.613386732
489 3.618816281 -2.471197656 4.10845877
496 2.853472211 2.563761868 4.27269262
500 -1.716670011 -0.882428308 4.4727759
502 1.762400473 1.343579211 4.546447926
484 -1.395262286 4.3230681195 4.289788436
492 0.810762874 -2.120453882 4.094195088
495 0.7027494 -1.153126235 4.32347949
486 -3.658610284 -3.075553586 4.594681508
504 -4.50005695 -0.113076903 4.319684674
507 1.140219078 3.703798901 4.018856976
517 1.605539265 -1.580536146 4.370634764
522 0.0320110979999999 -2.127916908 4.720987574
513 -2.173549175 3.687780286 4.343259734
509 -3.654704937 0.34875015 4.615393848
518 2.736726483 1.595360209 4.576262758
521 3.847564781 1.046457537 4.61917976
515 0.767159287 1.265702381 4.604151944
505 -3.495739104 -2.300708461 5.205395586
508 -0.249806467 1.819279619 4.452636658
524 -2.409214209 1.494958811 4.780702348
528 1.032733144 -2.853155295 4.737272384
526 -4.5001124736 -4.500141367 4.579998182
520 -1.360399634 -3.589338699 4.533833884
516 -1.651788787 0.849922854 4.375775178
525 -2.811554623 -3.232485069 5.102442118
510 3.611332399 -3.5869681 4.523752266
527 -4.5001005331 3.957741897 4.733785438
511 1.957288292 -2.482920111 4.64797571
523 1.878714532 3.738238103 4.693533166
512 -1.042953038 -2.677542469 4.793698322
519 2.883459258 -2.856445573 4.699334164
514 -1.652810482 -1.59453981 5.228668696
506 4.480236308 2.666029949 4.200189168
548 -0.611140806 0.243236777 4.85591581
547 4.144974808 -1.091789303 4.689642744
550 -0.700583798 -3.749792169 5.283635138
530 2.323974316 -3.685071352 4.714072658
549 1.347176791 0.45213074 4.727515088
541 1.427934521 -3.669933792 5.157425992
535 1.961731151 2.31769244 4.652080088
545 2.308903464 0.610448927 4.951026498
544 -2.712424497 4.5000109102 4.099324908
539 2.895071323 -4.500277725 4.618751442
551 -4.5002451574 2.375704127 4.949727302
532 -0.853560343 -1.005434112 4.962376812
536 3.155412318 0.33550387 4.495274196
533 2.641361805 4.5000032104 4.826099436
534 4.499902876 -2.838620768 4.756048386
542 -4.5000267152 -4.500084388 5.579883974
543 4.500044379 0.115452456 4.961611298
537 -3.665154365 4.5002205638 4.825290794
540 -0.989441229 1.164658839 5.065785974
529 -4.5002959673 0.464039317 5.136212834
538 -0.975707129 -4.500157442 4.68261065
552 0.320473119 2.58519749 4.749000854
546 2.641186142 -0.825707551 4.383647332
531 -2.752505577 -4.500035126 5.283023432
570 -1.581354273 0.00705784799999964 4.909182842
571 -2.735892591 -1.296873985 4.875903496
564 -4.4999960436 3.085321237 4.245321808
554 0.209218084 1.683348646 5.330335484
560 -3.710508522 -0.663638281 4.590539722
569 -2.8503999 0.663795605 5.118992802
563 0.466830515 -3.664766103 4.88158725
555 -3.631177777 -4.164538246 4.943461478
556 0.563468843 3.552453997 4.82146681
562 1.604951595 -0.640646784999999 4.711838956
557 1.102189874 2.068286595 5.097705032
561 4.499939634 4.5000643216 4.437091474
568 1.304538839 1.151195212 5.44117232
575 4.500105784 -3.811544776 4.986818406
567 -2.817934959 -0.300523856 4.8568749
566 -0.886065815 2.542255259 4.784222934
558 -2.834725238 2.938052616 4.597232776
565 3.673009429 -2.411472929 5.121696606
572 1.089267929 4.4029824613 4.812861718
553 3.633265054 0.399604982 5.371346506
574 0.945406086 -1.904794324 5.061201518
576 2.339599819 -1.511082764 5.045884826
573 -3.700828076 0.805083918999999 5.630452642
559 -2.919359655 3.854449902 4.988114572
582 -2.082029476 -0.707435164 5.397803236
585 0.690512449 -0.281817058 4.90030231
578 -4.5001696331 -3.542081257 4.866196334
587 2.81726835 3.525443121 4.965136966
595 -2.484055719 -2.193606719 5.244696558
579 4.500148229 -1.859044258 5.22385731
597 2.76886636 2.340489444 5.243573994
586 -1.976147453 -3.742530682 5.306688532
591 -3.735131142 3.284713004 4.85934223
581 -3.647033134 1.366639274 4.804886164
583 -3.524081968 2.297794291 5.151115238
593 0.476029634000001 0.609339302 5.30005482
580 4.500165715 -0.700982819 5.538728296
599 3.374895152 -0.545632405000001 5.019214462
588 -1.49027648 3.714172453 5.077146874
590 -2.731135558 -0.0803307740000001 5.828278576
598 0.816332976 4.500098247 5.769919174
584 3.668988344 2.345771668 4.808228602
596 2.040315406 3.014702318 5.364230074
577 -0.714087131 -1.915784823 5.351673588
594 0.154559739 -1.23591751 5.155698844
589 -4.5000192745 -1.812504186 5.261834864
592 3.575821489 -4.399398782 5.34411851
600 2.146228768 -3.043756527 5.46040375
618 4.500263837 2.681436285 5.250774138
624 1.856882755 4.5000118252 5.446227254
614 -4.5002565033 -0.649916645 5.203473746
606 3.377696241 1.552357625 5.342446988
611 -1.896040398 0.852751215 5.349820466
609 0.207104652 -2.84637044 5.394033166
604 -3.657036775 -0.179958241 5.464115386
622 -3.664447241 -1.275941445 5.379805428
617 2.236063847 -4.500081877 5.37079768
610 2.418704508 -0.343333603 5.230572992
602 -0.0614521229999996 -4.500030932 5.087333886
608 -0.361698308999999 3.644246718 5.1894059
616 1.691413507 0.21107957 5.634847776
615 -2.89022918 4.5001507637 5.751024198
619 -2.149830503 4.5000438901 4.925971746
620 0.428889157 2.190178761 6.16390027
601 2.810215228 0.77067975 5.801287854
603 -1.708186408 -2.754819246 5.538477576
605 -1.078053364 0.415526657 5.72307053
621 -3.024750601 1.539239637 5.569377016
607 4.500067014 3.632181358 4.941048088
623 -3.548707469 -4.499946143 5.887999696
612 0.285245316 3.031558199 5.642993352
613 1.072904303 -1.004094333 5.476354718
635 -4.5000513974 -1.169619394 6.057728914
643 -1.38797007 -4.500154619 5.593458768
641 -4.5001390459 1.446909688 5.320103162
626 -1.849175686 2.819092791 4.717636618
637 -0.111885717 -0.33590093 5.500154462
642 -2.28251564 3.309724702 5.533675134
636 1.290754582 3.662672443 5.498840974
644 4.372099313 1.893906428 5.853470682
647 -0.424294169 -0.401743008 6.447786444
630 4.500167391 1.024799464 5.376541136
640 -1.323986676 -3.614916687 6.053803504
632 -2.743974191 -1.368213355 5.873170092
639 -1.372372859 2.867190909 5.595320982
646 -3.695146178 -3.371361629 5.5490094
631 -2.494261641 2.353236597 5.333232112
627 -4.5001011126 4.500270634 5.573635174
625 2.234837349 1.517677264 5.437569766
645 -0.536673557999999 1.390367601 5.928298724
634 1.147645147 -2.899180893 5.729540862
648 -2.251498467 1.815087493 6.140243212
629 0.904082978 -4.500143593 5.347170198
638 3.506122364 4.5000732528 5.32826828
628 3.685735275 3.247822821 5.375774288
633 -1.587978894 1.956194067 5.18895512
656 3.648176935 -0.405297296000001 5.970813486
671 -2.870955758 -3.767569334 5.953397052
653 -1.178271364 -0.575877348000001 5.804928304
665 4.500061511 4.5001594684 5.43744047
661 -0.874180015 4.5002702541 5.124345944
657 1.766882045 -2.127243789 5.585997808
658 1.558307507 -4.156866392 6.021049766
663 -0.144234508 0.482312728 6.073975906
664 -0.733043509 -2.857801319 5.734511342
668 2.790931095 -1.083856556 5.829139842
650 -1.833347839 0.0315979220000004 6.254183842
667 -0.432765816 -4.500101041 6.015634192
672 -4.500083278 -2.778949176 5.518518706
666 4.435092301 0.211537065 5.954787598
660 -0.451219894 2.355451965 5.665110814
669 -1.577570671 1.087749292 6.269265044
670 3.723841087 -1.330384411 5.567031502
651 -2.253448874 -2.168674546 6.217377426
662 3.769379833 -3.339995714 5.480137958
654 -4.4975225584 -0.0429850160000003 5.998072724
652 4.498754693 -1.533838325 6.169398506
659 -3.692307206 3.914311982 5.635034532
649 1.925375979 0.983980534000001 6.224494418
655 -4.4956595562 -4.500108517 6.579824322
678 -1.629331791 4.5000355718 5.779740342
692 -4.1772543963 2.446732834 5.893394892
684 3.518972057 2.413221423 5.900751314
673 0.69504651 3.662179678 6.302016962
694 2.773284588 -2.268316092 5.533907584
688 -0.180497878 4.4731247882 5.843913568
691 -0.624828604 3.622988766 6.153767374
695 -4.5002259281 3.308539058 5.50240493
675 0.197408713 -3.743558725 5.841265954
680 4.500307234 -4.500282217 5.711484208
679 -4.500044417 0.67405253 6.694966612
682 -2.219091001 -4.500043756 6.149422616
677 -3.914597269 -1.980276893 6.05496275
686 0.985504273 -1.778276798 6.10297032
690 -4.5000382647 1.596385092 6.308785416
689 -1.792199817 -1.277458499 6.166569584
685 -2.472075877 2.767037723 6.351984888
676 -3.221023249 3.039972801 5.748448442
696 2.712649864 4.1446993244 5.822057706
681 4.500088011 3.636246626 5.940973448
683 2.856651464 -3.739906611 5.562612526
687 -3.019226637 -2.756634206 5.957017552
674 1.878273251 -0.70709146 5.989158288
693 4.5002002 -2.71216935 5.74774071
700 -3.289131137 2.194089247 6.277257586
718 -0.402635868 -3.72039097 6.640873892
708 3.727153719 -2.180575558 6.09330177
701 -1.622107939 3.604341609 6.224287748
709 -2.628835414 3.754484372 6.363752594
713 -4.5004143972 -3.634176959 6.079916582
717 -3.470645786 -0.78586951 6.23740935
720 2.717827943 -4.500196226 6.246909452
698 3.812226133 1.066875083 6.100898596
714 0.305078756 -1.003497741 6.116916572
712 -1.254973937 -4.500042221 6.5845269
705 1.214516583 2.724211282 5.84746386
707 -2.046869696 4.5000512419 6.688295582
704 4.494020803 -3.615303846 6.176877582
703 -2.171003647 -3.15915351 6.327263018
702 -1.275318403 2.031535104 6.135742196
715 4.500037295 2.736169156 6.376593132
699 4.500110408 -0.602629113000001 6.533775302
711 -3.894293627 -2.912952758 6.414986382
706 0.649247921000001 -4.50000853 6.314132898
710 -3.112420417 -1.88684571 6.644642002
719 0.788755044 -0.137615957 5.886702162
716 0.568522327999999 1.182083191 6.1172764
697 1.875824189 -2.71281267 6.389064744
736 4.500102998 1.418380508 6.735809434
737 -3.714668902 -3.867544357 6.652483614
738 -3.578037373 1.265402521 6.509592776
728 2.854928227 3.160376799 5.92526928
721 -2.538561288 0.857627275 6.116060878
743 0.0321560310000004 -2.061770867 6.000825382
732 2.194160682 2.314636299 6.06133092
744 -4.5001729178 3.856546687 6.338751414
733 -3.501254908 0.200111290000001 6.401171598
727 -0.946387889 4.5001152333 6.510176304
742 -3.039861974 -3.162558531 6.870620084
726 -4.5000502067 2.055175278 7.197261876
740 1.820711305 0.0657459669999998 6.621054686
731 3.12228586 -2.974863285 6.149303928
724 -0.636723587 -1.33635758 6.162900858
725 1.970494862 3.524222107 6.221598216
730 2.93465313 1.664643845 6.23176208
739 -3.74218383 4.5001365828 6.443810142
734 -4.5001758281 -2.232609773 6.827065586
722 -1.256028632 -2.12142271 6.166342454
729 1.90508762 -1.594200927 6.449785266
735 4.500105829 -2.413084338 6.701806746
723 0.71541812 1.666313337 6.979689998
741 1.113094007 -0.719036822 6.632832398
745 0.383646521999999 -1.6348607 6.888379016
765 1.348875055 1.80077058 6.206744622
751 0.384520017 -2.9192041 6.37542954
754 -4.500063994 -0.557184997 6.855668942
747 3.602720576 -1.304614308 6.559261866
763 1.150623016 0.779658062 6.823705658
755 -2.498913377 -0.701240125 6.57675132
756 2.683351987 -1.01058857 6.820571256
746 -2.959112025 -4.500099339 6.821957842
759 -1.006195591 -2.925888366 6.704817074
757 0.00918382199999979 2.993911479 6.603282796
760 2.688462991 -0.150895073 6.173944332
761 -2.632342419 0.237331179 6.89470687
748 1.957372608 -4.439459423 6.89331799
752 3.618879297 -3.599135676 6.75221732
767 3.250211485 0.491529388 6.69482937
768 -2.968212267 4.4986126719 7.07686839
753 3.62529875 -0.393438024 6.970466134
764 -0.915656022 0.446529009 6.709245636
758 3.714235651 -4.500145693 6.3292602
762 -3.582826064 3.518458156 6.548436518
749 0.402406352 0.0484632070000002 6.790010428
750 2.838701235 -1.94984366 6.489746384
766 -3.954880818 -1.39536305 6.86500964
774 0.058287687 4.5000781934 6.814494156
777 0.39623866 -0.761901808999999 7.375739638
780 2.755069206 3.549165509 6.841094054
785 -1.834460129 2.260725836 6.932370698
770 -1.331120378 -0.646764559 6.790605466
776 -2.041210127 3.300423882 7.079803032
787 -4.5001250207 2.927535157 6.708493986
769 -0.520020427 -1.111856455 7.145286392
786 2.907605645 2.554969379 6.719408086
778 -1.862654027 -2.547782644 7.05612514
779 -2.787004198 1.682198201 6.974201112
773 -3.925289688 0.127414019 7.303830074
771 -1.077931919 2.873943947 6.637054154
782 1.067442656 -2.395883189 6.885051164
781 -0.518140433 -2.063677276 6.838737782
789 -1.319783216 -1.755727712 7.350984512
784 -2.189281114 -3.513324625 7.262196206
783 2.007767095 4.5001752947 6.43571023
792 3.909289872 4.3870107206 6.236299094
790 2.374837093 -3.578428037 6.426599892
791 -0.430593966 2.098108975 6.666608554
788 -2.241030297 -1.563140611 7.013211318
772 -2.056428434 1.021086958 7.144580102
775 3.614424856 -2.153994835 7.086827782
798 0.529294953 -3.685131785 7.001604238
811 -4.5000074447 -3.392154858 7.050165996
804 -1.631228739 0.136353158 7.335106858
802 -3.634865201 -2.46555738 7.270750968
800 -4.5000131416 4.5000571179 7.10409178
807 0.531687577 3.617418716 7.28754172
803 2.389104129 0.807849632 7.092644592
813 1.055525431 4.4999118985 6.740876826
809 -0.149679597 -2.911198066 7.220713178
795 1.626837394 2.753495101 6.75801434
812 3.680111557 3.372316931 6.448748794
793 -0.370673841 -0.120936745 7.406002416
799 -4.4284171538 1.134092305 7.579935886
814 1.306516678 -1.486845332 7.243588248
810 -2.691916703 -2.279080571 7.546090634
801 -0.45298569 3.703026197 7.13561967
808 -3.610313203 2.67876364 7.09077885
816 -1.137693913 1.511312254 7.061130874
805 2.815860821 -2.759309121 7.076404106
796 1.503946217 -3.482169426 6.90841816
815 -2.265505052 -0.607794821 7.544582966
806 4.500050826 -1.529154307 7.169336188
794 4.500130131 -4.304063091 6.915491968
797 2.093388622 1.737031234 6.87128393
820 2.712914075 -0.120400215999999 7.27516145
836 -4.5000461794 -4.500064369 7.579735042
835 -0.031895295 -4.500173969 7.145133616
837 0.688631677 -2.744774666 7.742137422
832 4.500021099 -3.316252295 7.131055232
830 4.500002908 0.436820857 6.926866418
819 -3.372091334 -3.775587246 7.587418574
829 -1.38716768 4.031059763 7.275439702
823 -0.112781733999999 1.809160788 7.56963154
826 4.500083959 4.5002933709 7.035053416
838 -3.972326563 3.722706175 7.446498974
839 2.824221178 -1.715955387 7.515243248
833 3.031038874 4.5000336444 6.700849982
840 3.811742685 2.139110924 6.816732284
831 0.734417035 2.64255656 7.19512608
821 -0.397101060000001 -1.954676104 7.825309098
827 0.432402522 0.73343507 7.517947826
817 -1.216749214 -3.744690247 7.238643562
822 -2.696367125 1.344316825 8.044436962
828 -0.145206744 1.151604706 6.816934868
834 -2.662042909 2.581701691 7.392804248
824 -2.036696026 -4.50005881 7.207925676
818 -4.5001333706 -2.648935368 7.737050598
825 0.291437026 4.500032667 7.78687256
860 -1.320698302 -0.847804191 7.770092896
849 -1.042692162 2.389846026 7.529264594
861 0.542309327 -1.61563877 7.87551845
858 -3.601921254 1.78544392 7.544407864
848 -3.090446601 -1.104447465 7.274803884
845 0.390638137 -0.0761148599999997 8.103457168
856 1.149147808 0.00287958699999979 7.453464336
841 1.648343742 3.793890916 7.128953188
853 -0.820328323 -4.500084402 7.760220304
850 -4.5000151681 2.914656754 7.70838282
842 3.144772703 -4.500034702 7.151174262
851 -2.976810152 3.534903658 7.343648238
847 4.497970366 3.500679093 7.020833072
852 -1.018013173 -2.745195226 7.68820907
854 -2.65593619 -3.135152407 8.061641748
857 -1.853651387 2.814489952 7.9333958
859 -3.252450711 0.864543271000001 7.36585316
846 4.500008143 -0.377001482 7.507958942
843 1.531582036 2.172888465 7.574367998
863 1.997774554 -2.209337903 7.244319732
864 3.79467218 1.033585918 7.33466599
844 1.875764798 -0.666687024 7.29961096
855 -4.5000395368 4.5000231965 8.104069198
862 -3.641372047 -2.979095895 8.128773278
868 -4.5000482242 -1.65170272 7.66310154
872 4.500038813 2.574279235 7.397058946
878 -4.4941056291 -3.605851868 8.02715155
883 -2.171560016 4.5000730601 7.68121363
874 1.290300938 4.5000470858 7.739705472
881 -2.440612713 0.394676500999999 7.86341641
885 -0.170789183 -3.740022964 7.779783248
882 1.037299676 -4.500079673 7.280155998
888 -3.53759308 -1.71694688 7.92655647
867 -0.298558207 -0.861874769 8.087866364
870 -2.186277799 -1.489841229 8.008999892
875 3.030243382 1.669149969 7.227068646
879 -0.993920785 3.322923819 7.88581861
886 1.619062448 1.177498233 7.612513956
880 -2.757975414 -4.500026199 7.900476864
865 2.306496576 4.5000415726 7.390026186
873 -3.972815171 -0.802010408 7.669722366
887 -2.382268318 3.637507873 8.141111346
884 3.663627706 -1.177645932 7.589703146
866 -0.662358136 0.814869929 7.603716792
877 -4.5000382744 0.286925249 8.106404342
871 -4.3603052935 1.931392337 8.179659346
876 -0.707177983999999 4.5000312098 7.838983956
869 3.458008969 3.070713853 7.375905948
908 1.177728778 -0.837308031 7.9949883
905 -1.202937683 -1.661279458 8.33961044
909 1.353035474 3.127318807 7.813342162
899 2.325687148 2.891296129 7.459822636
894 -1.037393538 0.0395562070000004 8.133811346
892 1.014350959 -3.680653535 7.876022126
898 -1.633916995 -3.423920757 8.08893289
890 1.984919807 -1.427246013 7.975833038
896 3.649053574 -3.027573027 7.572163936
903 3.02756401 3.897546801 7.737902346
904 1.515063842 -2.321096808 8.11289426
902 3.615669544 0.166253343 7.799029808
910 -1.736191165 -4.500012934 8.161674702
893 4.500159332 1.627996872 7.720151158
891 -1.874708145 -2.435621804 8.10065476
889 2.015299628 0.290280181 7.862239966
900 -3.518964841 4.4832205367 7.911339426
901 -3.71306876 -4.500010918 8.196642922
907 2.082198108 3.773223742 8.039132626
906 0.767551732 1.558710805 7.972456446
911 0.488964547 -0.857521522 8.719652342
897 -1.843343924 1.819970372 7.829865648
895 1.101634341 0.610810532 8.253654436
912 2.385902643 1.838984949 7.972588194
917 -3.519786843 3.037109236 8.01992552
923 -2.893530301 -2.197059781 8.522089796
930 -4.5000536786 -1.072437272 8.47819437
914 4.500044161 0.61962328 7.910000468
935 2.973524526 0.926749614 7.89525906
927 2.845547449 -3.636138473 7.556199224
915 -1.043987024 -0.75173253 8.745217026
924 2.007508638 -3.106286294 7.686279266
936 3.824823897 4.5000522267 7.772526714
934 3.98266385 -0.593385609 8.335912344
920 2.809643203 -0.828063051 7.975006304
933 -0.180806030999999 -2.8450739 8.225783452
913 -3.342986173 0.0430036569999999 8.112332108
916 2.381311388 -4.500023521 7.796954404
932 3.832278313 3.121435582 8.301797848
929 -1.574822716 0.873478889 8.008451204
925 3.872567816 -4.000392298 7.63233322
922 -2.942347999 -0.865057446000001 8.234291382
919 3.659829518 2.18971347 7.8038071
921 -0.161039828 2.858394688 7.58426761
926 -2.009118863 -0.635725981 8.510734076
928 1.997707654 -0.508552419 8.46350999
931 -3.682734254 1.075130547 8.243614446
918 2.83271746 3.092347504 8.29794074
939 1.244210345 -1.551770023 8.691469242
957 4.500001987 -1.431832611 8.164561762
953 -0.0447779710000002 1.102518981 8.33568698
958 1.474292655 -4.50004874 8.217940572
951 -2.406245422 -3.944144817 8.65362229
950 -1.104916092 2.59005781 8.55706819
954 0.432157187 -4.500005795 8.07621793
941 -2.508296746 -1.388738666 8.967293542
943 -0.917579026 1.614129718 8.14776863
955 3.270281032 -4.500021343 8.254877612
952 -2.933145135 2.279775667 8.306757084
946 4.500007653 -2.492901142 7.69858211
948 1.597915614 1.576211766 8.52934013
945 2.826265053 0.0741679069999996 8.405924108
940 0.565346663000001 -2.282567971 8.620269664
959 -0.380841692000001 -4.500003442 8.6584417
947 1.959880776 2.621568508 8.426467632
944 -4.1093307448 -1.96352487 8.709013894
938 4.500014821 3.791491479 7.977550156
937 -1.967634154 0.333620169 8.75286636
942 0.6436857 2.528095443 8.184378384
956 2.333293816 -3.712701544 8.411603176
949 -3.939863543 0.392838922 8.92796115
960 -3.849896791 -3.703614863 8.78570905
968 4.500018116 2.380983547 8.378169182
979 0.704751386 3.732001275 8.275964954
972 -3.092484314 -3.074165673 8.959233326
970 2.757226355 -2.555918791 8.053722098
983 0.0430873330000008 -2.90961653 9.198236842
984 -4.2605204315 3.580336293 8.41511519
965 3.27018164 -1.605456454 8.403431664
981 -1.207740982 -3.960549039 8.817194668
976 -0.305495859000001 0.0197453599999999 8.814907058
967 -4.5000215675 -2.883960968 8.719086854
962 2.501901536 1.200537702 8.733451414
980 2.820030212 2.220991853 8.78840032
982 -0.163949455 4.3007167674 8.654549792
973 -3.702343254 -0.571862096 8.814301596
961 -0.907839867 0.815435966 8.75123593
974 -1.139153363 -2.786859825 8.67995375
966 -0.167266826 -1.611865152 8.73613229
978 0.354789528 -3.669330875 8.627567008
963 3.778031965 -2.466782555 8.38998981
971 3.766498138 1.345233043 8.337987978
969 -2.722483171 4.500002406 8.51574715
977 -2.925147256 3.139554055 8.817346002
975 -1.496692274 4.085964062 8.291971632
964 1.885377245 0.421156348999999 8.845065948
991 -1.789775634 -2.081210015 9.031871422
988 3.785201814 2.084266046 9.011382054
986 1.511429039 3.43856569 8.788925344
1000 -0.20067931 2.163537647 8.576889586
998 -0.831590021 -2.080974616 9.317990532
994 -2.093629351 -3.021839841 8.880745724
989 4.500002198 -3.39950078 8.1275595
996 -1.980374672 1.424254016 8.737942194
993 4.500010695 3.509580542 8.936973656
997 3.930587835 0.431726975 8.710245516
990 -0.183949164 3.317686018 8.472233888
999 -2.786339984 -0.200038612 8.964692098
992 0.553129847 1.620738631 8.947201684
985 4.297770052 4.5000146144 8.65360408
995 3.369822948 -3.515511354 8.399149886
987 2.642179778 4.5000268747 8.436795444
