10 10 1 2
Map file for 10x10x1 Graphene cell.
0 0 0 0 1
0 0 0 1 2
1 0 0 0 3
1 0 0 1 4
2 0 0 0 5
2 0 0 1 6
3 0 0 0 7
3 0 0 1 8
4 0 0 0 9
4 0 0 1 10
5 0 0 0 11
5 0 0 1 12
6 0 0 0 13
6 0 0 1 14
7 0 0 0 15
7 0 0 1 16
8 0 0 0 17
8 0 0 1 18
9 0 0 0 19
9 0 0 1 20
0 1 0 0 21
0 1 0 1 22
1 1 0 0 23
1 1 0 1 24
2 1 0 0 25
2 1 0 1 26
3 1 0 0 27
3 1 0 1 28
4 1 0 0 29
4 1 0 1 30
5 1 0 0 31
5 1 0 1 32
6 1 0 0 33
6 1 0 1 34
7 1 0 0 35
7 1 0 1 36
8 1 0 0 37
8 1 0 1 38
9 1 0 0 39
9 1 0 1 40
0 2 0 0 41
0 2 0 1 42
1 2 0 0 43
1 2 0 1 44
2 2 0 0 45
2 2 0 1 46
3 2 0 0 47
3 2 0 1 48
4 2 0 0 49
4 2 0 1 50
5 2 0 0 51
5 2 0 1 52
6 2 0 0 53
6 2 0 1 54
7 2 0 0 55
7 2 0 1 56
8 2 0 0 57
8 2 0 1 58
9 2 0 0 59
9 2 0 1 60
0 3 0 0 61
0 3 0 1 62
1 3 0 0 63
1 3 0 1 64
2 3 0 0 65
2 3 0 1 66
3 3 0 0 67
3 3 0 1 68
4 3 0 0 69
4 3 0 1 70
5 3 0 0 71
5 3 0 1 72
6 3 0 0 73
6 3 0 1 74
7 3 0 0 75
7 3 0 1 76
8 3 0 0 77
8 3 0 1 78
9 3 0 0 79
9 3 0 1 80
0 4 0 0 81
0 4 0 1 82
1 4 0 0 83
1 4 0 1 84
2 4 0 0 85
2 4 0 1 86
3 4 0 0 87
3 4 0 1 88
4 4 0 0 89
4 4 0 1 90
5 4 0 0 91
5 4 0 1 92
6 4 0 0 93
6 4 0 1 94
7 4 0 0 95
7 4 0 1 96
8 4 0 0 97
8 4 0 1 98
9 4 0 0 99
9 4 0 1 100
0 5 0 0 101
0 5 0 1 102
1 5 0 0 103
1 5 0 1 104
2 5 0 0 105
2 5 0 1 106
3 5 0 0 107
3 5 0 1 108
4 5 0 0 109
4 5 0 1 110
5 5 0 0 111
5 5 0 1 112
6 5 0 0 113
6 5 0 1 114
7 5 0 0 115
7 5 0 1 116
8 5 0 0 117
8 5 0 1 118
9 5 0 0 119
9 5 0 1 120
0 6 0 0 121
0 6 0 1 122
1 6 0 0 123
1 6 0 1 124
2 6 0 0 125
2 6 0 1 126
3 6 0 0 127
3 6 0 1 128
4 6 0 0 129
4 6 0 1 130
5 6 0 0 131
5 6 0 1 132
6 6 0 0 133
6 6 0 1 134
7 6 0 0 135
7 6 0 1 136
8 6 0 0 137
8 6 0 1 138
9 6 0 0 139
9 6 0 1 140
0 7 0 0 141
0 7 0 1 142
1 7 0 0 143
1 7 0 1 144
2 7 0 0 145
2 7 0 1 146
3 7 0 0 147
3 7 0 1 148
4 7 0 0 149
4 7 0 1 150
5 7 0 0 151
5 7 0 1 152
6 7 0 0 153
6 7 0 1 154
7 7 0 0 155
7 7 0 1 156
8 7 0 0 157
8 7 0 1 158
9 7 0 0 159
9 7 0 1 160
0 8 0 0 161
0 8 0 1 162
1 8 0 0 163
1 8 0 1 164
2 8 0 0 165
2 8 0 1 166
3 8 0 0 167
3 8 0 1 168
4 8 0 0 169
4 8 0 1 170
5 8 0 0 171
5 8 0 1 172
6 8 0 0 173
6 8 0 1 174
7 8 0 0 175
7 8 0 1 176
8 8 0 0 177
8 8 0 1 178
9 8 0 0 179
9 8 0 1 180
0 9 0 0 181
0 9 0 1 182
1 9 0 0 183
1 9 0 1 184
2 9 0 0 185
2 9 0 1 186
3 9 0 0 187
3 9 0 1 188
4 9 0 0 189
4 9 0 1 190
5 9 0 0 191
5 9 0 1 192
6 9 0 0 193
6 9 0 1 194
7 9 0 0 195
7 9 0 1 196
8 9 0 0 197
8 9 0 1 198
9 9 0 0 199
9 9 0 1 200
