#   Computed with "calc_table.py"
# Calculate a table of pairwise energies and forces between "INT" atoms
# in the lipid membrane model described in 
#   Brannigan et al, Phys Rev E, 72, 011915 (2005)
# The energy of this interaction U(r) = eps*(0.4*(sigma/r)^12 - 3.0*(sigma/r)^2)
# where here sigma = 7.5, and epsilon = 2.75/4.184
# The interaction is truncated.  See below.
#
# In this version I used the CHARMM switching function
#  S(r) = (rc2^2 - r^2)^2 * (rc2^2 + 2*r^2 - 3*rc1^2) / (rc2^2-rc1^2)^3
# with rc1=22.0 and rc2=22.5
# I realized later this is not what we want because although energy is conserved
# all enrgies are shifted with respect to energies used in the Brannigan paper
# (by 0.27 kCal/mole) and also probably with the later Watson JCP 2011 paper.
# (So don't use this.)

INT
N 1001 R

1 2.6 87251.787856 402763.664479
2 2.62 79585.2363621 364574.203947
3 2.64 72643.024379 330255.845328
4 2.66 66351.9883051 299391.208536
5 2.68 60646.8253431 271610.570248
6 2.7 55469.1990684 246586.123584
7 2.72 50766.9523602 224026.964698
8 2.74 46493.4141489 203674.709811
9 2.76 42606.7882202 185299.659567
10 2.78 39069.6138645 168697.439095
11 2.8 35848.2894913 153686.051901
12 2.82 32912.6514783 140103.294183
13 2.84 30235.6015217 127804.483324
14 2.86 27792.7766117 116660.460548
15 2.88 25562.2565081 106555.833042
16 2.9 23524.3042314 97387.4254387
17 2.92 21661.1356528 89062.9145204
18 2.94 19956.7147493 81499.6244039
19 2.96 18396.5715178 74623.4624292
20 2.98 16967.6399093 68367.9785194
21 3.0 15658.1134687 62673.5329856
22 3.02 14457.3166444 57486.5596649
23 3.04 13355.5899789 52758.912937
24 3.06 12344.1876044 48447.2886046
25 3.08 11415.1856563 44512.7098736
26 3.1 10561.4003809 40920.0707567
27 3.12 9776.3148578 37637.7301715
28 3.14 9054.01338308 34637.1508274
29 3.16 8389.12267028 31892.5777179
30 3.18 7776.75912449 29380.7516608
31 3.2 7212.48152861 27080.6538766
32 3.22 6692.2485576 24973.2780793
33 3.24 6212.38060195 23041.4269669
34 3.26 5769.52544046 21269.5303734
35 3.28 5360.62735385 19643.4826615
36 3.3 4982.89931601 18150.4972204
37 3.32 4633.79794027 16778.97618
38 3.34 4311.00089327 15518.393672
39 3.36 4012.38652059 14359.191159
40 3.38 3736.01545619 13292.6835236
41 3.4 3480.11401219 12310.9747549
42 3.42 3243.05916775 11406.8822043
43 3.44 3023.36499469 10573.8684961
44 3.46 2819.67037535 9805.98028003
45 3.48 2630.72788292 9097.79310596
46 3.5 2455.39370859 8444.36177626
47 3.52 2292.61853163 7841.17560602
48 3.54 2141.43923946 7284.11808108
49 3.56 2000.97141448 6769.43046025
50 3.58 1870.40251273 6293.67891689
51 3.6 1748.98566748 5853.72485855
52 3.62 1636.03405724 5446.69810179
53 3.64 1530.91578427 5069.97261409
54 3.66 1433.04921467 4721.1445646
55 3.68 1341.89873635 4398.01245332
56 3.7 1256.97089537 4098.55911171
57 3.72 1177.8108751 3820.93539003
58 3.74 1103.99928616 3563.44536511
59 3.76 1035.14923829 3324.53291993
60 3.78 970.903667992 3102.76956138
61 3.8 910.932898457 2896.84335615
62 3.82 854.932410519 2705.54887715
63 3.84 802.620805373 2527.77806329
64 3.86 753.737941702 2362.51190574
65 3.88 708.043231479 2208.81288195
66 3.9 665.3140802 2065.81806693
67 3.92 625.344458659 1932.73285812
68 3.94 587.94359457 1808.82525631
69 3.96 552.934773448 1693.42065104
70 3.98 520.154239131 1585.89706361
71 4.0 489.450185216 1485.68080556
72 4.02 460.681829499 1392.24251449
73 4.04 433.718564209 1305.09353282
74 4.06 408.439175503 1223.78259822
75 4.08 384.73112627 1147.89281764
76 4.1 362.489896836 1077.03889938
77 4.12 341.618378642 1010.86461999
78 4.14 322.026316406 949.040505266
79 4.16 303.629794696 891.261706073
80 4.18 286.350765168 837.246052066
81 4.2 270.116611094 786.732267446
82 4.22 254.859746067 739.47833469
83 4.24 240.517244067 695.259993326
84 4.26 227.030498289 653.869362042
85 4.28 214.344906398 615.113673492
86 4.3 202.409580029 578.814112106
87 4.32 191.177076588 544.804746089
88 4.34 180.603151525 512.931545605
89 4.36 170.646529457 483.051479815
90 4.38 161.268692606 455.031686127
91 4.4 152.433685189 428.748705595
92 4.42 144.107932478 404.087778912
93 4.44 136.260073383 380.942197972
94 4.46 128.860805483 359.212708377
95 4.48 121.882741535 338.806958688
96 4.5 115.300276561 319.638992577
97 4.52 109.089464693 301.628780369
98 4.54 103.22790502 284.701786758
99 4.56 97.6946357479 268.788571763
100 4.58 92.4700360207 253.824422244
101 4.6 87.5357348372 239.749011508
102 4.62 82.8745265068 226.506084761
103 4.64 78.4702921579 214.043168343
104 4.66 74.3079268383 202.31130085
105 4.68 70.3732717904 191.264784422
106 4.7 66.6530515105 180.860954593
107 4.72 63.1348152392 171.05996726
108 4.74 59.806882552 161.824601429
109 4.76 56.6582927471 153.120076496
110 4.78 53.6787577523 144.913882966
111 4.8 50.8586182917 137.175625538
112 4.82 48.1888030746 129.876877635
113 4.84 45.6607907875 122.991046476
114 4.86 43.2665746852 116.493247913
115 4.88 40.9986295945 110.360190267
116 4.9 38.8498811562 104.570066494
117 4.92 36.813677146 99.1024540566
118 4.94 34.8837607263 93.9382219092
119 4.96 33.0542454907 89.05944408
120 4.98 31.3195921757 84.4493193479
121 5.0 29.6745869215 80.0920965658
122 5.02 28.1143209736 75.9730052143
123 5.04 26.6341717235 72.0781907976
124 5.06 25.229784997 68.3946547294
125 5.08 23.8970585023 64.9101983786
126 5.1 22.6321263576 61.6133709734
127 5.12 21.4313446252 58.4934210835
128 5.14 20.291277782 55.5402514226
129 5.16 19.2086860624 52.7443767307
130 5.18 18.1805136153 50.0968845179
131 5.2 17.2038774188 47.5893984632
132 5.22 16.2760569021 45.2140442802
133 5.24 15.3944842269 42.9634178757
134 5.26 14.5567351843 40.8305556374
135 5.28 13.7605206653 38.808906703
136 5.3 13.003678668 36.8923070701
137 5.32 12.2841668048 35.0749554196
138 5.34 11.600055277 33.3513905323
139 5.36 10.9495202864 31.7164701895
140 5.38 10.3308378544 30.1653514539
141 5.4 9.7423780233 28.693472236
142 5.42 9.182599413 27.2965340593
143 5.44 8.65004411217 25.9704859397
144 5.46 8.14333288066 24.7115093061
145 5.48 7.66116064403 23.5160038893
146 5.5 7.20229226095 22.3805745153
147 5.52 6.76555854632 21.3020187412
148 5.54 6.34985253373 20.2773152771
149 5.56 5.95412596195 19.3036131423
150 5.58 5.5773859715 18.3782215059
151 5.6 5.21869199787 17.4986001669
152 5.62 4.87715284909 16.6623506308
153 5.64 4.55192395618 15.867207745
154 5.66 4.24220478557 15.1110318537
155 5.68 3.94723640355 14.3918014404
156 5.7 3.66629918323 13.7076062261
157 5.72 3.39871064523 13.0566406912
158 5.74 3.14382342396 12.4371979973
159 5.76 2.90102335163 11.8476642796
160 5.78 2.66972765295 11.2865132882
161 5.8 2.44938324367 10.7523013555
162 5.82 2.23946512673 10.2436626676
163 5.84 2.03947488006 9.7593048226
164 5.86 1.84893923049 9.2980046552
165 5.88 1.66740870871 8.85860431242
166 5.9 1.49445638028 8.44000756375
167 5.92 1.32967664824 8.04117633127
168 5.94 1.17268412303 7.66112742597
169 5.96 1.0231125557 7.29892947717
170 5.98 0.880613830771 6.9537000433
171 6.0 0.744857015106 6.62460289254
172 6.02 0.615527459555 6.31084544295
173 6.04 0.492325950319 6.01167635216
174 6.06 0.374967907076 5.72638324756
175 6.08 0.263182625182 5.45429058822
176 6.1 0.156712559382 5.19475765055
177 6.12 0.0553126466265 4.94717663025
178 6.14 -0.0412503342437 4.71097085338
179 6.16 -0.133198368078 4.48559308998
180 6.18 -0.220742776239 4.27052396409
181 6.2 -0.304084758542 4.06527045435
182 6.22 -0.383415906069 3.8693644797
183 6.24 -0.4589186865 3.68236156522
184 6.26 -0.530766903527 3.50383958321
185 6.28 -0.599126131804 3.33339756513
186 6.3 -0.664154128804 3.17065458013
187 6.32 -0.726001224889 3.0152486763
188 6.34 -0.784810692795 2.866835881
189 6.36 -0.840719097683 2.72508925658
190 6.38 -0.893856628836 2.58969800863
191 6.4 -0.944347414023 2.46036664323
192 6.42 -0.992309817464 2.33681417085
193 6.44 -1.03785672233 2.21877335375
194 6.46 -1.08109579859 2.10598999469
195 6.48 -1.12212975704 1.99822226439
196 6.5 -1.16105659023 1.8952400656
197 6.52 -1.19796980108 1.79682443166
198 6.54 -1.23295861967 1.70276695755
199 6.56 -1.26610820912 1.61286926168
200 6.58 -1.29749986087 1.52694247655
201 6.6 -1.32721118011 1.44480676668
202 6.62 -1.35531626183 1.36629087245
203 6.64 -1.38188585796 1.29123167801
204 6.66 -1.40698753611 1.21947380239
205 6.68 -1.43068583041 1.15086921208
206 6.7 -1.45304238467 1.08527685416
207 6.72 -1.47411608859 1.02256230873
208 6.74 -1.493963207 0.962597459596
209 6.76 -1.51263750285 0.90526018218
210 6.78 -1.53019035404 0.850434047748
211 6.8 -1.54667086448 0.798008043011
212 6.82 -1.56212596978 0.747876304295
213 6.84 -1.57660053762 0.699937865467
214 6.86 -1.59013746336 0.654096418865
215 6.88 -1.60277776088 0.610260088543
216 6.9 -1.61456064906 0.568341215144
217 6.92 -1.62552363404 0.528256151786
218 6.94 -1.63570258753 0.489925070364
219 6.96 -1.64513182134 0.453271777711
220 6.98 -1.65384415828 0.418223541087
221 7.0 -1.66187099974 0.384710922497
222 7.02 -1.66924238997 0.352667621378
223 7.04 -1.67598707733 0.322030325194
224 7.06 -1.68213257263 0.292738567537
225 7.08 -1.68770520468 0.264734593325
226 7.1 -1.69273017323 0.237963230734
227 7.12 -1.6972315994 0.2123717695
228 7.14 -1.70123257376 0.187909845266
229 7.16 -1.70475520212 0.16452932965
230 7.18 -1.70782064924 0.142184225751
231 7.2 -1.71044918037 0.120830568787
232 7.22 -1.71266020104 0.100426331626
233 7.24 -1.71447229485 0.0809313349308
234 7.26 -1.71590325956 0.0623071617066
235 7.28 -1.71697014154 0.044517076001
236 7.3 -1.71768926862 0.0275259455594
237 7.32 -1.71807628139 0.0113001682279
238 7.34 -1.71814616312 -0.00419239808778
239 7.36 -1.71791326826 -0.0189825020854
240 7.38 -1.71739134971 -0.0330995625254
241 7.4 -1.71659358478 -0.0465717286462
242 7.42 -1.71553260002 -0.0594259376903
243 7.44 -1.71422049488 -0.0716879696855
244 7.46 -1.71266886435 -0.0833824996199
245 7.48 -1.71088882055 -0.0945331471409
246 7.5 -1.70889101338 -0.105162523901
247 7.52 -1.7066856502 -0.115292278666
248 7.54 -1.70428251466 -0.124943140307
249 7.56 -1.70169098469 -0.13413495876
250 7.58 -1.69892004969 -0.142886744076
251 7.6 -1.69597832693 -0.151216703644
252 7.62 -1.69287407728 -0.159142277674
253 7.64 -1.68961522019 -0.166680173038
254 7.66 -1.68620934803 -0.173846395532
255 7.68 -1.68266373981 -0.180656280652
256 7.7 -1.67898537429 -0.187124522948
257 7.72 -1.67518094251 -0.193265204023
258 7.74 -1.67125685978 -0.199091819249
259 7.76 -1.66721927716 -0.204617303261
260 7.78 -1.66307409242 -0.20985405428
261 7.8 -1.65882696053 -0.214813957332
262 7.82 -1.65448330371 -0.21950840641
263 7.84 -1.65004832104 -0.223948325627
264 7.86 -1.64552699763 -0.228144189416
265 7.88 -1.64092411345 -0.232106041819
266 7.9 -1.63624425173 -0.235843514899
267 7.92 -1.63149180705 -0.239365846333
268 7.94 -1.62667099301 -0.242681896213
269 7.96 -1.62178584967 -0.245800163096
270 7.98 -1.61684025061 -0.248728799339
271 8.0 -1.61183790969 -0.251475625745
272 8.02 -1.60678238756 -0.254048145572
273 8.04 -1.60167709786 -0.256453557906
274 8.06 -1.59652531318 -0.258698770453
275 8.08 -1.59133017079 -0.260790411767
276 8.1 -1.58609467805 -0.262734842931
277 8.12 -1.58082171772 -0.264538168734
278 8.14 -1.57551405289 -0.26620624836
279 8.16 -1.57017433188 -0.267744705599
280 8.18 -1.56480509278 -0.269158938625
281 8.2 -1.55940876791 -0.270454129338
282 8.22 -1.55398768802 -0.271635252315
283 8.24 -1.54854408639 -0.272707083354
284 8.26 -1.54308010269 -0.273674207668
285 8.28 -1.53759778673 -0.274541027712
286 8.3 -1.53209910206 -0.275311770682
287 8.32 -1.52658592932 -0.275990495686
288 8.34 -1.52106006966 -0.276581100614
289 8.36 -1.51552324778 -0.277087328708
290 8.38 -1.50997711503 -0.277512774857
291 8.4 -1.50442325228 -0.277860891625
292 8.42 -1.49886317276 -0.278134995017
293 8.44 -1.49329832464 -0.278338270004
294 8.46 -1.48773009372 -0.27847377582
295 8.48 -1.48215980579 -0.278544451025
296 8.5 -1.47658872904 -0.278553118366
297 8.52 -1.47101807634 -0.278502489422
298 8.54 -1.46544900739 -0.27839516907
299 8.56 -1.45988263082 -0.278233659745
300 8.58 -1.45432000621 -0.27802036554
301 8.6 -1.44876214601 -0.277757596126
302 8.62 -1.44321001738 -0.277447570509
303 8.64 -1.437664544 -0.277092420635
304 8.66 -1.43212660771 -0.276694194842
305 8.68 -1.42659705024 -0.276254861174
306 8.7 -1.4210766747 -0.275776310556
307 8.72 -1.41556624714 -0.275260359835
308 8.74 -1.41006649798 -0.274708754702
309 8.76 -1.40457812345 -0.274123172492
310 8.78 -1.39910178684 -0.273505224869
311 8.8 -1.39363811988 -0.272856460401
312 8.82 -1.38818772394 -0.272178367032
313 8.84 -1.38275117119 -0.271472374453
314 8.86 -1.37732900578 -0.270739856375
315 8.88 -1.37192174496 -0.269982132713
316 8.9 -1.36652988005 -0.269200471678
317 8.92 -1.36115387754 -0.26839609179
318 8.94 -1.35579418002 -0.267570163805
319 8.96 -1.35045120713 -0.266723812565
320 8.98 -1.34512535646 -0.26585811878
321 9.0 -1.3398170044 -0.264974120729
322 9.02 -1.334526507 -0.2640728159
323 9.04 -1.32925420074 -0.263155162565
324 9.06 -1.32400040334 -0.262222081284
325 9.08 -1.31876541444 -0.261274456364
326 9.1 -1.31354951637 -0.260313137244
327 9.12 -1.3083529748 -0.259338939836
328 9.14 -1.3031760394 -0.258352647809
329 9.16 -1.2980189445 -0.257355013824
330 9.18 -1.29288190964 -0.256346760718
331 9.2 -1.28776514023 -0.255328582644
332 9.22 -1.28266882805 -0.254301146164
333 9.24 -1.27759315183 -0.253265091305
334 9.26 -1.27253827775 -0.252221032561
335 9.28 -1.26750435995 -0.251169559871
336 9.3 -1.262491541 -0.25011123955
337 9.32 -1.25749995239 -0.249046615186
338 9.34 -1.25252971494 -0.2479762085
339 9.36 -1.24758093926 -0.246900520178
340 9.38 -1.24265372614 -0.245820030663
341 9.4 -1.23774816696 -0.244735200927
342 9.42 -1.23286434408 -0.243646473201
343 9.44 -1.22800233119 -0.242554271687
344 9.46 -1.22316219366 -0.241459003238
345 9.48 -1.2183439889 -0.240361058009
346 9.5 -1.21354776668 -0.239260810093
347 9.52 -1.20877356945 -0.238158618121
348 9.54 -1.20402143262 -0.237054825845
349 9.56 -1.19929138489 -0.235949762702
350 9.58 -1.19458344848 -0.234843744346
351 9.6 -1.18989763946 -0.233737073173
352 9.62 -1.18523396797 -0.232630038816
353 9.64 -1.18059243848 -0.231522918625
354 9.66 -1.17597305003 -0.230415978128
355 9.68 -1.17137579646 -0.229309471477
356 9.7 -1.16680066665 -0.228203641873
357 9.72 -1.16224764472 -0.22709872198
358 9.74 -1.15771671022 -0.225994934317
359 9.76 -1.15320783838 -0.224892491642
360 9.78 -1.14872100023 -0.223791597316
361 9.8 -1.14425616286 -0.222692445658
362 9.82 -1.13981328955 -0.221595222284
363 9.84 -1.13539233993 -0.220500104432
364 9.86 -1.13099327021 -0.219407261278
365 9.88 -1.12661603324 -0.218316854241
366 9.9 -1.12226057877 -0.217229037271
367 9.92 -1.1179268535 -0.216143957132
368 9.94 -1.1136148013 -0.215061753669
369 9.96 -1.10932436329 -0.213982560076
370 9.98 -1.10505547799 -0.212906503136
371 10.0 -1.10080808145 -0.211833703472
372 10.02 -1.09658210737 -0.210764275774
373 10.04 -1.09237748721 -0.209698329022
374 10.06 -1.08819415031 -0.208635966708
375 10.08 -1.08403202399 -0.207577287034
376 10.1 -1.07989103365 -0.206522383122
377 10.12 -1.0757711029 -0.205471343199
378 10.14 -1.07167215361 -0.204424250786
379 10.16 -1.06759410603 -0.203381184875
380 10.18 -1.06353687887 -0.202342220105
381 10.2 -1.05950038941 -0.201307426921
382 10.22 -1.05548455354 -0.20027687174
383 10.24 -1.05148928587 -0.199250617102
384 10.26 -1.04751449979 -0.19822872182
385 10.28 -1.04356010757 -0.197211241119
386 10.3 -1.03962602037 -0.196198226777
387 10.32 -1.0357121484 -0.195189727259
388 10.34 -1.03181840088 -0.19418578784
389 10.36 -1.0279446862 -0.193186450732
390 10.38 -1.02409091191 -0.1921917552
391 10.4 -1.0202569848 -0.191201737679
392 10.42 -1.01644281099 -0.190216431881
393 10.44 -1.01264829591 -0.189235868906
394 10.46 -1.00887334442 -0.188260077336
395 10.48 -1.00511786083 -0.187289083343
396 10.5 -1.00138174894 -0.186322910778
397 10.52 -0.997664912113 -0.185361581264
398 10.54 -0.993967253276 -0.184405114284
399 10.56 -0.990288675008 -0.183453527268
400 10.58 -0.986629079549 -0.182506835671
401 10.6 -0.982988368854 -0.181565053055
402 10.62 -0.979366444622 -0.180628191165
403 10.64 -0.975763208335 -0.179696260001
404 10.66 -0.972178561294 -0.17876926789
405 10.68 -0.968612404648 -0.177847221551
406 10.7 -0.965064639426 -0.176930126167
407 10.72 -0.96153516657 -0.176017985441
408 10.74 -0.958023886961 -0.175110801662
409 10.76 -0.95453070145 -0.174208575761
410 10.78 -0.951055510881 -0.173311307369
411 10.8 -0.947598216116 -0.172418994873
412 10.82 -0.944158718065 -0.171531635464
413 10.84 -0.940736917703 -0.170649225192
414 10.86 -0.937332716096 -0.169771759015
415 10.88 -0.933946014422 -0.168899230842
416 10.9 -0.93057671399 -0.168031633581
417 10.92 -0.92722471626 -0.167168959186
418 10.94 -0.923889922863 -0.166311198692
419 10.96 -0.920572235618 -0.165458342262
420 10.98 -0.917271556549 -0.164610379221
421 11.0 -0.913987787903 -0.1637672981
422 11.02 -0.910720832161 -0.162929086665
423 11.04 -0.907470592058 -0.162095731957
424 11.06 -0.904236970595 -0.161267220326
425 11.08 -0.901019871053 -0.160443537459
426 11.1 -0.897819197004 -0.159624668416
427 11.12 -0.894634852328 -0.15881059766
428 11.14 -0.891466741217 -0.15800130908
429 11.16 -0.888314768194 -0.157196786028
430 11.18 -0.88517883812 -0.156397011339
431 11.2 -0.882058856202 -0.155601967361
432 11.22 -0.878954728008 -0.154811635976
433 11.24 -0.87586635947 -0.154025998629
434 11.26 -0.872793656896 -0.153245036348
435 11.28 -0.869736526978 -0.152468729768
436 11.3 -0.866694876798 -0.15169705915
437 11.32 -0.863668613839 -0.150930004405
438 11.34 -0.860657645986 -0.150167545112
439 11.36 -0.857661881536 -0.149409660536
440 11.38 -0.854681229206 -0.148656329652
441 11.4 -0.851715598134 -0.147907531156
442 11.42 -0.848764897888 -0.147163243484
443 11.44 -0.845829038468 -0.146423444834
444 11.46 -0.842907930314 -0.145688113174
445 11.48 -0.840001484309 -0.144957226261
446 11.5 -0.837109611782 -0.144230761656
447 11.52 -0.834232224512 -0.143508696739
448 11.54 -0.831369234733 -0.14279100872
449 11.56 -0.828520555137 -0.142077674653
450 11.58 -0.825686098874 -0.141368671449
451 11.6 -0.822865779561 -0.140663975889
452 11.62 -0.820059511277 -0.139963564633
453 11.64 -0.81726720857 -0.139267414235
454 11.66 -0.814488786459 -0.138575501149
455 11.68 -0.811724160433 -0.137887801745
456 11.7 -0.808973246456 -0.137204292313
457 11.72 -0.806235960966 -0.136524949077
458 11.74 -0.803512220877 -0.135849748201
459 11.76 -0.800801943581 -0.135178665802
460 11.78 -0.798105046948 -0.134511677954
461 11.8 -0.795421449326 -0.133848760697
462 11.82 -0.792751069543 -0.133189890048
463 11.84 -0.790093826906 -0.132535042004
464 11.86 -0.787449641205 -0.131884192552
465 11.88 -0.784818432707 -0.131237317677
466 11.9 -0.782200122161 -0.130594393364
467 11.92 -0.779594630795 -0.129955395608
468 11.94 -0.777001880319 -0.129320300421
469 11.96 -0.774421792921 -0.128689083832
470 11.98 -0.771854291268 -0.1280617219
471 12.0 -0.769299298507 -0.127438190715
472 12.02 -0.766756738261 -0.126818466403
473 12.04 -0.764226534631 -0.126202525133
474 12.06 -0.761708612194 -0.125590343118
475 12.08 -0.759202896002 -0.124981896625
476 12.1 -0.756709311583 -0.124377161973
477 12.12 -0.754227784935 -0.123776115544
478 12.14 -0.75175824253 -0.123178733779
479 12.16 -0.74930061131 -0.122584993188
480 12.18 -0.746854818684 -0.121994870352
481 12.2 -0.744420792533 -0.121408341923
482 12.22 -0.7419984612 -0.120825384632
483 12.24 -0.739587753495 -0.120245975289
484 12.26 -0.737188598689 -0.119670090788
485 12.28 -0.734800926518 -0.119097708107
486 12.3 -0.732424667173 -0.118528804313
487 12.32 -0.730059751305 -0.117963356563
488 12.34 -0.727706110022 -0.11740134211
489 12.36 -0.725363674883 -0.116842738298
490 12.38 -0.723032377902 -0.116287522571
491 12.4 -0.720712151543 -0.115735672472
492 12.42 -0.718402928715 -0.115187165645
493 12.44 -0.716104642777 -0.114641979838
494 12.46 -0.713817227529 -0.114100092904
495 12.48 -0.711540617215 -0.1135614828
496 12.5 -0.709274746518 -0.113026127594
497 12.52 -0.707019550558 -0.112494005462
498 12.54 -0.70477496489 -0.11196509469
499 12.56 -0.702540925505 -0.111439373678
500 12.58 -0.700317368821 -0.110916820936
501 12.6 -0.698104231688 -0.110397415091
502 12.62 -0.69590145138 -0.109881134884
503 12.64 -0.693708965596 -0.109367959171
504 12.66 -0.691526712457 -0.108857866928
505 12.68 -0.689354630502 -0.108350837244
506 12.7 -0.687192658689 -0.107846849332
507 12.72 -0.685040736388 -0.107345882519
508 12.74 -0.682898803384 -0.106847916255
509 12.76 -0.680766799871 -0.106352930108
510 12.78 -0.678644666448 -0.105860903769
511 12.8 -0.676532344122 -0.105371817049
512 12.82 -0.674429774302 -0.10488564988
513 12.84 -0.672336898796 -0.104402382317
514 12.86 -0.670253659811 -0.103921994536
515 12.88 -0.668179999948 -0.103444466836
516 12.9 -0.666115862201 -0.102969779639
517 12.92 -0.664061189955 -0.102497913489
518 12.94 -0.662015926983 -0.102028849053
519 12.96 -0.659980017443 -0.101562567122
520 12.98 -0.657953405876 -0.101099048608
521 13.0 -0.655936037203 -0.100638274548
522 13.02 -0.653927856723 -0.100180226101
523 13.04 -0.651928810113 -0.0997248845489
524 13.06 -0.649938843419 -0.0992722312959
525 13.08 -0.647957903062 -0.0988222478696
526 13.1 -0.645985935828 -0.0983749159199
527 13.12 -0.64402288887 -0.0979302172191
528 13.14 -0.642068709705 -0.0974881336614
529 13.16 -0.640123346209 -0.097048647263
530 13.18 -0.638186746619 -0.0966117401617
531 13.2 -0.636258859526 -0.0961773946166
532 13.22 -0.634339633875 -0.0957455930079
533 13.24 -0.632429018963 -0.0953163178365
534 13.26 -0.630526964434 -0.0948895517235
535 13.28 -0.628633420282 -0.0944652774101
536 13.3 -0.62674833684 -0.0940434777572
537 13.32 -0.624871664787 -0.0936241357448
538 13.34 -0.623003355139 -0.0932072344716
539 13.36 -0.621143359249 -0.0927927571548
540 13.38 -0.619291628804 -0.0923806871294
541 13.4 -0.617448115825 -0.091971007848
542 13.42 -0.615612772662 -0.0915637028799
543 13.44 -0.61378555199 -0.0911587559112
544 13.46 -0.611966406813 -0.0907561507435
545 13.48 -0.610155290456 -0.0903558712944
546 13.5 -0.608352156563 -0.0899579015961
547 13.52 -0.606556959099 -0.0895622257951
548 13.54 -0.604769652343 -0.089168828152
549 13.56 -0.602990190889 -0.0887776930406
550 13.58 -0.601218529642 -0.0883888049474
551 13.6 -0.599454623814 -0.088002148471
552 13.62 -0.597698428927 -0.0876177083216
553 13.64 -0.595949900807 -0.0872354693205
554 13.66 -0.594208995581 -0.0868554163993
555 13.68 -0.592475669677 -0.0864775345994
556 13.7 -0.590749879822 -0.0861018090713
557 13.72 -0.589031583037 -0.0857282250742
558 13.74 -0.587320736639 -0.0853567679751
559 13.76 -0.585617298236 -0.0849874232486
560 13.78 -0.583921225723 -0.0846201764757
561 13.8 -0.582232477286 -0.0842550133436
562 13.82 -0.580551011393 -0.083891919645
563 13.84 -0.578876786798 -0.0835308812773
564 13.86 -0.577209762533 -0.0831718842421
565 13.88 -0.575549897912 -0.0828149146446
566 13.9 -0.573897152523 -0.0824599586927
567 13.92 -0.572251486231 -0.0821070026966
568 13.94 -0.570612859173 -0.0817560330682
569 13.96 -0.568981231756 -0.0814070363201
570 13.98 -0.567356564657 -0.0810599990654
571 14.0 -0.565738818819 -0.0807149080166
572 14.02 -0.564127955449 -0.0803717499853
573 14.04 -0.56252393602 -0.0800305118814
574 14.06 -0.560926722261 -0.0796911807123
575 14.08 -0.559336276164 -0.0793537435825
576 14.1 -0.557752559976 -0.079018187693
577 14.12 -0.5561755362 -0.0786845003402
578 14.14 -0.55460516759 -0.0783526689157
579 14.16 -0.553041417154 -0.0780226809053
580 14.18 -0.551484248147 -0.0776945238888
581 14.2 -0.549933624074 -0.0773681855387
582 14.22 -0.548389508683 -0.0770436536203
583 14.24 -0.546851865967 -0.0767209159903
584 14.26 -0.545320660162 -0.0763999605967
585 14.28 -0.543795855741 -0.076080775478
586 14.3 -0.54227741742 -0.0757633487623
587 14.32 -0.540765310147 -0.075447668667
588 14.34 -0.539259499107 -0.0751337234981
589 14.36 -0.537759949718 -0.0748215016493
590 14.38 -0.536266627629 -0.0745109916017
591 14.4 -0.534779498718 -0.0742021819228
592 14.42 -0.533298529092 -0.0738950612663
593 14.44 -0.531823685082 -0.073589618371
594 14.46 -0.530354933247 -0.0732858420606
595 14.48 -0.528892240363 -0.0729837212427
596 14.5 -0.527435573434 -0.0726832449085
597 14.52 -0.525984899677 -0.0723844021319
598 14.54 -0.52454018653 -0.072087182069
599 14.56 -0.523101401648 -0.0717915739575
600 14.58 -0.521668512897 -0.0714975671162
601 14.6 -0.520241488359 -0.071205150944
602 14.62 -0.518820296325 -0.0709143149198
603 14.64 -0.517404905297 -0.0706250486013
604 14.66 -0.515995283985 -0.0703373416252
605 14.68 -0.514591401305 -0.0700511837056
606 14.7 -0.513193226378 -0.0697665646344
607 14.72 -0.511800728528 -0.06948347428
608 14.74 -0.510413877282 -0.069201902587
609 14.76 -0.509032642367 -0.0689218395755
610 14.78 -0.507656993708 -0.0686432753407
611 14.8 -0.506286901427 -0.068366200052
612 14.82 -0.504922335844 -0.0680906039529
613 14.84 -0.503563267472 -0.0678164773599
614 14.86 -0.502209667017 -0.0675438106623
615 14.88 -0.500861505377 -0.0672725943215
616 14.9 -0.499518753638 -0.0670028188703
617 14.92 -0.498181383079 -0.0667344749127
618 14.94 -0.496849365161 -0.066467553123
619 14.96 -0.495522671534 -0.0662020442454
620 14.98 -0.494201274033 -0.0659379390934
621 15.0 -0.492885144673 -0.0656752285492
622 15.02 -0.491574255654 -0.0654139035635
623 15.04 -0.490268579353 -0.0651539551544
624 15.06 -0.48896808833 -0.0648953744073
625 15.08 -0.487672755318 -0.0646381524742
626 15.1 -0.486382553231 -0.0643822805732
627 15.12 -0.485097455153 -0.064127749988
628 15.14 -0.483817434347 -0.0638745520673
629 15.16 -0.482542464244 -0.0636226782243
630 15.18 -0.481272518447 -0.0633721199364
631 15.2 -0.480007570732 -0.0631228687444
632 15.22 -0.47874759504 -0.062874916252
633 15.24 -0.47749256548 -0.0626282541256
634 15.26 -0.476242456327 -0.0623828740934
635 15.28 -0.474997242023 -0.0621387679452
636 15.3 -0.473756897171 -0.061895927532
637 15.32 -0.472521396538 -0.061654344765
638 15.34 -0.47129071505 -0.0614140116156
639 15.36 -0.470064827795 -0.0611749201148
640 15.38 -0.46884371002 -0.0609370623526
641 15.4 -0.467627337129 -0.0607004304776
642 15.42 -0.466415684681 -0.0604650166966
643 15.44 -0.465208728392 -0.0602308132741
644 15.46 -0.464006444132 -0.0599978125317
645 15.48 -0.462808807924 -0.0597660068478
646 15.5 -0.461615795941 -0.0595353886571
647 15.52 -0.460427384511 -0.05930595045
648 15.54 -0.459243550107 -0.0590776847726
649 15.56 -0.458064269352 -0.0588505842256
650 15.58 -0.456889519019 -0.0586246414643
651 15.6 -0.455719276024 -0.0583998491983
652 15.62 -0.454553517429 -0.0581762001905
653 15.64 -0.453392220442 -0.057953687257
654 15.66 -0.452235362413 -0.057732303267
655 15.68 -0.451082920833 -0.0575120411416
656 15.7 -0.449934873335 -0.0572928938542
657 15.72 -0.448791197693 -0.0570748544293
658 15.74 -0.447651871818 -0.0568579159429
659 15.76 -0.446516873761 -0.0566420715213
660 15.78 -0.445386181709 -0.0564273143414
661 15.8 -0.444259773984 -0.0562136376296
662 15.82 -0.443137629046 -0.0560010346619
663 15.84 -0.442019725484 -0.0557894987635
664 15.86 -0.440906042025 -0.0555790233081
665 15.88 -0.439796557526 -0.0553696017175
666 15.9 -0.438691250974 -0.0551612274618
667 15.92 -0.437590101489 -0.0549538940582
668 15.94 -0.436493088316 -0.0547475950712
669 15.96 -0.435400190832 -0.0545423241119
670 15.98 -0.43431138854 -0.0543380748379
671 16.0 -0.43322666107 -0.0541348409526
672 16.02 -0.432145988175 -0.0539326162051
673 16.04 -0.431069349735 -0.0537313943897
674 16.06 -0.429996725754 -0.0535311693457
675 16.08 -0.428928096357 -0.0533319349567
676 16.1 -0.427863441792 -0.0531336851505
677 16.12 -0.426802742427 -0.0529364138987
678 16.14 -0.425745978752 -0.0527401152166
679 16.16 -0.424693131374 -0.0525447831621
680 16.18 -0.423644181021 -0.0523504118362
681 16.2 -0.422599108535 -0.0521569953823
682 16.22 -0.421557894878 -0.0519645279856
683 16.24 -0.420520521127 -0.0517730038733
684 16.26 -0.419486968473 -0.0515824173138
685 16.28 -0.418457218222 -0.0513927626166
686 16.3 -0.417431251794 -0.051204034132
687 16.32 -0.41640905072 -0.0510162262506
688 16.34 -0.415390596643 -0.050829333403
689 16.36 -0.41437587132 -0.0506433500599
690 16.38 -0.413364856614 -0.0504582707309
691 16.4 -0.4123575345 -0.0502740899651
692 16.42 -0.411353887061 -0.0500908023503
693 16.44 -0.410353896488 -0.0499084025129
694 16.46 -0.409357545078 -0.0497268851171
695 16.48 -0.408364815236 -0.0495462448654
696 16.5 -0.407375689471 -0.0493664764977
697 16.52 -0.406390150398 -0.0491875747911
698 16.54 -0.405408180736 -0.0490095345599
699 16.56 -0.404429763307 -0.0488323506547
700 16.58 -0.403454881035 -0.0486560179629
701 16.6 -0.402483516947 -0.0484805314077
702 16.62 -0.401515654171 -0.0483058859483
703 16.64 -0.400551275935 -0.0481320765793
704 16.66 -0.399590365567 -0.0479590983305
705 16.68 -0.398632906494 -0.0477869462668
706 16.7 -0.397678882242 -0.0476156154877
707 16.72 -0.396728276432 -0.0474451011271
708 16.74 -0.395781072786 -0.0472753983531
709 16.76 -0.394837255119 -0.0471065023674
710 16.78 -0.393896807344 -0.0469384084057
711 16.8 -0.392959713468 -0.0467711117367
712 16.82 -0.392025957591 -0.0466046076623
713 16.84 -0.391095523909 -0.0464388915171
714 16.86 -0.390168396708 -0.0462739586683
715 16.88 -0.389244560371 -0.0461098045155
716 16.9 -0.388323999367 -0.04594642449
717 16.92 -0.38740669826 -0.0457838140552
718 16.94 -0.386492641704 -0.0456219687059
719 16.96 -0.385581814441 -0.0454608839681
720 16.98 -0.384674201304 -0.0453005553988
721 17.0 -0.383769787214 -0.045140978586
722 17.02 -0.382868557178 -0.044982149148
723 17.04 -0.381970496294 -0.0448240627335
724 17.06 -0.381075589744 -0.0446667150213
725 17.08 -0.380183822797 -0.0445101017198
726 17.1 -0.379295180808 -0.0443542185673
727 17.12 -0.378409649215 -0.0441990613312
728 17.14 -0.377527213543 -0.0440446258081
729 17.16 -0.376647859399 -0.0438909078236
730 17.18 -0.375771572474 -0.0437379032318
731 17.2 -0.374898338542 -0.0435856079154
732 17.22 -0.374028143456 -0.0434340177851
733 17.24 -0.373160973156 -0.0432831287799
734 17.26 -0.372296813658 -0.0431329368663
735 17.28 -0.371435651061 -0.0429834380385
736 17.3 -0.370577471542 -0.0428346283181
737 17.32 -0.36972226136 -0.0426865037537
738 17.34 -0.368870006851 -0.0425390604208
739 17.36 -0.368020694428 -0.0423922944219
740 17.38 -0.367174310584 -0.0422462018856
741 17.4 -0.366330841888 -0.0421007789672
742 17.42 -0.365490274987 -0.0419560218477
743 17.44 -0.364652596601 -0.0418119267343
744 17.46 -0.363817793529 -0.0416684898597
745 17.48 -0.362985852643 -0.0415257074823
746 17.5 -0.362156760891 -0.0413835758856
747 17.52 -0.361330505294 -0.0412420913782
748 17.54 -0.360507072947 -0.0411012502937
749 17.56 -0.359686451017 -0.0409610489904
750 17.58 -0.358868626746 -0.0408214838511
751 17.6 -0.358053587446 -0.040682551283
752 17.62 -0.357241320501 -0.0405442477172
753 17.64 -0.356431813368 -0.0404065696091
754 17.66 -0.355625053571 -0.0402695134376
755 17.68 -0.354821028707 -0.0401330757054
756 17.7 -0.354019726443 -0.0399972529384
757 17.72 -0.353221134513 -0.0398620416858
758 17.74 -0.352425240721 -0.0397274385201
759 17.76 -0.351632032941 -0.0395934400363
760 17.78 -0.350841499111 -0.0394600428522
761 17.8 -0.35005362724 -0.0393272436083
762 17.82 -0.349268405403 -0.0391950389674
763 17.84 -0.34848582174 -0.0390634256142
764 17.86 -0.347705864458 -0.0389324002559
765 17.88 -0.346928521831 -0.0388019596211
766 17.9 -0.346153782197 -0.0386721004602
767 17.92 -0.345381633958 -0.0385428195454
768 17.94 -0.344612065582 -0.0384141136698
769 17.96 -0.343845065599 -0.038285979648
770 17.98 -0.343080622605 -0.0381584143155
771 18.0 -0.342318725256 -0.0380314145287
772 18.02 -0.341559362274 -0.0379049771648
773 18.04 -0.340802522441 -0.0377790991214
774 18.06 -0.340048194601 -0.0376537773164
775 18.08 -0.33929636766 -0.0375290086883
776 18.1 -0.338547030586 -0.0374047901954
777 18.12 -0.337800172405 -0.0372811188161
778 18.14 -0.337055782206 -0.0371579915483
779 18.16 -0.336313849135 -0.0370354054099
780 18.18 -0.335574362401 -0.0369133574381
781 18.2 -0.33483731127 -0.0367918446895
782 18.22 -0.334102685065 -0.0366708642398
783 18.24 -0.333370473171 -0.0365504131839
784 18.26 -0.332640665028 -0.0364304886354
785 18.28 -0.331913250135 -0.0363110877269
786 18.3 -0.331188218047 -0.0361922076096
787 18.32 -0.330465558377 -0.0360738454529
788 18.34 -0.329745260794 -0.0359559984449
789 18.36 -0.329027315024 -0.0358386637917
790 18.38 -0.328311710846 -0.0357218387177
791 18.4 -0.327598438096 -0.0356055204649
792 18.42 -0.326887486666 -0.0354897062933
793 18.44 -0.326178846502 -0.0353743934808
794 18.46 -0.325472507603 -0.0352595793223
795 18.48 -0.324768460023 -0.0351452611307
796 18.5 -0.324066693869 -0.0350314362357
797 18.52 -0.323367199302 -0.0349181019845
798 18.54 -0.322669966536 -0.0348052557411
799 18.56 -0.321974985837 -0.0346928948865
800 18.58 -0.321282247522 -0.0345810168186
801 18.6 -0.320591741963 -0.0344696189517
802 18.62 -0.31990345958 -0.0343586987167
803 18.64 -0.319217390847 -0.0342482535611
804 18.66 -0.318533526287 -0.0341382809484
805 18.68 -0.317851856475 -0.0340287783585
806 18.7 -0.317172372036 -0.0339197432873
807 18.72 -0.316495063644 -0.0338111732465
808 18.74 -0.315819922022 -0.0337030657637
809 18.76 -0.315146937946 -0.0335954183822
810 18.78 -0.314476102236 -0.0334882286609
811 18.8 -0.313807405764 -0.0333814941741
812 18.82 -0.31314083945 -0.0332752125115
813 18.84 -0.312476394261 -0.0331693812782
814 18.86 -0.311814061212 -0.033063998094
815 18.88 -0.311153831366 -0.0329590605941
816 18.9 -0.310495695833 -0.0328545664286
817 18.92 -0.309839645769 -0.0327505132621
818 18.94 -0.309185672378 -0.0326468987742
819 18.96 -0.308533766909 -0.032543720659
820 18.98 -0.307883920658 -0.0324409766249
821 19.0 -0.307236124965 -0.032338664395
822 19.02 -0.306590371218 -0.0322367817064
823 19.04 -0.305946650848 -0.0321353263106
824 19.06 -0.305304955332 -0.0320342959728
825 19.08 -0.304665276191 -0.0319336884725
826 19.1 -0.304027604989 -0.0318335016031
827 19.12 -0.303391933337 -0.0317337331714
828 19.14 -0.302758252887 -0.0316343809981
829 19.16 -0.302126555336 -0.0315354429176
830 19.18 -0.301496832424 -0.0314369167774
831 19.2 -0.300869075933 -0.0313388004388
832 19.22 -0.300243277689 -0.031241091776
833 19.24 -0.299619429558 -0.0311437886765
834 19.26 -0.298997523452 -0.031046889041
835 19.28 -0.298377551321 -0.030950390783
836 19.3 -0.297759505159 -0.0308542918291
837 19.32 -0.297143376999 -0.0307585901186
838 19.34 -0.296529158919 -0.0306632836034
839 19.36 -0.295916843034 -0.0305683702482
840 19.38 -0.295306421502 -0.0304738480301
841 19.4 -0.294697886519 -0.0303797149388
842 19.42 -0.294091230323 -0.0302859689762
843 19.44 -0.293486445192 -0.0301926081566
844 19.46 -0.292883523443 -0.0300996305063
845 19.48 -0.292282457431 -0.0300070340638
846 19.5 -0.291683239552 -0.0299148168796
847 19.52 -0.29108586224 -0.0298229770161
848 19.54 -0.290490317968 -0.0297315125477
849 19.56 -0.289896599248 -0.0296404215602
850 19.58 -0.289304698629 -0.0295497021514
851 19.6 -0.288714608697 -0.0294593524306
852 19.62 -0.288126322079 -0.0293693705184
853 19.64 -0.287539831437 -0.0292797545471
854 19.66 -0.28695512947 -0.0291905026603
855 19.68 -0.286372208916 -0.0291016130126
856 19.7 -0.285791062547 -0.0290130837702
857 19.72 -0.285211683174 -0.02892491311
858 19.74 -0.284634063644 -0.0288370992202
859 19.76 -0.284058196839 -0.0287496402998
860 19.78 -0.283484075678 -0.0286625345588
861 19.8 -0.282911693114 -0.028575780218
862 19.82 -0.282341042138 -0.0284893755087
863 19.84 -0.281772115775 -0.0284033186731
864 19.86 -0.281204907084 -0.0283176079638
865 19.88 -0.28063940916 -0.0282322416441
866 19.9 -0.280075615134 -0.0281472179874
867 19.92 -0.279513518168 -0.0280625352778
868 19.94 -0.278953111461 -0.0279781918096
869 19.96 -0.278394388245 -0.027894185887
870 19.98 -0.277837341786 -0.0278105158248
871 20.0 -0.277281965384 -0.0277271799475
872 20.02 -0.276728252372 -0.0276441765898
873 20.04 -0.276176196115 -0.0275615040963
874 20.06 -0.275625790013 -0.0274791608214
875 20.08 -0.275077027498 -0.0273971451294
876 20.1 -0.274529902035 -0.0273154553941
877 20.12 -0.27398440712 -0.0272340899992
878 20.14 -0.273440536283 -0.0271530473379
879 20.16 -0.272898283086 -0.027072325813
880 20.18 -0.27235764112 -0.0269919238365
881 20.2 -0.271818604012 -0.0269118398301
882 20.22 -0.271281165418 -0.0268320722247
883 20.24 -0.270745319024 -0.0267526194605
884 20.26 -0.270211058551 -0.0266734799867
885 20.28 -0.269678377747 -0.0265946522621
886 20.3 -0.269147270392 -0.026516134754
887 20.32 -0.268617730298 -0.0264379259393
888 20.34 -0.268089751307 -0.0263600243033
889 20.36 -0.267563327289 -0.0262824283405
890 20.38 -0.267038452145 -0.0262051365543
891 20.4 -0.266515119808 -0.0261281474567
892 20.42 -0.265993324239 -0.0260514595684
893 20.44 -0.265473059427 -0.0259750714189
894 20.46 -0.264954319394 -0.0258989815462
895 20.48 -0.264437098187 -0.0258231884968
896 20.5 -0.263921389885 -0.0257476908257
897 20.52 -0.263407188594 -0.0256724870964
898 20.54 -0.262894488451 -0.0255975758806
899 20.56 -0.262383283618 -0.0255229557586
900 20.58 -0.261873568289 -0.0254486253186
901 20.6 -0.261365336684 -0.0253745831572
902 20.62 -0.26085858305 -0.0253008278792
903 20.64 -0.260353301665 -0.0252273580972
904 20.66 -0.259849486832 -0.0251541724321
905 20.68 -0.259347132883 -0.0250812695126
906 20.7 -0.258846234176 -0.0250086479756
907 20.72 -0.258346785097 -0.0249363064654
908 20.74 -0.257848780059 -0.0248642436347
909 20.76 -0.257352213503 -0.0247924581434
910 20.78 -0.256857079894 -0.0247209486595
911 20.8 -0.256363373725 -0.0246497138585
912 20.82 -0.255871089517 -0.0245787524235
913 20.84 -0.255380221815 -0.0245080630453
914 20.86 -0.25489076519 -0.0244376444219
915 20.88 -0.254402714241 -0.0243674952592
916 20.9 -0.253916063592 -0.0242976142701
917 20.92 -0.253430807891 -0.0242280001751
918 20.94 -0.252946941814 -0.0241586517019
919 20.96 -0.252464460061 -0.0240895675856
920 20.98 -0.251983357357 -0.0240207465683
921 21.0 -0.251503628452 -0.0239521873994
922 21.02 -0.251025268123 -0.0238838888354
923 21.04 -0.25054827117 -0.0238158496399
924 21.06 -0.250072632417 -0.0237480685835
925 21.08 -0.249598346714 -0.0236805444437
926 21.1 -0.249125408934 -0.0236132760051
927 21.12 -0.248653813977 -0.023546262059
928 21.14 -0.248183556763 -0.0234795014037
929 21.16 -0.24771463224 -0.0234129928442
930 21.18 -0.247247035377 -0.0233467351922
931 21.2 -0.246780761168 -0.0232807272662
932 21.22 -0.246315804629 -0.0232149678915
933 21.24 -0.245852160803 -0.0231494558997
934 21.26 -0.245389824752 -0.0230841901292
935 21.28 -0.244928791564 -0.0230191694249
936 21.3 -0.244469056349 -0.0229543926381
937 21.32 -0.24401061424 -0.0228898586266
938 21.34 -0.243553460393 -0.0228255662547
939 21.36 -0.243097589986 -0.0227615143929
940 21.38 -0.242642998221 -0.0226977019182
941 21.4 -0.242189680321 -0.0226341277136
942 21.42 -0.241737631531 -0.0225707906687
943 21.44 -0.24128684712 -0.0225076896791
944 21.46 -0.240837322378 -0.0224448236465
945 21.48 -0.240389052616 -0.0223821914788
946 21.5 -0.239942033167 -0.02231979209
947 21.52 -0.239496259387 -0.0222576244002
948 21.54 -0.239051726653 -0.0221956873354
949 21.56 -0.238608430363 -0.0221339798275
950 21.58 -0.238166365937 -0.0220725008144
951 21.6 -0.237725528815 -0.02201124924
952 21.62 -0.237285914458 -0.0219502240539
953 21.64 -0.23684751835 -0.0218894242115
954 21.66 -0.236410335994 -0.0218288486741
955 21.68 -0.235974362915 -0.0217684964086
956 21.7 -0.235539594656 -0.0217083663878
957 21.72 -0.235106026784 -0.0216484575898
958 21.74 -0.234673654885 -0.0215887689986
959 21.76 -0.234242474563 -0.0215292996039
960 21.78 -0.233812481446 -0.0214700484006
961 21.8 -0.233383671179 -0.0214110143895
962 21.82 -0.232956039429 -0.0213521965765
963 21.84 -0.232529581881 -0.0212935939733
964 21.86 -0.232104294242 -0.0212352055967
965 21.88 -0.231680172236 -0.0211770304692
966 21.9 -0.231257211608 -0.0211190676184
967 21.92 -0.230835408122 -0.0210613160772
968 21.94 -0.230414757563 -0.021003774884
969 21.96 -0.229995255731 -0.0209464430823
970 21.98 -0.22957689845 -0.0208893197208
971 22.0 -0.229159681559 -0.0208324038534
972 22.02 -0.227697532318 -2.28355576752
973 22.04 -0.224261540025 -4.30370963551
974 22.06 -0.219027193657 -6.03843462807
975 22.08 -0.212169650716 -7.4595707691
976 22.1 -0.203863739455 -8.55238086278
977 22.12 -0.19428396108 -9.314255217
978 22.14 -0.183604491937 -9.75339759332
979 22.16 -0.171999185692 -9.88749226193
980 22.18 -0.159641575494 -9.74235204029
981 22.2 -0.146704876122 -9.35054719319
982 22.22 -0.133361986122 -8.75001507203
983 22.24 -0.119785489931 -7.98265037007
984 22.26 -0.10614765998 -7.09287587056
985 22.28 -0.092620458798 -6.12619356381
986 22.3 -0.0793755410867 -5.12771600891
987 22.32 -0.0665842557953 -4.14067781551
988 22.34 -0.0544176481745 -3.20492712039
989 22.36 -0.0430464618211 -2.35539693322
990 22.38 -0.0326411407082 -1.62055622558
991 22.4 -0.0233718312041 -1.02084063658
992 22.42 -0.0154083840774 -0.567062668154
993 22.44 -0.0089203564902 -0.258801242659
994 22.46 -0.00407701397905 -0.0827704949146
995 22.48 -0.00104733242302 -0.0111676702695
996 22.5 -0.0 -0.0
997 22.52 -0.0 -0.0
998 22.54 -0.0 -0.0
999 22.56 -0.0 -0.0
1000 22.58 -0.0 -0.0
1001 22.6 -0.0 -0.0
