# J. Phys. Chem. C, 2017, 121 (41), pp 22826–22835
# DOI: 10.1021/acs.jpcc.7b07091
#
#i,  j,  Reff(Ang),  C6(kcal*Ang^6/mol),  alpha,  beta(Ang),  gamma(Ang),  epsilon(kcal/mol),  lambda(1/Ang),  csi(eV),  eta(eV),  Cij(kcal/mol),  sR
 B   B   3.786       1037.322             8.0     3.1         1.6          0.46                0.7             10.0      6.702     0.45            0.8
 N   N   3.365       310.433              8.0     3.34        1.2          0.21                0.69            11.4      7.0       0.68            0.8
 H   H   2.798       37.870               9.0     2.7         20.0         0.31                0.8             10.2      7.0327    0.13            0.784
 B   N   3.576       516.681              7.5     3.17        1.8          0.2                 0.694982        0.0       0.0       0.13            0.8
 N   B   3.576       516.681              7.5     3.17        1.8          0.2                 0.694982        0.0       0.0       0.13            0.8
 B   H   3.292       185.686              9.0     2.8         20.0         0.31                0.748331        0.0       0.0       0.13            0.784
 H   B   3.292       185.686              9.0     2.8         20.0         0.31                0.748331        0.0       0.0       0.13            0.784
 N   H   3.082       90.589               9.0     2.7         20.0         0.25                0.742967        0.0       0.0       0.13            0.784
 H   N   3.082       90.589               9.0     2.7         20.0         0.25                0.742967        0.0       0.0       0.13            0.784
 C   C   3.586       522.915              9.2     3.22        1.2          0.01                1.0             0.0       0.0       0.80            0.704
 C   H   3.197       131.989              9.0     2.8         20.0         0.31                1.0             0.0       0.0       0.13            0.784
 H   C   3.197       131.989              9.0     2.8         20.0         0.31                1.0             0.0       0.0       0.13            0.784
