POD_coefficients: 3350
-3118.2445985823246701
-1559.2925385988771723
-27.420324521926584538
13.446103599005191143
-2.6541014694024300802
-22.811946038878627263
6.8000212475928005773
1.9509232383646140097
-4.6307914365070690366
1.1066105210006034198
0.32935869636789366632
1.5713962213676864188
-0.59676341250201148103
-0.15229279556399999418
-0.3601051929541378982
0.91486978138335650623
0.31720794170627214514
0.071435465944359857748
-0.41973758507661013128
-0.072203007257910914451
-103.69366712299853361
-1.2687183605130447628
0.271800120798005862
23.02776181717165116
-0.74573855676582312402
1.6906701820164435901
-130.79631335499038869
23.485931367835579664
3.5434977181618854125
42.568240263464893758
-1.6088407153279726813
1.6057519361856331663
-289.26058302485319018
1.5796978951709939043
-3.701186665209683202
46.54505311774405385
-0.37965901266393548008
0.15352654845467567091
-221.96913598977724291
7.3786238453408223847
3.7816719378616299174
13.043350276181776337
0.48250046218628345196
0.030600190658304500524
-118.72502220859951194
-4.0296925163221848365
-2.3214366932026297974
4.9036958229999152437
-0.055784724758986291293
0.10114121721686687716
14.677740757606347444
0.14969362160824906116
1.4052839027046846176
-6.3352021186734122082
0.2738383939319170568
0.1742089768610311229
28.27176895097053233
-4.1995693038447265977
1.4442659452543151755
-12.097354642265200297
0.63680208574506236285
0.41786165634072414132
45.030034088660279679
-0.95797836292088378585
1.2653494778342242455
-7.6724816416284662424
0.55436791094357740217
0.23138271953730338293
32.771568971640611778
-2.1890867333172350229
-0.62713837974803376962
-1.9027039995199368505
0.18893251535576388589
-0.034709457519625959432
14.588792641761662239
0.14429548609473727416
0.25421495360317775125
-0.94280645977180421724
0.091881450827968849659
-0.01942919132657503975
0.30233418449375387693
-0.29850064402159398602
0.28421361418650964437
-0.43870653713078189284
-0.046482849594146592731
0.014745264604730282457
-3.8049471292746264162
-0.048957474656543965852
0.76284078179524883456
-1.2048913298786834147
-0.027166205307110408845
0.052384445329946092984
-1.919812203620606228
-0.028570665398229534715
0.30772565492952519417
-0.73186486048042842523
-0.027538450143910854495
-0.0016451185202467650398
-0.89354595740668818493
0.079870711628084636868
0.18546728859313177384
-0.41378054214642584485
0.048124127357331264454
0.0043195250956437909046
0.40441196567502019077
0.036857845768305870504
0.0049501453016062317222
-0.16772465969858915691
0.0093118223709735686855
0.0054610273189627878479
-0.36268641904590809277
-0.013620601846575470725
0.065782546290312188253
-0.099130390820830333043
-0.003579103466227193716
0.0013627846116063518488
-0.050045228104194851293
-0.0044337167944925419405
0.1276657196178954401
-0.13755190042365467162
-0.032342529590920633675
-0.00018857172167361340017
-0.10110297362016433531
-0.044471108633051897874
0.037411997994541000556
-0.093250166166457648664
-0.0026681125527472072077
0.0037319582129982293607
-0.045101368852730000514
-0.0015112152245699359953
0.054437578734174721373
-0.054637817948884594144
0.0021041897201169567494
-0.0048965670202343464235
-0.10045726149770041469
0.014702151753259286651
0.00048583925395608007752
-0.013179871841304684893
0.0025370498570927500596
-0.0039538726749088065615
-0.047627505310867818134
-0.0164283196944799946
0.020744958789373612457
-0.033525137758345043004
0.0086625151767704359346
-0.015155176949928093888
-0.33157345279429711882
-0.13994674373051230187
-0.012261419026871129417
-0.033763881012892973943
0.0056472245939751660945
-0.022666107343211640973
-0.20525465958329403016
0.018843357543723019548
0.04201074587067776811
-0.091937690779576503042
-0.011761034016818185804
-0.014909803455455594365
-0.062948442396006207278
-0.039742435435942594091
0.0089583093722659136449
-0.015227663355770507461
0.0083529912005765542121
-0.011925609189650205472
-0.070328336844531241789
-0.01337992466423554988
0.026343479458341451105
-0.027518161603810396831
0.0020263419590090580094
-0.0022486913850246603025
-0.13073311528609005139
0.73376496119416612096
0.094631823637665021809
0.59420496028926894638
-0.30924481103554363193
0.095596307534917338011
-0.55462081528033868594
0.14992546039217852227
0.38594737161216025045
0.60927058851984416954
-0.53088984597185984171
0.42369027989701568693
0.0080113409938978915464
0.12013622622873333656
0.12160877115803112036
0.52904330854866554734
0.3426848328753685502
0.031549649945309746202
0.30478633061131804594
-0.049698185154727826662
0.31403758753348798294
-0.063359969589556475178
0.34295906602824027809
0.20262960272637045578
-0.033156248998804829786
-0.28545192015197029534
0.26848556365413972502
0.39520009972989661451
-0.021081919309285792469
0.0038241879252739817245
-0.027578770129090705854
0.24615461433362575971
0.0067287128139384404929
0.067404002800764459269
0.080348907470943059517
0.060382104858589975838
-0.22029333386298230457
-0.043367288430833976498
0.011184508561711265298
-0.12936275165941954479
-0.25346804926329075114
-0.010667172286610751564
-0.076896914941894378703
-0.070933206508500504239
-0.0080538751118127815259
-0.15385110289227360569
-0.083936655420937783534
0.068708446623714738988
0.034584661279448702942
0.0548030372336372959
0.034678705517063562747
0.011566993277854376032
0.0049200946265798147991
0.0026610642702595823858
0.04125262584200183047
-0.041386572670228757853
0.0076383828145064622608
-0.017527059326448057169
0.0088168023593884169153
0.026773727924853045479
0.068153473009824355744
-0.043275888399604535428
-0.2331832397089563802
-0.27264278744095593598
-0.0045183015948501246278
0.018209818148484113037
-0.21157088065927037723
-0.027939817563696119768
-0.019862563450223597733
-0.18000796578413777449
-0.17456551681664772557
0.1130613749697619852
-0.07050866873349133368
-0.053536959513706378067
-0.045044476876821872013
-0.083402747868876525583
-0.011159916252256003172
0.12832611455681988688
0.17040298847442597596
-0.042585343496437826072
-0.083631320670447067966
0.021762296655808345547
0.05097941987452636603
-0.020777875485088304064
0.14795351595051645099
-0.057857932308707574198
-0.13062205898326167963
0.071582283631917792421
-0.011151613713698955294
-0.012303743900065998093
0.011762048762358817341
-0.096683387051917007993
-0.17482316962228225399
-0.07940883832070690096
0.11419259373032927818
-0.01614645681279635453
-0.0028947611940258080425
0.018765271128046115412
-0.046616345670374745302
-0.051387159332207103801
-0.081491767313061957978
-0.070317533527844186536
-0.073074437221768442918
0.022481162211614405533
-0.047207322741482517225
-0.11593123805229445245
-0.046595463712096607534
-0.024583173043396040064
0.13553666583252760303
-0.025818566649463629836
-0.010120195924368170781
-0.24107760464549785051
-0.0075725698434030196474
0.017359915959786326872
-0.037412434676162321934
0.010959116585369738442
0.0012729748737482042813
-0.020570788497737427236
-0.015350990917400848118
0.06433302517477984539
0.068153444291052689419
0.32524635830380488333
-0.017003676031702809335
0.1756837660796966849
-0.0093757612638103501185
0.017448662226067047226
-0.40151784164039366898
-0.11340393313087264449
0.087375397854113384666
0.0029291394668240432718
-0.28173635250599854407
0.01815049792965149969
-0.10302035653313627861
-0.14948424337365104342
-0.040702243113395687735
-0.053231554062947640527
-0.2589867827355228358
0.19357972126280362235
-0.10590477006575554908
0.081362922141960683509
0.17815878402921181412
-0.056316901938409012762
0.059150745372529824062
0.01257709059820639845
0.054432466917605511203
0.063827633787654977637
-0.084351094170173585018
-0.035154051516342300909
0.050275402371501812238
0.060040092935706328159
0.011761796437873251256
-0.13506474950994354356
-0.15282810576357638843
-0.068641839760885475785
0.22458448027885674625
-0.01618790306611133864
-0.030262060986940911289
-0.11200545796919456065
0.12435372781697129341
0.087798293561548099162
0.033976220436014052673
-0.049039852661112007248
0.021321339923015856371
-0.048653091497048391034
0.20079835147349153757
0.068216014359160234704
0.057699865565256802658
-0.073085254641439126311
-0.20734688550303398413
-0.069341503475087315489
-0.069220524593094787114
-0.0014376428975588948726
0.022741022661239861102
-0.02647081833419285754
-0.057256220699893799198
-0.012185938024402716284
-0.091660517242634131918
-0.017265772052850091034
-0.029956711278348445437
-0.062254741276317908383
-0.035645229507145985426
-0.1045747301277296093
-0.17121876387599263558
-0.13057183335305233562
0.14932279035446774373
-0.035463399495761979696
0.013220135026574883833
0.035595411638857765713
0.037942937856666900109
-0.013482122137089935787
-0.081484623370227701744
0.0099986715957175852781
-0.057555178662811824764
0.043408859580136356648
-0.030885329556664377348
-0.018286970582987623068
-0.12512098558080628208
-0.05860374572272511462
-0.0080767403445643811549
-0.00267891606191119876
-0.085317665711980059107
-0.028594323191550530261
-0.010087526249172387022
-0.034946716224869091294
-0.010764843572828249746
-0.0084310650734376133691
0.040177055367891720272
-0.026373092762407901457
-0.046835557568497575287
-0.00097354837039570019195
-0.0037578137084001961808
0.0040798548754547147438
0.074655473807242009321
-0.031124212987272664721
0.26404501075931979814
0.036966867691649592242
0.074173383762278985443
0.0058018689002314804623
0.19121530861558475034
0.042829039763643127203
0.10966333018720543502
0.086254069421305173959
0.0047209214046337235476
-0.022945829773136840191
0.058142450668968281846
0.075046232374780821872
0.040372477930777972421
0.085205883981308155883
0.012796988257882849216
-0.0096928734542305362842
0.015604366688674823488
0.013373841342785653188
0.025812749166095900338
-0.018300601061007188558
0.012345374928976596274
-0.0084602091355855061489
0.03819804001708066582
0.010010142988362480052
0.035216916223446241563
-0.0041287311921654242658
0.017309979126954259249
0.5243031726184239627
-0.16614982064131508799
-0.16185203770896333664
-0.29818727630673086404
0.0394014648424176675
-0.11365574222080639111
-0.083978488558213104653
0.32694158267485451397
-0.020595251388013571109
0.005811410156271532533
0.06470480598765214475
0.096266732604310151222
0.09728359034165988406
0.27866658942110467123
0.21194083534164198657
0.29403655390522548396
-0.11781443915516336129
0.10963128893584901669
0.066271707911810875946
-0.089460180890580998092
0.058372612326014428064
0.023070512051445106472
-0.00090549710207816895037
-0.036604250308025283733
-0.08855113787257069824
-0.14404504855492172855
0.041260084860290209552
0.068970402753126949791
0.021960602862856695022
0.062289534851067300536
0.09805849110815188785
-0.1747652827641462403
-0.071765385562523292817
-0.51592580277858013371
-0.12251246263332819797
-0.34416774162068625165
-0.05504451754287817411
-0.33245517583775030523
-0.30944737891901169524
-0.28004076260451410407
-0.19231279543711571334
-0.021607874435743974761
0.0077405127059781697607
-0.14288407170323283446
-0.16222024844723961778
-0.077223856150893499528
-0.1498015820486067462
-0.0085006167757675811514
-0.026757987657197827847
0.13308833276840770221
0.0068735484346117764129
-0.1193225916318994273
-0.11042901034763751011
-0.02178474332370160596
-0.056325477797048273398
0.073166960754461884964
-0.053594851026186177134
-0.00015208892504586904492
-0.012996187730358578494
-0.0070415361988347717134
-0.035688961281098587064
-0.1367693750558552912
0.19518415448172707349
-0.26292988935944533457
-0.028834671807172310848
-0.15477453045475586535
0.088545721567114349382
-0.12285001375326204398
-0.28741188547265295039
-0.092277497672454966704
-0.095752130510027747001
0.015854700281752752422
-0.050979932690842562348
-0.073476142312733860873
-0.14815584127225620015
-0.061425343443693700141
-0.062661456965744891101
0.031745972262089958149
-0.019315132685690409448
0.03907100945918164786
-0.0016084899752591703525
-0.10306261049859080647
-0.1024780268718105819
-0.040280580417054553943
-0.0041904823830146101932
0.034272525692444148759
-0.060109448289899211626
-0.020742059549177620237
-0.093793947776684746809
-0.023969025077776897475
0.0060612341790902942232
-0.093908251060966355106
0.064273465662227441397
0.18803005759515281636
-0.036907950884154550053
-0.047874497581728236995
0.044718682821791373716
0.18858757411744059285
-0.047866246142558362131
-0.085196178367065722448
-0.0285575710951014132
-0.020812648322617973567
-8.0863127398018812275e-05
0.092879133500146093816
-0.01334881070768234243
0.0011690312520693882121
0.014547312889057381277
0.073579178127099104101
0.012286464112624155207
-0.063759464639739318881
-0.037059606908719698593
-0.039128856518315623114
-0.015780072006768907505
-0.011361109160550348501
-0.0011988085721172602426
-0.038992595508884592137
-0.032983193171477860617
0.0019902611301948745261
0.032225644657607570298
-0.0069540486414264388731
0.12194459889628078697
-0.053324199953907705507
-0.071540424542295588672
-0.24860341913314495943
-0.034120284097112131561
-0.15257562169285249221
-0.077643998306216613359
-0.15295504632548181934
-0.18739263509087986104
-0.053308025987466818585
-0.092194681295487621031
0.034115568994700043448
-0.024389046771484353127
-0.027305225449330793736
-0.11827640496046988583
0.015674038247260702744
0.023683209103210891427
-0.047880588631983078685
0.013890177642788100604
0.079140340756662402866
0.13778479932893741844
-0.04690976949343229202
0.016936968213132650579
0.028305793135590652521
-0.051436321889489343417
0.030287548790439544621
-0.0083302579095322331487
0.00054548769677477230988
0.064664021623253492566
-0.023965421212332655571
-0.094409074774510021166
-0.11296592473320997418
0.051601664273588587761
0.093586908260200718512
-0.037061463067638834856
-0.017680204908973165545
0.06988608650469085859
0.00046833991099751404131
0.035032348193711683459
-0.11643956873240532413
-0.0063147876090838576599
-0.02441405982639878805
0.055254096604985092345
-0.024448463959689224062
0.0027167566068019748451
0.0020981099928169700403
-0.0042584675604874257238
-0.081208784793860136486
0.011044623031496754798
-0.050475063454589894074
-0.097183873117448041357
-0.017640429017898532488
-0.027586278442344756845
-0.028406768689059440358
-0.0030811888460674980751
-0.017592444173942286406
0.019697977199521269492
-0.012721019652608290401
-0.021533395565544982686
0.0089874452045973444309
-0.020454868696008290246
-0.17747429347306820091
0.069606647951962363763
0.1046291240101411002
-0.02515190163061364198
-0.0044395177733932058434
0.046290298466761997664
0.10124171621681998801
-0.028874130179042022115
-0.0038672167234736084217
0.0081804526606465005623
0.0138144694474358707
0.0089595731948855991678
-0.022603738322018430973
0.011406380225165510187
-0.016847412082010650852
0.028699839772225559098
-0.020894509158072376714
0.010668841672104930826
-0.049357578389760861648
-0.085465059198668175133
-0.0012559713330776117561
0.0018878300287850336651
-0.020724551226632959705
0.0050907149262349729243
-0.022588993106133103961
-0.022828060360922098476
-0.025619193551355921162
0.004331759192950012001
0.0017740632178814899622
0.048916640810893162461
-0.059501873015579534454
-0.035297323047191547785
-0.12675230295281286752
0.0053479063992865980698
-0.040054594047271414869
-0.035859791697478417272
-0.050701621404900476531
-0.032251588256989080494
-0.058047863121711389123
-0.018214632203173774377
-0.037957907873868608484
-0.016253388844375282057
-0.13614087925484136266
-0.031785469105533176171
-0.043085513103243072708
-0.034469658087368397481
0.015186580602838947035
-0.033976442559372960206
0.030933659513681269898
-0.038864512906183569518
-0.0029695723782811791341
-0.0427943036899841589
0.016508016982518587679
0.011363017713632026298
0.015381908866139279782
0.011262241809231684359
-0.0019056568599108111069
0.0010864037866535618433
-8.4602355341587607285
-4.4360836860718340091
-0.49295206986786177517
8.2813886755317849264
-0.31254855629644101578
0.99006050755282004605
-3.6481838294698469838
0.80608167756548765315
3.0010383885529448023
-0.63220002392983210004
-1.2178927561849595129
0.18124989124092227843
6.5728120584777478541
-0.81867402429646252138
2.1024829030119907003
-0.1427173629124544596
0.71417444561322929175
-1.5393484148520180099
-4.6444105471031171817
0.029556999325212229141
-0.4770087925252513017
2.3470255854427768405
-0.34657308515436141549
0.021910785804072328148
-0.74202012838756414848
0.099836253149771458926
0.88853533507129300872
-0.72068763699231330744
-0.022750730029570245816
-0.056443217709199529353
0.27888299050573511773
0.43501597673608094485
0.13048399460072995781
0.58979402094786004263
-0.070019646416475789241
-0.041744712898113940647
1.8178067684559662265
-0.13402809802103698988
-0.24072646473286640756
-0.58098409996208599804
0.02743248018002701627
0.036076902624250319074
0.32221861162419995761
0.018869454277109433404
-0.24620685881964801678
0.14989010682112455242
0.14938511902701684386
-0.058069981694854139187
0.12550776204656927115
-0.065451549609092760096
-0.057077640626678673164
-0.41267781307499740162
-0.014093088404285468093
0.058268527825662976005
-0.76688775182412183273
-0.47378651739647592578
0.6292918898344690426
0.46888541404779116029
0.03494832154525150808
-0.45764776163513176677
1.2188622922395717652
0.028268820340596658575
-0.14453992347716171363
0.45497911590241751911
-0.065288018548973106303
-0.20682062436838288821
-0.14613223538707220683
-0.038116657248105118017
-0.36742356800617875789
0.78893650390771563607
-0.056785848756913108459
0.092316635407478545017
1.0804725087159983143
-0.094300662556287176419
0.13229322065316825863
-0.4270082218090679449
-0.084982093576590228556
0.044537244908591615278
-0.16746272559520941625
0.01778299885103120509
-0.021524729729749978585
-0.15302191481566596032
-0.10630876000669305104
-0.013508795044266519794
0.28295471610390660056
0.070187228775140067527
0.012886860297530534913
-0.1222705383978681809
-0.042629466577501114177
-0.0056240458864331250785
0.7455740147954181829
-0.22563204755689825198
-0.10022275684059439582
-0.14912231555678223671
-0.051140359568657416112
-0.014042872680858209736
-0.083221225928313394271
-0.018563042207535542655
0.02534348329718873194
-0.15947784045863702684
0.033112337455730382618
0.028263204761087571543
0.38037191675337050922
-0.015162813528751883235
-0.0054327006908228246684
-0.14688280887325705359
-0.011184713293058964889
0.0030580853927470678238
-77.427635218588733323
-22.250170714240798731
-51.223685089299237916
-68.140201578760994039
10.813826112566765403
-4.0379656690132934571
1.8433785139362528493
7.7963126870729064777
-5.3095520852563291569
22.340913146537598521
9.5573794750127625264
14.701014823485762051
-35.174760239620212587
8.901129406668207622
-19.142033920577897987
21.921415057703299567
1.3012601263256624584
9.950094839040728445
47.339779872699452312
33.185784000873738364
-55.882234762610799805
-221.74784123670312397
17.903653837042703856
-24.604975596991291553
-136.60276495858488488
3.347521798019776007
-14.671991954557222826
92.793593152705255989
-5.2280967412151113649
12.163337346491079671
-98.016375115394922091
5.3151344163307410184
-18.062071362253757201
30.266679618281976616
-2.3139617686681597242
7.4115124314737625966
-38.272720820630063088
0.30159637277857781479
1.5648172172837653271
3.7265379001652205737
-1.0917198267090055808
-1.4336233960095527973
5.7833822215612187279
-0.06805463232705610821
-0.4041956852473515549
0.78357317944727300496
-1.291667742598540114
-0.53059921150260735967
-3.3756029930113489179
0.74365103733486692672
-0.47569399468629247618
1.2491984319632205569
-0.37503770072360581578
0.31546372369238029343
21.113515931848414908
-0.70786229528781596798
-4.6000688811082772744
-20.314748584543107057
1.3135618426211492782
0.87681082030848533915
-3.1366799399635949541
2.2876147558537676119
0.66587938090805731672
-0.068250980044046782869
-1.6100299031319964538
-1.1685687318596922335
5.4115846880665019469
1.9819175998548772544
-0.7233841660825236497
-2.7181564130333288887
-0.7335223651365880837
0.02274913294826131846
-31.382467019893052651
-2.8045724234257916052
-1.6368424254716307242
-17.537934422174515703
-1.1463746386523931964
-0.040182810753933470571
-1.5296373219108794217
-0.13223983654667853527
-0.40524558784507758169
1.1559337362366444157
0.066722064863591959427
0.13971397987756969949
-0.71577596715661540028
-0.10771563700187064549
-0.20683134136407138604
0.26841011711905954362
0.025112327157098119496
0.13707513488486122721
19.717012443887156792
-0.60822939521611230074
1.1532822830965361316
1.8923854001743214415
0.30922745275350282945
0.6427829043837434142
-3.6564202543374784149
0.2963184104258890228
0.63893355697141551719
0.4675847358506092788
-0.2238348791996216669
-0.21127953951258252041
0.050649967599444338517
0.29128555133028088964
0.50178156350246749806
-0.3146204852435750543
-0.12479928264083126055
-0.169588906833115588
-1.6958360728544186191
6.9218430203440410864
-5.0401886620240015091
-4.2102759585794036212
-2.0851922351385119292
2.7984879191019071953
2.3813686789031516255
-4.4769675137302735735
3.3137503354745421191
-3.9741171202225080705
2.6648731368292941646
5.4652991611552241835
11.321443420393176638
-2.0075472238341385278
-5.1467780341057087767
-3.0194328682741331527
1.3114418036481736429
0.30504356423365963646
-10.404208225201418969
-1.4817447918509021321
-1.2492865499576761845
1.9080074979009884473
0.8005871076771601258
-0.94317210906334769671
2.5156517834045124538
0.78399810902863509288
0.20229916146744297833
-1.2493639294768952297
-0.27627449244688279117
0.47128218794173631911
0.77568783575537969543
0.73631137108190070073
-0.35372671297032604043
0.30733977125171424438
-0.20886668808314021173
0.055584711653987581292
6.4506078927773007337
0.089175423153470614879
0.58404950864072646688
-1.7271986689024998451
-0.68217074759515616833
0.70115400584688980512
-1.8972967177663500049
0.13688066222683714646
0.0093121624108705100542
0.69766154406246994046
-0.51829002199495721737
-0.25914873064346388709
-0.38952921687024988362
0.26889304284707327142
-0.26513881556199064837
-0.41201109698611843024
-0.07720429507079347442
0.19042954829294850283
9.312550113032495247
-1.1331555699408464299
-2.1318915942411078568
-4.0943988946715768051
0.19405164565564392287
-0.87667041526211741953
-1.5134256113464190641
0.23678859087507389547
0.090309147213505608365
0.28324472623447732866
0.64657687095553528778
-0.45299375767310051666
1.3138113867256409062
-0.17793493923924336153
0.069370317766765207668
-0.037280063872422518345
-0.28353250215962205738
-0.1576656961904861487
1.7456446885802412439
-0.27848872335405538969
-0.18977839169068849712
-0.76321964081726301199
-0.057854758957987341417
0.33038234352245277048
0.91222806112813914492
0.027790547526172430792
-0.037157249367261169226
-0.18862047452022692728
-0.068032061138893373808
-0.10561640345745007541
0.18693651850680290116
-0.035304960590709900947
0.12176652584743961893
-0.088192387311368192204
-0.011189216299222860124
-0.0039380843227570083015
-0.051830789419618966685
-0.65429648978233212464
0.58292561194946646008
-0.68328395461968527425
-0.071908483544743995175
0.074713310701787688517
-0.76864882684871083107
-0.080314588620367721727
0.27157510358322956012
-0.24189134238883469585
0.048807366205597786657
-0.058730612030452489236
0.55132608133405236472
-0.090966307562988804603
0.18169969584399495166
-0.27518014239966959167
0.015757431389804361227
-0.059220163905887045208
-6.6474662125819481417
23.643164339993269607
-62.083511365902332102
2.7942348828662746385
-7.3883321462376647659
-13.967877891977193983
-48.035872988880029766
13.474084696771033265
-13.113594233304445069
4.3150394490440255879
-12.41896191320855003
9.9031340213456608979
0.23542585686045161553
11.795847321413017283
-10.707669775466532869
3.7128598128643464094
-4.3147409415655371134
6.425850586681885801
-80.116044271745693095
5.4529923380829137258
-4.5684093204907112451
-19.445940267099395271
-3.758436846589909841
0.83951803753179576884
11.86557189557202463
-4.1288859113726585903
-1.1630617606695166089
-8.056207499393243765
2.9519960260436608479
0.48098183649420522823
8.5792030467111999315
-5.2174908661701557833
-0.12490616057681852569
-3.7205423428017949661
2.0621564769924893845
0.34308223715752883543
-8.5657688226348334126
4.6637802323695725093
0.08564604383907295504
1.714348329953998773
1.107960743516740898
-1.09049173560628887
5.6032890975280462698
-0.35154485045673050658
-1.5232329752279920587
-2.1120225414069753178
-0.0088161964929908964717
0.16076914420905713543
2.8861461028602630741
-0.97305342931303018261
-1.0495753076231222334
-1.3953275230406307905
0.32961266615027567939
0.57011269359777938526
109.2002350333088998
2.654653991723100237
-3.7047893475157875898
31.285498659896095575
0.84258504975742087861
0.32728854001237944749
6.0556815309516709434
1.2935724742361505157
-0.11208497126297564672
-7.345580592118547969
-0.96882000888204611311
-0.28827090983682179814
9.685318872566963222
0.93047370395590400793
-0.47600744957480933817
-4.5319136673221898093
-0.41864053248064114765
0.18907212820156082955
7.6795791080830806408
-0.3694572854224930647
-0.43276486530649621587
1.8395493362506161183
-0.065239575433392663073
-0.018961348635152697195
0.11790386048215073522
0.067466966318937476865
-0.097593687433953649202
0.099644116980424746188
-0.042997223839084428021
0.049927037243666615163
-0.31351257337768778655
0.048455212910672590398
-0.039783467534940816779
0.10329622984576906919
-0.022455797788828040645
0.034965043720746380451
7.9821923566313754961
-0.046508058823491016387
0.38377037056785773261
1.7077757067502195021
0.17771669267742451481
0.17830647931233292725
-0.34886919863857496216
0.035417762185012829912
0.14361633795743677933
0.018744112430511557232
-0.028636592674151858245
-0.088266397086248157833
0.038809886380991504007
-0.021165242806857196417
0.15669007780444496603
-0.062418819276587114708
0.0022477814482119761255
-0.05987291360713609123
-358.25452722952110207
-0.8628077812070343855
13.186903401161604421
-105.62779821326793694
10.70286396765935244
3.742001497075196248
-3.7978325224955771233
7.230374537705907656
7.5745246990300580947
1.8688880406317112115
-5.9741245966234108877
-0.35509938180684313958
-7.3336113381498799768
7.6592936891167164859
3.4551151802659654244
5.5291779969429830643
-2.5414439769149650417
-1.9940375335238684773
9.134947116899439834
-0.6386277722608927343
1.0522098990624013659
0.44455303252637706768
0.15823883648074713038
0.54209735352002663689
-3.9891773694544099271
0.076637731957991853116
0.83483129636141439889
3.1919753151457963547
0.12992595425113181995
-0.41850746847003444939
-5.5260737419403511694
-0.0046341578786698381376
0.68731760561947152777
2.2541411982873111874
0.01084220206973986883
-0.3027452976273815044
-8.705071157365024348
2.8620513169074857096
1.6173926981058497354
-6.2957770847273071269
0.29537679547066758579
0.46158247060862550581
-0.03232264335680347378
-0.59843243455249484075
-0.14177652047121644396
-0.29955874097445678306
-0.078353918737198324784
-0.46325258066650465416
-0.13176272857897330937
-0.44376181996154245857
0.3895560861031755473
-0.64018826255640448597
0.2745447135467524169
-0.048091716740255141538
-33.075468858923549931
-5.5356453974421437891
1.2585889939607870502
-4.6168693520039498779
-0.1765937131295372553
-2.2880638635749037668
-4.6913744657642952873
0.62410288691681192752
0.43358737535785701889
1.3227124031921679848
0.2918627664991952364
0.48235757484866909062
1.3258798435805330129
0.53415211710804599843
-0.59969180829473367478
0.71016630365166211192
-0.45020283252071169322
0.030092919566648664714
-1.8809864761497503416
0.28474852590220189885
-0.0047018997642883104265
-0.67066002080190967316
0.2146918356455451149
-0.034108929285606763571
-0.081567097892072296106
0.099736853970465735864
-0.0095353381321016724564
0.12446810739847573302
-0.086136116482824764962
0.012496280406317035808
-0.13463764529200880626
0.095458010853525426809
-0.018545384893364283418
0.058981198338394581759
-0.039995690730371569188
0.011781215770579058291
6.4598262443421443635
0.20879907129257058163
0.11514398776991599527
2.186591255441835191
0.21283412747897234585
0.090600456870070747439
0.52302263020810935146
0.043753132915769328559
0.055313381373988772249
-0.34800936129514453699
-0.026976939345679587512
-0.040093436689807381013
0.41500067770627102615
0.0040375120856032077274
0.064193596215842099739
-0.18798337257630323704
-0.0049949313140829126531
-0.025987650427154895816
3.3237910425513970125
-0.14726735912444829935
-0.29564083286847880894
-0.4747215687796112471
-0.14873286109563962909
0.092558139605069048028
-0.31526496887620675258
0.085533013050356432316
-0.27624371458891977538
-0.44541099274588413781
0.14444886194384443101
0.059054697705642200667
-0.61392556916169338521
-0.074753569841669753604
0.023684776970380957278
-0.21604618539707765024
0.014962184238683999549
0.056576339484931140178
0.26522086801610411655
-0.072051692403936107301
-0.0092415297584316612872
-0.0091669706439276871929
0.03047399605549712745
-0.012777955469250997997
-0.030811733474822564083
0.020391050765708986642
0.0064581739576434118305
0.015567831749548446604
-0.0047872363732225746424
0.010154209541510871712
0.020818374817647693209
-0.06703570733295800832
0.014149684566401789232
-0.072290756398466785027
0.0026469996159231698116
-0.032547632225841949261
0.10454880911784546205
-0.056011053693442253154
-0.12014682409667216956
-0.0045738773366545918547
0.0026641550345148012555
0.03483552016098517834
-0.01119375061623244412
0.025053783995883645991
-0.008446450152396593053
0.0366713721977630705
-0.0064346494864378888517
0.012568737487047846463
0.042977568362025472815
0.0011894506502151713009
0.0048777058033570757159
-0.0030288929036600964473
0.0074568276907117682362
0.0080269392276344619236
0.20538332628971475713
-0.24373474005598291803
0.097139221675803535949
-0.01948351572900820089
0.040939867032015832271
0.014036306272723848843
0.032067003368620720927
0.02956722996212433896
-0.030890392097598185633
0.065700826794186859003
-0.016109343170235206066
0.041960099251790929087
-0.22382533546303098881
0.071774312019578775934
-0.0051691960075174216149
-0.0070238294208700077781
-0.0073067091928226976863
0.020379395132602850377
-0.066014747637416312798
0.0093170160888975412511
-0.028804609712200911209
0.059878082232543872188
0.0085703952876926888654
-0.0039998272035664719087
-0.02259470446200158994
-0.00052705330176756209383
0.0079946338878086782576
-0.014630807076756940227
0.0078278123307564013988
0.010938727575382929322
0.012454570301769222335
0.0056603279643340246793
0.0075577280661756774532
-0.0003309099267523492858
0.0007929525491422686383
-0.0013882179301640854788
0.15283682993851926968
0.0091802521649714235313
0.012337456948003868232
0.021358764502712339339
-0.0059793526720270029004
-0.03756111772564000445
-0.060652978108020109971
0.0018248260659463953585
-0.012584355283729392605
-0.029931513597085998568
-0.011154074045279495364
0.0026025379794956207159
0.0076641746186820319808
0.00060984898995179314014
-0.011945567410765325217
-0.0040994831950511801885
0.0023767404903373410587
0.0064057075005292144973
-39.657098970267099958
6.0480318026577313262
2.8753798725845420847
-2.9123284674036806763
-0.19660677887426517008
-0.5274251649470691472
-4.2601590095516863599
-1.1481942855141560322
0.56147594202711958999
0.74102092761841242829
0.20739473689008414148
-0.86487126214853882189
-1.5729187481798672099
-2.6429606051075533735
1.9973290590744778861
0.27273530707578935717
0.48669117689764201939
-1.150180548948474657
-64.861049682345495171
-4.77061016072364108
5.4673967348882728245
7.9889765674324841882
-3.5125202481030157742
2.0742466670827548469
18.050115262971594632
-1.54621314668227261
1.4685300936199006117
-12.881255822681408674
1.4161659781822630855
-1.0966228028905966596
14.718249814789079011
-1.891697131250426489
1.6897564636769755175
-4.6711057173130337006
0.74419584512969927381
-0.74203388678298587422
0.7908318156295228718
0.49122607372679849558
-0.56020153193639288247
-1.9658135320204048746
0.4150895261340640241
0.1876880006730385908
-0.89787665061752652829
0.11322628201187545649
-0.039436614076887470393
0.55921414219998866191
0.11369455878755799216
0.10656401093862273577
-0.5301167239772194284
-0.02803975662755465656
0.028461440074469376155
0.20604356081396721367
0.02869178719520666318
0.0059095134366253911432
-2.7734167359205397219
-0.12116841544375643591
0.31431148967688399276
0.75450998432028826279
0.30983229793504674099
-0.54132625347477236755
-0.50856639984007956379
-0.095214654249999308711
-0.1978344799298304979
0.54828373135243302361
0.02732239310613730765
0.35474010543255168892
-1.0642719071434372236
0.041969266332280152909
-0.1143877930738493448
0.4306749136059662697
-0.015682730668984169037
0.090778512235655667295
9.021294573018394658
0.20874483750267899818
0.10974256695230887038
2.6351425105805645899
0.070787940521995426635
0.15252833123326567377
-0.48528265209966786609
0.020447436208493874332
0.078366714045498192531
0.14230908743270248573
-0.0033243465723897924063
-0.035053023636922156503
-0.17816331354230707795
0.03013911641951490597
0.083848810430663597848
0.0093408158511765881221
0.0028971526443491847462
-0.0269932646915810176
1.4713987413432441098
0.16677715758186376083
0.13492571028015584722
0.56427768445530812613
0.038407960065676309547
0.026248290559742089995
0.25916634505061386662
-0.070790921104675691433
0.0011704318064363389198
0.0090584161540489174097
0.030426789877089670949
-0.05175604821855562393
-0.1414037921125934627
-0.080451856799379939389
0.048609551621905909558
0.060321182756126308366
0.034217720187933488296
-0.01443934073155459831
-8.4153700287390460488
-1.0836243485725418623
-0.76768603100634380532
1.7047328576289482172
0.11547993758183644486
-0.87484830231136834211
0.2541293083486412252
0.44240949248812444505
-0.16086418732769250384
-0.85588478980735038792
0.12849183944578942973
-0.41858109768635387571
-0.86498217400577170899
-0.53894033802858920534
0.85169608191293577626
0.12139973261969989882
0.10120098173742830827
-0.20786519778227421917
-1.6217731609796781633
0.17900235162153235735
0.45863367779808000835
0.28780017633280735589
0.022033353415434581146
-0.038592521947099701907
-0.028256882459699990406
0.019063654013495672651
0.023260148979364011351
-0.32825154596029604281
-0.081357998039361376086
-0.039274018567640754662
0.52875851042365340504
0.0098070644961167508652
0.066338111300085988997
-0.24260233441735615245
-0.022754836995386093501
-0.051255652346522073692
-0.42210660900653812488
-0.09672358290344008902
-0.13666174082434998094
0.073409362831173163855
-0.0083077835518914882468
0.064039565002407553007
0.20359233953521710392
-0.022146852730472749854
-0.013194490010538956551
0.034160072875539508608
0.087154435350036058017
-0.0045988442800102401903
-0.13008666487230224895
-0.037147817705544441957
0.092520943192999943738
0.091165672204177594651
0.021626457281055326554
-0.02644963145773809865
-0.7064851934077931439
-0.23069632907882728357
0.061925475755585150661
0.26509900483841020158
-0.02686552425667722982
0.075117775488548005347
0.13832709663080594575
0.015758964113382047112
0.020928075178940616641
-0.15498434643082772966
-0.10983297470280947716
0.12756326376722526561
0.14218912934018027028
0.061415753540679213218
-0.040473172001026722078
-0.1141937086156961656
0.012501056486668531836
0.031532158934109655313
-0.22316129561270264814
-0.083872037490083095612
-0.0048413116528998783109
-0.036724732391440292889
-0.010332562519334165946
0.019717513147080329566
-0.090308350164786388437
0.029358713611937488352
0.02282868863046048219
-0.095058257043987182122
-0.0080493838674369089931
0.0014666431614281123103
0.16420513442622317046
0.033219578727273831042
0.02485913664267820275
-0.071417948332477859674
-0.0020063878299227048789
-0.0076938154182061282635
-0.55341759672640711276
-0.12081517308724923354
-0.036995433359590670919
-0.074969075621001954324
-0.036538775219517982684
-0.053547401372435146638
0.19439169205663853202
-0.025828891700013845156
-0.033465849814848958044
-0.095839470214603844633
0.014276054488714218227
0.0065516120448573271148
0.075891578652175092912
-0.026285291905495805631
-0.0093649273861981484346
-0.027197093780584911255
0.014639435554146195198
0.013078725444777455564
14.85224146969386716
-1.0930885647272949868
4.0099014981882596942
-10.43797410775168899
2.3396915079226565659
0.62827925905917780813
-2.7979159667531594557
-1.1417783531174003908
1.2339802223878288956
0.67349310644182980301
1.5125738374708117551
-0.36759810983785479177
1.1729985756475767023
-1.6533537503161941373
0.80360621909299678745
-1.4510100675722912289
0.57218673316951595975
-0.60306944087457492465
-3.1240680653552308499
1.0577479328808103709
0.31822848288493954527
-2.6040520148319790117
0.64311182844596992414
-0.40049722958580391552
-2.0271486939835243746
0.20202050265499776893
-0.019325671468563811878
0.38033944306804023938
-0.12222416365690365325
0.051780440242410831486
0.36221335954559075176
0.20509233302554050193
-0.14363979921306171961
-0.10360288411545556797
-0.087585683467197625318
0.0059608158051410349565
3.9462748379692942358
0.30484767377737981287
-0.017445245564315363385
0.84739655142154768352
0.26173740076128443333
0.1873231122221501177
-0.64391233715272344629
0.22128296177156728253
0.16795399758098505938
0.23568202849483579908
-0.12491953964907023811
-0.041059069044311301278
-0.39199359182110649069
0.26999904356865334076
0.13594249589752743779
0.17656992423541889581
-0.097020298113240824311
-0.064307448990748361517
-0.46720992970673907996
-0.39311723038463769475
0.21683640286688579679
-0.64356786511414376672
-0.097202716336910799377
0.041395393682626950571
-1.1924836890401799838
-0.14727992316475926882
0.038705951597598514669
1.1654151893854141075
0.14149631908469120778
0.047926677263485414904
-1.6355156094326133154
-0.12858805995194297345
0.063336878850884015257
0.67193452239446971319
0.056176375143478535223
-0.017159694247755926527
6.3246214935673741309
0.19880834585176981877
0.039354956806480601017
2.1984234613623980792
0.13425573751049876825
0.024967071200099104356
-0.026572305021076242371
0.059037936853456825237
0.025575375251494121553
-0.034416207420173865195
-0.04026047771415539045
-0.0077773234882339281615
-0.0027897888422739212586
0.052084449517706840616
0.022905042767994016062
-0.019477836277813218718
-0.016998236326007044178
-0.007786657773050259003
-3.6709564446860802889
-0.00061589079368079286802
-0.021937570439328014926
-1.0507967366184380875
-0.0061546374645321593952
-0.03551322566563122618
0.088556318640773748485
-0.012990143325853187317
-0.0090159639722751129531
-0.044101279443379368117
0.0065153195575113473023
0.0095148193979715887242
0.06385685955520327417
-0.0060377295294273530119
-0.0099651859025929618446
-0.012590959022765605899
0.004115865458587995504
0.0077890391046769105743
-15.455689054989280251
0.43373263016816265836
-1.5513255247418133997
-7.8202903922255710967
-0.68569260504205842288
-0.94422611969459768755
-1.4339227178337348168
-0.69945279369409596448
-1.0502421712168659163
0.80545951463036946638
0.64958008170541614579
0.28256881783517984186
0.16392703681773101998
-0.94654617399473550687
-0.50434241215698460969
-0.29425349969070813128
0.31839146349720576223
0.26033348686019441853
-0.32873456431807740463
-0.085310858883896500959
-0.064199119298450985083
0.041280102102922759666
0.024307160972905188234
-0.11746624563708746303
0.12299445673532830026
0.020456936468301000626
-0.083380659859163958059
-0.078542909710902428233
-0.03405727224366591338
0.063707747240250800491
0.26301592771377985125
0.026525123691019562161
-0.081890584768758170608
-0.10449151018244871858
-0.010234044355434327236
0.025894904791230567015
-1.3083668256051195211
-0.20435552051162708675
-0.24395047301120101335
0.20650856260540745302
-0.018845918764909208587
-0.066256593233469163184
0.32061064007352191307
0.052850878775478893346
-0.0023700568103965547091
-0.19876019910654027512
0.028471239757051288594
0.066140697156067157492
0.29856809463850636499
0.027784243362498184382
-0.065284862198153811863
-0.032225233418261750584
-0.020634535833255158305
0.015931137518362500222
4.4595526282610453706
-0.084954876219867733744
-0.38037387989488102846
-0.90120186271586055771
-0.27192086738293685944
0.27577021722340983034
-0.56451508774387970657
-0.14847161257707802706
-0.054984841324624007808
0.63109732908861360112
0.041184119736109123244
-0.024386357212937664896
-1.0349513900147162548
-0.12971259223496572899
0.048046973754344003693
0.23214529127875521697
0.078394233972704452373
0.0077577535127154473998
-0.63922902868149378275
-0.14759255219275316251
-0.056216581732042858466
-0.16054816256074197489
-0.068107735335684857492
-0.036863120631344725719
0.11001012117797924483
-0.026161419130901589908
-0.016459458738709561998
-0.13287305240189320465
0.022081884592345554091
0.017625924959921261681
0.1903195649664545519
-0.024475699862982373128
-0.018469439276737949218
-0.078502384185386173132
0.011291683285493613401
0.0090549510084086525658
-5.5781215241558044227
-0.017922881954331060239
-0.0097799473381162682628
-1.7991965186469689453
0.0024401362877479303853
-0.011255891918299695473
0.06095662195006613937
0.014090736359406830225
-0.0031827162934753789117
-0.066869242418524196814
-0.011959947955815466991
0.0048186019396007050142
0.13993082526766884022
0.02006349374626369142
-0.0029203412292022022656
-0.043024836176990023662
-0.0064199454701522442115
0.0025440729674127459184
0.31408352685598855958
0.13982081470821877689
-0.038580533643788057774
0.010917062048347922834
-0.055166265158944141622
-0.029413337814542774712
-0.054823865730728608969
-0.05595748218256206552
0.020581842176098954361
-0.036809979088078551013
0.0095026054142625555887
-0.034701286838214821795
0.2939014163251836842
0.016935254699129282524
-0.017056561880991569224
-0.089558612166147757994
-0.01584834825898215338
0.0060268665657271947717
-0.078446423566065792699
0.054671649097817798246
-0.014354239935141921772
0.021185538504206555266
-0.016300000874140720131
0.0052143316224638218068
0.026359589782385596524
-0.00078998647417740481495
-0.0098913207904861785713
-0.0050204456215922179177
-0.0053066105941720047995
-0.0042682541850156217184
-0.073933739765745257189
0.0064681679682270743978
0.0059056626161762678859
0.02902986773640177029
-0.0022122189331121766727
-0.00165777077775121893
0.20088289691425537109
-0.035389167042995918477
-0.0031218916666638043579
-0.10286610202458626451
0.0037007255137968021741
-0.00094211990659853446853
-0.017710011749776852913
0.0073130240351468563456
-0.006286578851918806464
0.010347730815830426948
-0.013271729131866158088
-0.0038894929748910745879
-0.0078262029293157554105
0.010336815817200183457
-0.00076276467872201368127
-0.012693120711883635818
-0.0055775671579166392552
0.0058625859444151311867
-0.59686758117150462422
0.0010722836773788197492
0.044211250009895043667
0.13069147786458717997
-0.0084476863704097977098
-0.01472173278717761602
-0.095074654479439330013
0.027808512157398282416
0.006266194627374659272
0.02240395905505312632
-0.011241774514834278892
0.014229705446124198825
0.0074234209404956319131
0.028839949575266907167
-0.010924674256127126989
0.031601859153655556534
-0.010142307150034017907
-0.01302481779987733207
-0.043219803393188108154
-0.043171925863986694571
-0.0051785954201122022175
0.022197326440095734024
-0.00044351897924611914745
-0.021228086386301265459
0.015234011677212489638
-0.0012256112618567124601
-0.0037363941317041897416
-0.013174171901363719919
0.0021939819190449757688
0.0086498133034709941136
0.0071728302476547888683
-0.001750068899274025494
-0.0069364624443107002205
-0.0030782284894838151529
0.0015702292673663276711
0.0033613259663747450598
-0.12484422642235598611
0.012936233864384897099
0.0011673573468164487668
0.020426880826847456513
-0.0049299854777877022069
0.0032659671165917504056
0.058761904135587038345
0.00068532746734363786216
-0.0090583000927740020547
-0.010647549300806359932
-0.0048937225525843069604
-0.0021998730622085275847
0.0020464290312319499687
0.0018052091600810472698
-0.0017929789323298220456
0.0023188310571430523731
-0.0016504082698713101046
0.002164196860054725096
11.089526475706094288
0.68271981541444615171
-0.65217877796444356786
-2.1425468844415709313
0.047543151562527127818
0.10916482933915289122
-2.1440156491037263287
0.0077107079711416200499
-0.098828107970775791458
0.12852337982860992383
-0.052840039884193265585
0.020614732698910603198
1.0391733650524344057
0.10488804678497329337
-0.15910259790714853523
-0.66474543508024885874
-0.034847503048670423753
0.075184984207053717764
52.392749490785597288
2.3340573840174321241
0.24863706149057174244
15.088012933569997287
1.4337410020711218728
0.20691630437627628325
-2.0372157630710905352
0.67874588111101608057
0.10405140995241686508
1.0253533268175130111
-0.50882527777633612676
-0.086610914982855100042
-1.6351823869921184862
0.62035544212994886415
0.11902307696388263192
0.43524666156487606949
-0.2457841000669318543
-0.04975102086654334399
-5.2161861478485542776
-0.42272775894361686033
0.11106043268319308603
-0.95224666443711369901
-0.14746784211117397456
0.035729171930677636193
0.66880062411572449577
-0.020560691876550952345
0.012508430252030418306
-0.31889849035527961796
-0.00098601259508382518501
-0.018623408358982383032
0.34683486318190120956
-0.023141277639120910736
0.021540986454790755217
-0.11979626978965286777
0.012645709738417018272
-0.0041146953341118785996
4.0420984116072951053
-0.019099482574771908111
0.064227858471482712766
1.4497003481010724002
-0.038661049795572971499
-0.10364930347548155509
-0.33086407808564577415
0.0046554191749668535558
-0.030641473712759440678
0.16544531675051996067
-0.02915277124873600148
0.022736096179278943163
-0.2060987183163384695
0.026396804726619513964
-0.041948716744688856195
0.096135175587825583143
-0.022156424532873138927
0.00058371403271877900926
-2.1923586139622668334
0.036301340385794210464
-0.11016240978528285543
-0.78858502203127212038
-0.0047959719168912126955
-0.063923325707078065827
-0.02012343716496221499
-0.021628717234043720596
-0.033467598971092693549
-0.02814580711625553483
0.02302712525288855977
0.032795627952495493007
0.068960901148336375965
-0.027936422675530855897
-0.036699109821482049643
-0.026521257954926283351
0.012188107016864589693
0.015934110841275592185
-0.14311078267146692955
0.12205281947808789555
-0.053983200766948881422
0.16134687257419755291
0.021570260059834221733
-0.035134359607746558363
0.18289434463438949963
-0.0044620851100583844642
-0.035493792654947640963
-0.10003480903185893447
0.0009755552078163622293
0.015113731049954826774
0.090395279927928090524
-0.0090881107946288626487
-0.024492457389905155501
-0.030443053631254133468
0.0024919173358847702612
0.012831519833965351202
-1.0127014767483693003
0.042846632746016202753
-0.14187148748846376001
-0.48123907813729188687
-0.085279614015236246405
0.044969022439285265269
0.13604921238796405247
0.076636739604967793471
-0.031268249234083625443
-0.14116346736340926182
-0.084817305239077392387
0.011019426179885542794
0.34642482458196177664
0.17214222663741327035
-0.11317995941147282468
-0.11154824141037075758
-0.057938103119230380256
0.038896831560210384793
-0.41291647789860935758
-0.066891112134170094272
-0.0083682923162034256875
0.078568557684852421974
-0.068450342435466257629
-0.0061310411676347761206
0.0036812529872692198105
0.011326706051010418733
0.0037034363276243023079
0.027209265793038162756
-0.016860189652996543375
-0.0021385584064849616145
-0.14538910060857113127
0.025600237629721963456
-0.0094779108227741135778
0.061246120785213832571
-0.013076619937724241402
-0.00028106024765405803693
0.16491511500117411737
-0.068813214206511721938
-0.042274434240576398703
0.085224751318590322158
0.0019101571284824750939
-0.053463422763796356052
-0.00062813130986873861282
0.00093340756392364413949
-0.024899110522387357669
0.067852584509042371264
-0.0051219219990391289671
0.022388752974860266776
-0.12851310631553766739
-0.016575040054790414479
-0.035726550779474140762
0.050781589662109730132
0.0075656782869885780274
0.018855233137670832089
0.34768658443744965281
0.018143863040258969427
-0.055558244754155723666
-0.067633319670848651706
-0.051872988914401049754
-0.030201796052140864046
-0.17464806766168941565
0.028550385935293656064
-0.051940969314645736576
0.001673942108256469205
-0.022570311853492786014
0.012537678817404248471
0.078614969949661259174
0.071983749088373530367
-0.027458511604668129485
-0.026075897198086464557
-0.031084062542949514318
-4.5384558825017047383e-05
0.3421990155859753191
-0.051206588008662658196
0.00011753173225811212074
0.040047535975278318598
-0.022113505274118854665
-0.016256851589291489851
-0.1069607615680975149
-0.0046510831674939643113
-0.0038572453658471338687
0.027299301276195765686
0.0027114555568915118394
0.0044455702173398607691
-0.029767670451934284681
-0.00046220518013591750488
-0.001086809814124024701
0.007770121828304241661
0.00080844550158202556356
0.0016687826875343507969
0.37457806715848890322
-0.048279869559622150266
-0.012145617288454362004
0.12315369068665900365
-0.025995585283566650936
-0.020043791603526317502
0.0076594531081942409875
-0.0089587522158383007392
-0.015730603331468872436
0.017507770814716341889
0.00035588891627636685131
0.0042194186100471238812
-0.036899222971791600933
-0.0074637301935637423086
-0.010234390525739569394
0.016548886069789763009
0.00094089790919596699541
0.0057673834819576231744
7.4890626726935218826
0.63850175929214614268
0.031127781163483230625
3.8751340326838308314
-0.021887465797824429831
0.10994953076295252425
0.70174546004125115672
0.048036324939981035753
-0.020400244439528755075
-0.19410400953106801691
-0.077115892185493556399
-0.081221272570366598309
-0.11474188796931723833
0.11294661903467263786
-0.018172837721142243855
0.093076254015579146239
-0.038901880542780931105
0.011000306341008797215
-9.6398218267525912495
1.1008039709563786079
0.082145251096644250621
-2.9214253134887213648
0.75862285569828957765
0.034227576209784969785
0.20836662481864640095
0.39220148705265245326
0.032901097932925567335
-0.0094443781264684049936
-0.29435126535120592628
-0.023341254473246933476
-0.0047709151403423858545
0.37240164331711217427
0.026964293568766582732
0.033593324717595920981
-0.14510208250345504877
-0.011111927915298873762
-4.3799855251845105641
0.1323654657127363854
-0.035045524248134833634
-1.3399426455145915238
0.017789700610967833921
-0.020798579476983700132
0.11970091064612016496
-0.041550785802397856294
-0.017187063930551423063
-0.043032130442630725509
0.033923134232721370573
0.011762105143349188552
0.090828848010195223361
-0.063931005505270810385
-0.014376571011334946318
-0.021290746678309904055
0.02668669813540358246
0.0088372771470575164909
1.3046895304175667452
-0.052734280166370578469
0.11591022918579295398
0.48525043403149109578
-0.042000279397172914087
-0.053479061573220590398
-0.16258651350982852857
-0.015493422814344145685
-0.022644663806381248872
0.024069302008109489527
-0.0087143441086446130073
0.0025845036756417605686
0.008568796164117556402
0.0046452763822378319303
-0.013209281793267701327
0.0015992909070491531914
-0.0041258982253626940231
0.0016635073135924010115
-3.0804070161122436566
-0.037621414971904680591
0.0063974065233875230044
-1.0169580515624763173
-0.011660234139278302656
-0.002980642972796503868
0.029438413168589302321
-0.0029065512036314899817
0.0030419477164267618059
-0.047453342718792479449
0.003246193389324793406
0.00097309979392437454069
0.10029430718820563084
-0.0022576869047206552313
0.0024341478208943908776
-0.031164191092904351688
0.0011000866788389495818
-0.0013099591773402953065
-2.4235925696538811458
0.02097408877332166896
-0.040393712111974469647
-0.63865595107050188162
0.0065805133093747572234
-0.034741648245850555166
0.15460474661664572182
-0.00031382407357542654956
-0.02174967076226102039
-0.074686503237053697424
-0.002230918239206023182
0.013925986526802920304
0.10021979932770185007
0.00046215036019301466812
-0.020221879204895598647
-0.029395616651557047311
-0.0018108180469849257787
0.0090120195345864562847
12.809607915323196536
-0.15073214383704494623
-0.2125929260469461568
4.9795874832365747409
-0.11521146963520591255
-0.035635633846681676051
0.62642366217841760623
0.014873806996302257541
-0.0087584148134181600415
-0.39690966208866945708
-0.016458640042412025356
0.012008053330752409271
0.2994759049244504201
0.051205450880538072589
-0.053018661468695021943
-0.12222343553954972961
-0.019287188330118668761
0.019086268846760363199
0.26060454316784387174
-0.09288382414002178955
-0.030271925544620451043
0.16801693585482824211
-0.031041107634931047049
-0.024108068820357299311
0.059635146726068705147
0.0080757486719813167259
-0.0084793190856888300821
-0.04614172311400253218
-0.0095038263412543840664
0.0087235595402134630261
0.044964044508465722538
0.016429394803365495598
-0.014125204167188371365
-0.021020105425227562229
-0.0077271996026103389327
0.0053830489098825535024
0.30549075372218109647
-0.003649751030964006656
-0.050249342198593914544
-0.055826933023755534458
0.01774942217116889237
-0.039616491818868886099
-0.17989460502286724886
0.012206299114807476341
-0.022241456332107483601
0.16593720751549792536
-0.011096288941660989794
0.016410653207935464726
-0.21368234032423841229
0.011600283225057034936
-0.022913331947057656579
0.084779269257315714725
-0.0035330928275219323186
0.010410800163654667511
-3.1146108163161652094
-0.014459366789484787846
0.10651362413847116628
-0.6510333577933006266
-0.057864102553640731075
0.02039976896285431579
0.42015820760585304017
-0.037544341905573659635
0.0065398591975673056945
-0.40239305841657868612
0.018757226379843738168
-0.022005856009114251742
0.56717749982505105688
-0.02997745041736346247
0.020581323649661784764
-0.21590664687985314241
0.0086375789262213738262
-0.008612986204930462783
-0.85009372210892275579
-0.01174583857850527123
0.016247809336233532546
-0.21543649203524711799
0.0033965776021823807992
0.0074703271383309323428
0.072861617991255595017
0.0053977940139865307131
0.0073933344134182107932
-0.067928106637844237747
-0.0044229798502357789772
-0.0033376680928267491236
0.095082576716716563081
0.005482719156133217947
0.0072310391429368714097
-0.034909711768897233597
-0.0020746927483161320925
-0.0028420390618501410913
-0.093965668994815690351
-0.049440957186206724305
0.0081229240505883253121
-0.0077869579058507170863
-0.023485225956629392219
-0.0026060743254758284709
0.002868874251797092715
-0.0074395432288589056352
0.001205325788141636302
-0.0024948462732535571507
0.0033637843649710510822
-0.00036174178634883533525
-4.372255097467428891e-06
-0.0046530504096679225698
0.0011489042281799923331
0.0013284362924652060294
0.0011677725973221237017
-0.00036554830876677830336
0.58566454309709059523
0.072647869907596251959
-0.059449656012549062511
0.15150278255051252696
0.045712472584764345107
-0.035919274138057052936
0.050763701865332168384
0.0092195057865792316709
-0.035673612914738889179
-0.062328108831864313666
-0.0027066713500040516863
0.02513374771405950045
0.10084282258569522706
0.00043764216079671288111
-0.028944503238636121178
-0.05237769663840216583
0.0032760454908133057952
0.015501102643386336505
0.23328479539434204826
-0.024164488495083357583
-0.032631630024129124057
-0.052612498133387988752
-0.0063260483345395635002
-0.0016363872769049050363
-0.039802497102608358492
0.0040690646154727368525
-0.0027649247749554840999
0.020963895310145114204
-0.0024666857732118644721
0.0030170350107145312013
-0.026000954662998763262
0.0032868112238602846358
-0.0045279012573042213066
0.0086577382597019681559
-0.0018853943255174464202
0.00099908642040463921039
0.15454927304871465821
-0.032426730641551798628
-0.0036147427513576369136
0.093373256665359088968
-0.023633290456570331395
0.011635747375187147079
0.035184168847152696991
-0.010199964173605779658
0.0035009719551604479883
-0.008950376734725328659
0.0095803378613478103187
-0.002565022928534727107
-0.00028566324059042114006
-0.010939141275540959289
0.0054740952921721458546
0.0013716713392327979735
0.0045877617106139982964
-0.0020997290909288285343
0.13938106480239700891
-0.026938775235865214386
0.014505707183627621418
-0.16697495768841538744
0.02213917941063413275
0.018209506230989051107
-0.072266157852623247315
0.029518514010315414359
0.0076701728686892805056
-0.011482778940743057147
-0.024271099406611720828
-0.0045533524684489307816
0.064654056735580431314
0.033492754368433505507
0.0080583372703244768309
-0.032573375371032303738
-0.014113600962272371611
-0.0029910591467275826801
-0.14071529907606503129
-0.012860768338195464541
0.0064950363752804950862
-0.034859459685027169296
-0.0051968338591783418481
-0.0021217258882636883845
-0.0035382878425429665874
-0.0031306171282878890276
0.00073750024697725167534
-0.0011625334373900229543
0.0019121846578540944821
0.0002748835044268246007
0.003802608754154168224
-0.0037445114353335169112
7.0593149003740816795e-05
-0.00084552885822110866731
0.0017415594085681052917
0.00022232407180288715743
-0.013885016789939074247
-0.014078144008920559505
0.00011363141988482699119
0.010238742580140564389
-0.0039443407038002951254
0.00054117797184302597526
0.010990756907473916287
0.0028090574159387515438
0.00029089439860449910896
-0.0047964032408514762143
-0.0034680997243863496103
8.0993793157117284368e-05
-0.00048975847176555811942
0.0042133589895123708599
0.00014747420318287835016
0.00090998089853003001452
-0.001707642106159847073
-6.1038108236233595502e-05
3.1259560966331307874
-0.19904322485220130035
-0.2622146995758163901
1.8611940713608106091
-0.15910187542498044344
-0.037142250359442477436
0.67406802773159735231
-0.055931434836539555
-0.10047839847631680199
0.022109933141222254394
0.040734189083507538198
0.03492728475717033626
-0.29282018159001410584
-0.063508244757375112433
-0.055213109239745518375
0.12907782854767510528
0.024865854046929244947
0.035534423084520025404
-4.4212032460054251359
-0.08808930467675593623
-0.1546606097433638749
-1.4066077868282407248
-0.10593122327178748632
-0.031199727108304604883
0.12474849159628430273
-0.037191952287315407921
-0.044692065541651108951
-0.044104394794788968903
0.035988163330599974576
0.024640365896599545487
0.071519725328470840076
-0.037955661915484967261
-0.03850798593955419985
-0.013437013534353045574
0.016100502146166002088
0.01747239074737199499
-0.0034819245805008921038
0.15655967992284613999
-0.039398401713360120535
0.41764011110371807023
0.073031896656190406492
0.010374628696798103913
0.34062649842408765366
0.0268304740992844383
0.00064158429968490270946
-0.14158277807266633763
-0.015335668461872446755
0.0012989838784319013027
0.10450889265522414484
0.016619458423971552458
0.0016456701321746292164
-0.030907851547577729762
-0.0056618491373418297977
-0.0002745529385744551994
1.2505320005598565825
-0.13862546847834278374
-0.0076974662802600461037
0.45821137338419914986
-0.069643451242148754488
-0.0080503607668734825792
0.06931584209043221978
-0.020645544580736294171
0.0014418786874997612836
-0.11824973455051653037
0.016467930827771398716
0.0045260652507317080881
0.17192665723383276921
-0.013716766060542692415
-0.0037205693027328587061
-0.072067306551266821502
0.004499734947103654209
-0.0014281975433614714586
2.9095830657587695711
0.049963597426052268335
-0.024672893790285505
1.0378325750334518318
0.016252049739881528623
-0.016581226527640133966
0.016088406985350828249
0.0012699369609497311844
-0.0093920746056013523079
-0.0059919616018108603356
-7.7923555700137753254e-05
0.0082940517971042040241
-0.037853190028046899973
-0.0010226311970133389936
-0.0099193823740416631196
0.0079157870965709843658
0.0003046724926020527623
0.0043126673433332152197
-0.6412338746211425633
0.058327749527033519172
0.026239257447686320512
-0.023279320461050224955
0.027971765153440908414
0.017535161466410539161
0.16366445549632371859
0.0087514524280237673132
0.0058424042482238605634
-0.080516497691272906345
-0.0059148116408957070178
-0.0079089374663766729562
0.083991449010218821591
0.0071528350735641814048
0.010184472551647231336
-0.025254241914004649933
-0.0028115951127639948227
-0.0039000249847115256267
-2.2408674285906862167
0.0056279306903901571077
-0.036447676539505584337
-0.42121964328889555107
-0.020870778237628048735
-0.037650209161225300925
0.31636238589269460864
-0.038395637614894749523
-0.0248725234369927585
-0.22610558212288442426
0.039280027990051702425
0.014731491668782740329
0.31235703737564796123
-0.05452129724954690726
-0.017407945540005409502
-0.11506233505400188799
0.022191305530690867698
0.0084626700530048490356
-0.13771293666947220791
0.027570270775313689138
-0.034224602396859427067
-0.17821390848080853608
0.014220320780626060156
0.0024826294297677384097
-0.077356849648035796996
0.012888296176025500206
-0.0044111125238323464423
0.056399759280437701536
-0.0067915760004196605235
0.0039758925923918829112
-0.075725207005836223106
0.0078912355427256785506
-0.0045855599171854329738
0.02999302743952859604
-0.0032256525161841395621
0.0012762834126196934224
0.075134460524757834543
0.077190718078759157361
-0.0062242149114356140963
-0.018863089422103084675
0.040898385298786740782
0.029250655715455306516
-0.020144573392971119874
0.026853454064545714819
0.0068127016418246975557
0.048761053047067112742
-0.018579212492490254638
-0.0080946226093302243998
-0.076543726263889097505
0.025516217006623227032
0.010666494337311991161
0.029374553933625219965
-0.0099485630571425568563
-0.0035577945644052386652
-0.74970557760856249008
-0.16910132969547014836
0.021886360272787851872
-0.17258206576502993501
-0.086572029718257059727
-0.019869180941887429337
0.1273442937986520862
-0.035281639863407092406
0.00012203020320363997236
-0.19182548385643205524
0.022828569927839964526
0.0017392772605852296203
0.29951423371868296508
-0.02845746736587666248
-0.0029821975352086684159
-0.11629864687348349939
0.0095832880087010283154
-0.00084929434847423775079
-0.20864060517797558547
-0.022789195823732358304
0.015527150785434254074
-0.032347858581618690876
-0.0058510117767313725087
0.0012631270292804137705
0.0034686658441105133743
-0.0017336819409382634403
0.0034971469376827578508
0.0063943542958545479885
0.00059749169854369490931
-0.0016962467128868250876
-0.013720306526685207421
0.00013184651807902778237
0.0038932309838922438475
0.0069552592222103318265
0.00015999954084954087752
-0.0015052367075800603732
-0.14232960209845393895
-0.015204552943705512691
0.0031881539370585305904
-0.022312271863135533373
-0.0026692171301790322546
-0.0033047980314814965133
0.014873256610973670591
0.002584535318345871583
-0.0012999790742584456816
-0.0069503314827851240751
-0.0036117088565284964988
0.00054561492669742857591
0.0049388202985753823157
0.0051714292936009646773
0.00025079559077542472843
8.2432289631696392738e-05
-0.0025225159485651169923
-0.00029176414245198561232
7.8700958390355122418
0.27129476593146523156
0.097288851038930243553
0.51773488212986396029
0.14573907786730669334
0.019885650588504891895
-1.3682277231009696283
-0.01144544878276173086
0.0030635831873829567386
0.52460365467587766197
0.027662565251246402226
-0.013334244269706425901
-0.40060613571999864613
-0.037855858566223261896
0.0086799578963199508497
0.065137840199852137246
0.017604795654759110984
-0.00090777257992920496778
0.40706318687782777621
0.86817003986942786753
-0.042500051402916863563
0.21216343182121902289
0.47506727918548763423
0.012666357374000080521
0.086777769199140056267
0.20983778976334022115
-0.0054152685912510706637
-0.057570373774115335408
-0.14974242309311525112
0.00075375712267779671361
0.060341548806331697652
0.18520331688131649872
-0.002684410101392815072
-0.02455204500692372005
-0.071940526303975654843
0.0011080578276593392503
-0.0083558780244978245189
-0.060002877006867828824
-0.029373508998677012177
0.070271934847089309595
-0.033329967430989836108
0.0041146552897005465865
0.070435044713417702122
-0.0075392776190552936166
-0.0030377408301932177018
-0.0082341912276184224539
0.0072516412070389923636
0.0031659179952156866339
-0.014193957685605109245
-0.0066486422626638157912
-0.002828064100632940274
0.0077565673805644174549
0.0024839336627834334055
0.00098365416725901548729
0.12849329540930096161
-0.092684270525899933868
-0.001701128907934084571
0.2239154399582060917
-0.057952964620037385191
-0.0052252257171783054665
0.19515917302518923093
-0.023177858628442390976
-0.0010713692533787686715
-0.16894547196645551268
0.016832715101350988196
0.00043020934251067783358
0.22087175817908710762
-0.020207110742421142274
-0.002621839421864401859
-0.084685526667352975516
0.0072344391090178776851
-7.2961889798009763562e-05
0.25903994595172125104
0.024557575667646443229
0.0013871627945372816144
0.13140296729014525057
0.011479970703976560137
0.0002733118929608345472
0.020178316059277917605
0.0036871888639761129722
2.4300177132368618922e-05
-0.0072842762155608236502
-0.0026686416642363376163
0.00035766279868845203679
-0.002254637080682113208
0.0027133493539882478848
0.00085592255571730979733
0.0013181722282947208515
-0.0010745718345190351153
-5.3631727651261539838e-05
1.7947965606353626367
-0.013186319633469551285
-0.00098404491998297857758
0.63552288546148205661
-0.017247121301180459718
0.0015506929584363725837
0.019519614426086257658
-0.0088605063527545692426
-0.0019237305635754549816
-0.012167162330721655386
0.0065264431277673260606
-0.00066621152115313117016
-0.0076699335015214184508
-0.0090127490251251125147
9.1284709911560813281e-05
-3.2016707390398359951e-05
0.0033483402064947826414
-0.00018200103089039692422
2.0941005070393634568
0.012473056795398588734
-0.035361837316262537123
0.56788490820534309744
-0.007624361892526366688
-0.0093782746988412702543
0.0046261805593064333347
-0.016724839632762274894
-0.014471746408975753179
-0.053723227376825090362
0.016213224646552316932
0.0068921209156086139444
0.088302732677036477327
-0.022793982060222303665
-0.010393406658028542244
-0.049001464312895259834
0.0084586333419701537073
0.0059990424871249198313
-0.48035943825573246269
0.016587341492235330859
-0.026524997928554977511
-0.18744872068385187713
0.0031773840022671735392
-0.0047963560812583731774
0.00046025444199250813322
-0.0001757791900886886984
-0.005127137979719240124
-0.0034481410033820325545
0.0019380889402792402399
0.0049388122067169732896
0.0069550523510206307271
-0.0025956331032053660962
-0.0047997866511164145875
-0.0015033663383116320847
0.0010852094925099349185
0.0022064101973711157736
-1.5372230436990472757
0.093642551324240680399
-0.034018732090647769983
-0.46570416803089087487
0.047887605587513842886
-0.012037657666202818824
0.038422021097824936298
0.016802521220803501301
-0.0074625958016619848776
0.0083206026979976248359
-0.011060565702663682081
0.0075570045180876604246
-0.011078008632223766694
0.011881759500035962707
-0.01007279815863149422
0.010984264625203736532
-0.0045937026565490684388
0.0039045740389608567418
0.85816340623871933957
-0.24122781682883159826
0.039693621064074834093
0.17696211627444446979
-0.12953444973570715781
0.015738455316607800893
-0.026694052484764928951
-0.04438122974203853599
0.0029382268636055754521
-0.049489581631636525572
0.029991190208403170625
-0.010018045411725290741
0.10304946439765569344
-0.033213894498981190451
0.0101069390764825396
-0.048023175116649122196
0.012432211835016587428
-0.0041634387439287677546
0.25448754865646200374
-0.006671217657976060908
0.0025381177499548676288
0.094645494935184412699
0.00064193450934355977128
0.0042957133722652520932
0.0054314707494076694752
0.0037703804621072845547
0.0025791328444662994443
0.0012116690680673315728
-0.0031058797838408548284
-0.0019896868658137415072
-0.0069082468608014421102
0.0042443760390881999159
0.0028867654394417693355
0.0027516037214732284172
-0.0016205438963582396994
-0.0012280164459727517436
0.27913171169042588771
-0.0082146373577297905622
-0.0036553461978408260426
0.093333751706682566152
-0.0041810597249475204076
-0.0034807122512718279526
0.00098746790186036645376
0.00034332375128460866772
-0.0032796480791446526622
-0.002431192602550203731
-0.0011665688588013973896
0.001475564580839623316
0.002996486984450416613
0.0014811110754440544486
-0.0024621951230055492445
-0.0017031512039700623818
-0.00084594576004985667581
0.00090575155875115102855
0.38128049592636042986
0.055190165496736040551
-0.10421290767258345467
0.33612226155604479905
0.037553144708725498535
-0.02193453068513694787
0.2803996190802630073
0.035328357707237030561
-0.01980991952443293333
-0.20648958711196055416
-0.023639242609227045094
0.021874447312787943104
0.26134092693771587834
0.031049877625261415592
-0.02683922549374394631
-0.10398452321832145351
-0.014812250441418806784
0.010766815523873322219
0.3202760628730720871
0.014523169395413263599
0.012174325714686328945
0.17511100157725775772
0.0044944714589264887078
0.011763037089532673435
0.02315708672989119643
0.0058498593960950584503
0.0058093455226862437263
0.0019691900724805532462
-0.0038430374306497711544
-0.0060583743933486982822
-0.03157788988958098314
0.0068185294015064559434
0.0080479708284514062111
0.016312791069408714983
-0.0018011350656454584024
-0.0029654669840740621907
0.15815320720283135292
-0.014346459183132180201
0.020322836689955232209
-0.034023373467657248848
-0.014827648908890163348
0.055580553728437204208
0.039669914691968177767
0.005991399413668773398
0.011251624332293838279
-0.020814079355317937486
-0.0047948319062392765963
-0.018286832798438752007
0.028215477010023401472
0.0083359352668981503282
0.02099922263963801411
-0.021221262714591713344
-0.0037985709270584289664
-0.0061817240245088901293
-0.43992828333713424049
-0.033248381094461376684
-0.0409086197124293241
0.012806712694103947539
-0.011695499697082946747
-0.083395664891951881703
-0.066632023554067831839
-0.023557725710351820614
-0.0158727675376773604
0.072663732332318750617
0.01922220075290411237
0.028908676515655467448
-0.12851990819599704019
-0.026292998237152736402
-0.030302560309450377735
0.067170682557561381398
0.011028635092972000065
0.0076905276747382331215
-0.12729454403891204972
-0.038787619871253745107
-0.0023294759789298283802
-0.072504910608689229767
-0.017206351184616941463
-0.0061632655214263892818
-0.012716499571116974057
-0.006441573328808885418
-0.00084630896031427128856
-0.0014547874735880402322
0.0035492855852743161044
0.0012915294461657814314
0.01325338632079960631
-0.0037248472266475734192
-0.0027859161160200623074
-0.0067913567335936468952
0.0013150466767777545512
0.00065771213652997826196
0.057652135398731575722
-0.0096926395129290267988
0.0084547680993937428945
0.032257057751152132252
-0.0024407457035889958998
0.0011591854401541202592
-0.0016228182652340509152
0.00067390351405968859037
0.0018140506799661209464
5.5316605995787503211e-05
-0.0013568970461081042347
-0.0012403653752844287506
-0.0018595609249038001515
0.0022319145871518065484
0.0022168408375166635295
0.00048660271740058429202
-0.00085748085382385090536
-0.0009314152492507725813
4.2372066786298123731
0.040805985718602236223
-0.008746038972463532693
2.6975704610989073018
0.13954425723371138846
-0.066136290133806757696
1.1239501955962918345
0.11049617604200201448
-0.020281086345521254222
-0.69003940280286346631
-0.096395531638061096591
0.023437194314675707102
0.68368042792859851087
0.13377539699753715485
-0.033060735920034209356
-0.26513895921209373885
-0.052236505275552853889
0.014155144226575705826
4.739178632837901084
-0.24664456866202505436
0.045979738238045311793
1.9679570623381754668
-0.1119021141344749698
0.041847771684467176267
0.22193819814263299195
-0.03762868299160683494
0.029365934971031171924
0.065999069450400724146
0.017221986497953593181
-0.018513420606316163125
-0.27636414801008840625
-0.019326822509427955127
0.027152528521276184104
0.10793119860435761159
0.0032192257242873831453
-0.011946838173440124664
2.7944880239139600064
-0.070466802786755475263
0.0097408727108526781818
1.2611511342640651101
-0.045082431431609719386
0.031099598880662583655
0.24377338973083959028
-0.0048264268683950667729
0.010869708675420535968
-0.13331703074269146692
-0.00089116240201541805591
-0.0095221680496106689967
0.099099051875492477626
-0.0077766012418373758192
0.015841511178574744362
-0.038674657073847221178
0.0022301411297515083033
-0.0050032330688946904593
3.5899878505757851777
-0.07456219067256952826
0.011539804960277240398
0.97089563096232012196
-0.033362113649091341971
0.023094756205170628022
-0.18562050011777123104
-0.0026806218064081024054
0.016015376447395243686
0.074044779774568539321
0.0037750251195014928977
-0.0077911482847009255054
-0.10942981874175619628
-0.00068898900091759703902
0.015136676025952295818
0.029381075958410853705
-0.00092263063894998614909
-0.0077992668812565087502
-0.34354504367629429273
0.051630555039106414139
0.004906315423543285148
-0.10677030957653488308
0.029470064463165062535
0.0021960557377225906235
0.0013944347823071478326
0.011885934164679609268
0.0025365515110170044899
-0.015200909314226148869
-0.0075591134378490730875
-0.00038899913645273800477
0.026519365118780703627
0.0093523684105949536627
0.003304966962371909487
-0.0095855142781910429584
-0.0033438475944493916726
-0.0016843725393959169904
-0.50965748076225569907
0.0019073581018579867288
0.032440354567450389867
-0.16859655478532456496
-0.0029164755027348420076
0.01079882780570937291
-0.039211683632628786811
-0.0014448457312802541735
0.0060050745443830768136
0.031534164765256229856
-8.0193869635894270923e-05
-0.0067925548787681868171
-0.03658684111597378108
0.00024317450421416914172
0.0088003602807814901993
0.017185587874184650448
3.9709427906584461075e-06
-0.0041062213384190247509
5.7031983134409367509
0.10384792470669608477
-0.13991537830017969357
2.2150826760935142801
0.065565173444092753052
-0.037402313520702869243
0.34390997836734515936
0.051119447570972600947
-0.029568328247987489543
-0.22978612468882494979
-0.0363535412057946275
0.030830175071786036778
0.21021019901892964987
0.049437491657289833746
-0.039687856512816650778
-0.093308141090167509568
-0.020746300676491670478
0.015567061949704082829
-1.0303655356785488273
0.051816910301494718827
0.0076644817753162867643
-0.29682104910786633045
0.024484365296097550246
0.016825787345286717656
0.082948574780540421103
0.011123235836725134038
0.0085423311668723599099
-0.06482601974020640867
-0.0071694379373086081914
-0.0070225223692405294371
0.082976840322301584352
0.0084293202927338290592
0.0098827676686290902297
-0.029226282797567539051
-0.0033347112510338314945
-0.0040876738469968381187
-0.21758671241874313895
0.034578594190579195478
0.0018200504321722627433
-0.084047319241646337162
0.022428988918916863138
0.026529605596120078154
0.054617867607150413778
0.026488647390866596615
0.0089895180524891885043
-0.05888456561373377196
-0.021556141794696687813
-0.01009640908251718816
0.081181046813562307563
0.026053988162040329218
0.012449824945519046698
-0.033808310115464153267
-0.012032219232481763255
-0.0042844387898181551105
-1.9644682086118054887
-0.16220964474418078649
0.024673477158406096482
-0.96781670492138538453
-0.097468881963735015672
-0.003693590189595529448
-0.31459559914255397217
-0.069939962600122501657
0.0059488618327300834057
0.22634821726695567023
0.059354751953490207661
0.0005870163533576898884
-0.25571983040996826286
-0.069938509912454815964
0.0044563578706800811846
0.10615539090235186215
0.031184027129691042207
-0.0030231540196593120577
0.22105889258347410919
-0.056077789679947302737
-0.010031394712078863657
0.076765040944266685341
-0.02825664420647669775
-0.0065771393545482380663
-0.0032680046672727597508
-0.0065256214394193668912
-0.0044049514623589790599
0.0072857074901171046608
0.0040925813484583035279
0.003159017310917412117
-0.0068449628228603592861
-0.0031121981267537876352
-0.0064173198771167536819
0.0021403553491801462043
0.0010484716259698411041
0.0018666977775837771594
0.074064864536575139575
-0.0090721693799834628169
0.012087384542089999254
0.046228090625633905253
0.0020560427763154343582
0.00016365895831176101131
0.0076047687596238746841
0.0032817898487733452445
0.0012529256121165596987
-0.0034054814865654998296
-0.0041418627750005269222
-0.0015367097699261857754
0.0039380907057000895041
0.0056809956926711204298
0.0020517680094014234711
-0.0019039263831559572783
-0.0022169724142190060968
-0.00058197531185200557409
6.4308885823063315357
0.54886817544042687533
-0.098213929102927227666
3.6266128935065524708
0.2845049766106696465
-0.060949830909757578279
0.93783266149114408172
0.1398529508725496473
-0.03024025808741291621
-0.40595422783865708904
-0.11462015982779578949
0.023848046280084064796
0.21396299629859438785
0.1349098012675973568
-0.031962787333555252312
-0.062023059214885808976
-0.055071473096250413148
0.013631391559438883754
18.763730937679873989
-0.33230341059082951771
0.096711379877811004535
6.3090333263289437582
-0.23389040710450931249
0.096734137134656533741
-0.14137684421504748133
-0.10164052749302951439
0.044349476971199286446
0.12743847324684462463
0.073933329688156509962
-0.036776745805697563796
-0.41522323959986812136
-0.094440524144273785279
0.055291321622494858656
0.11951995996762419805
0.034625450946284816456
-0.022394843416272344067
-2.0843200365453871115
0.049103437505668326435
0.01263767834556232296
-1.3129231744163933904
0.07062259126105979723
0.041921834904915855624
-0.37254405430166787072
0.058250840646493162733
0.0098943895964632138512
0.21034016748209827252
-0.040881060241820151024
-0.015080350098250573654
-0.16750239906900507569
0.063655920519585684758
0.017474272892515421707
0.05373101175816043934
-0.023941586850384711377
-0.0058055185020635287352
1.7104691526708808436
-0.0083202941421361299029
0.018731129801792315709
0.47824390398084171139
-0.0018948056373156473616
0.0070608591323205712256
-0.10332861860126829612
0.00014437454698263470654
0.0080876370004844475026
0.045741740867846714114
-0.00035174032428525518713
-0.0039171082844803540787
-0.064884177361001896256
0.00092200265257096189388
0.0076296282429853734194
0.019002163626512365291
-0.00086258041079766264916
-0.0039189219189575963398
0.19120620883692249214
0.038914688747243596223
0.012010937858017912971
0.055825946342462018368
0.019686161759413754735
0.0031388024663534784021
-0.016510040613730028736
0.0048512769453645096171
0.0022739736155521473281
0.0059796227623566556436
-0.0030590067257283757966
-0.0022053721501226822288
-0.0063963241718171734429
0.0029230861539815797441
0.0031922182771235018024
0.0017753831908690835117
-0.00071422955016030818809
-0.0013269486557658863573
-0.56364788374400087712
0.012136275645461351222
0.0083185562834804330917
-0.1575547433678621545
0.0052102826904284653756
0.0034574037404817986596
0.023360207580192970944
0.0012618476147436149225
0.0012291247027760557244
-0.0089092258635427769992
-0.00097007256766745546001
-0.0021620300638071363389
0.014006821845279323127
0.0016717786150916963926
0.0023618407067390470924
-0.0030382718241535864624
-0.00056275189916063256702
-0.0010550824983089339849
2.1935732151365794351
0.024701885134937907884
-0.036845457016180957477
0.90628565408350481025
0.031311210827685363733
-0.0056907720298109238863
0.17111266251287055029
0.02805236154832901202
-0.0057150242929106687823
-0.09206152864960001625
-0.021323903700507563369
0.006720435797153213528
0.072612380649309180014
0.030269972163552601174
-0.0085157842562948709436
-0.031558929705975964641
-0.012301970374820298676
0.0038848499140055627564
-0.60379965742990060473
-0.0030630879715293217631
0.0011296482704735678285
-0.17209292184329297304
-0.0054148802321557351278
0.010478032372653824436
0.046634387535639955369
0.00030259405744005791507
0.0033728150012120768075
-0.028198603553046937276
0.0008209141394006477712
-0.0038150434720673484859
0.036603169413850958347
-0.00098438765753746152419
0.0039554126742864332764
-0.011607489075075713356
0.00030386460115243007097
-0.001928835422237417177
-0.6845949558549848657
-0.083414200420497006117
0.022016067608365691433
-0.42599419503515578711
-0.041229643476082454556
0.01807115037408863617
-0.099065175663713395116
-0.012374761611456510171
0.0094552566820578359819
0.025782516599177088268
0.0071198110713241507738
-0.01062418377118091832
0.0068379808636944462708
-0.010024950390272723347
0.0117096701548266343
-0.0077393820728593838362
0.0037484282258438551654
-0.0045977270380515595366
-1.5471416879588342219
0.16920791562384063234
0.0041369493777150571565
-0.2968646322493840306
0.079884785691647169914
0.0035052218837740454702
0.088799924142843558728
0.028277325248542723585
0.0016783247497568819315
-0.0087283610562683636852
-0.017283391062800173427
0.0015725095703084171744
-0.015469714375860680114
0.024152515576074496534
0.0024959394680510163175
0.020932222235089247009
-0.0093401038225472531734
-0.0017001803905594276012
-0.29707568727090871707
0.0017453006968522078585
0.0039754978079683516573
-0.073869589619396797131
0.0068038196008948625265
-0.0039104467257560192317
0.0024018821593279836811
0.0015867490535179337198
0.0002345092336976694117
0.0070594571831488076366
-0.0010888849986788380099
0.0016695381599937061425
-0.0097819944255177534304
0.0017357390542376183347
-0.00093744796505106141402
0.0054297056393980353342
-0.00043064698874923274018
0.00043385475584884733479
0.37983885851834925385
0.014068449536350039267
-0.0045488984725738507153
0.13737615098645911127
0.0077236043757541077495
0.001455212471175495537
0.013496414629106754518
0.0035964717826104724771
-0.00024549437044666375975
-0.0060032992099272354525
-0.0023587046217038855171
7.1371268536301259882e-05
0.0012409896392344555837
0.0031375154347763828735
0.00032294483438542672142
-0.0015378342963608859946
-0.0011777418758350751988
0.00015750054673352296324
