POD_coefficients: 32
-4.4439260710782972907
4.250775013275331915
-2.317636809636067774
-3.9221278190028914246
0.83911953290982410625
-0.79841437651596880443
0.26378937460208945476
-21.611632328185667262
-15.666047366422162668
-39.299438519042787732
8.134476324272375436
-42.618960790301180452
2.8389667204521815691
3.7860862802563386431
5.330251878717305658
0.068459334223890874749
2.9641410261639697943
0.09319908316820160743
-0.18687416308909005069
-0.24053994214019971953
-0.16710194258726535077
0.53880266692448852694
0.022340163959046668157
-0.0016838367112802894113
0.024818836946085637285
-0.0051259456065681349365
0.076934012824592890034
-0.058872357915112819016
-0.055300497949416792254
-0.12649098585927295857
0.1172916076989045514
0.0026962152385035737315
