<simulation>
   <prng>
      <seed>975481</seed>
      <state shape='(624)'>
       [ 2963582502, 3112606696, 2910204660, 1406654237, 873410382, 
         3331635578, 3051297254, 3201548176, 2291018838, 3198695133, 
         4145939574, 542845837, 3973035786, 205718734, 3195571221, 
         3443650963, 441500067, 401437849, 443684711, 2467878364, 
         3200313899, 2282730695, 1969574229, 501386724, 2565310345, 
         1443183215, 2738802753, 2429317414, 3198889732, 1001102131, 
         3097794485, 1003383580, 744664489, 2686171809, 1962429404, 
         1065098297, 2096331298, 3424394558, 925215077, 3127395129, 
         157270300, 4131402636, 3062632176, 361650058, 397394093, 
         4262924183, 1241089519, 2321354881, 216667157, 3784580712, 
         1517391455, 2185183574, 596000791, 3445673440, 2577562836, 
         2069703554, 549140135, 1155137332, 3476771947, 3799077841, 
         202227455, 1683268440, 2659017293, 2841228765, 192282062, 
         2378606044, 1902040406, 2157710257, 3580666095, 1819290022, 
         187979444, 1167888995, 3993722916, 1844278783, 3605850428, 
         3856867205, 3310878257, 508660650, 452047968, 1124963581, 
         2639550794, 1074632104, 1931964721, 1185010327, 3656080788, 
         2307873375, 100147796, 3666933061, 1269325823, 321218320, 
         749728063, 3959782579, 2579227997, 3189221202, 1926238860, 
         4060963158, 1528429662, 2100534109, 300066754, 1502124318, 
         2049365331, 311841056, 1472283984, 3050433702, 820650438, 
         3066283943, 1358629208, 1019224488, 660068246, 86032108, 
         3876250205, 1173459334, 3531022239, 1509146230, 548704750, 
         2629102935, 2725656898, 1839745497, 1334184906, 3298016242, 
         1310687783, 3826336721, 3983820617, 1612640088, 4183659625, 
         2440947785, 3538801437, 559488783, 1440805407, 987910651, 
         926192405, 449663938, 877148535, 118352581, 2449311551, 
         1750529539, 4246699614, 240498240, 4077934195, 420783882, 
         1437922600, 3384098752, 705456479, 1903967737, 2989073206, 
         3361323076, 1992485650, 4053682549, 1825834528, 3059879886, 
         4290686163, 1604162043, 716566111, 958410603, 4217578960, 
         4117765011, 601197054, 3689367772, 3799505387, 1149017788, 
         2020733889, 1091061911, 1972485166, 1739524903, 1058592839, 
         1610962680, 810572454, 1940149829, 4056078295, 4028575484, 
         3560638799, 1997661111, 2049033754, 4143868533, 2922639678, 
         404303899, 1211939002, 4254748546, 1842634609, 2416553138, 
         604834773, 3888164997, 4058464396, 3297771230, 242662635, 
         1931352525, 1715022039, 4283388404, 3999397174, 1032233764, 
         2732811803, 1927112625, 2399880116, 1220180157, 1967793692, 
         2264758849, 205433178, 2715417665, 2207001732, 1501601799, 
         1059769426, 3977636519, 1204684034, 2341035076, 1531828584, 
         215654563, 3353887812, 2932603918, 3173695872, 1786239220, 
         306711459, 2377214629, 3867652712, 2610172336, 1588675493, 
         4112227367, 1930928276, 132355749, 972042419, 3107985760, 
         2925828015, 628710019, 2030849819, 2144022460, 2507017252, 
         2620078573, 1661740017, 1791137825, 1150477528, 3981059793, 
         500594422, 50870443, 868787896, 1916702957, 782092002, 
         735384916, 2549008095, 3413471070, 3520685830, 3506167033, 
         3765579753, 2090998895, 1964891987, 1520456131, 3303917324, 
         545054210, 2541179866, 820632635, 1669731363, 2362823961, 
         3482536271, 1223758042, 3338969853, 3754185552, 4046319691, 
         1380170958, 1294618894, 224238083, 1091882641, 585804517, 
         3701317491, 3318062069, 1746104361, 1634355243, 644561093, 
         383138848, 3569290228, 1337984543, 2746125612, 2308924339, 
         3382527565, 3131345097, 4671075, 358849267, 3823275775, 
         1193202327, 3833779002, 2139358536, 1072261961, 1498362250, 
         25468502, 1127950417, 2097096279, 90481132, 1124803752, 
         932336363, 488474213, 1198420957, 4048238540, 1344622049, 
         3003787465, 840007756, 3636001187, 425247822, 857813534, 
         2107376470, 2156977097, 2817834713, 3226122109, 2770019922, 
         4041241409, 3979107750, 3128788187, 1176059665, 2982738991, 
         2082058134, 2349438300, 3961125806, 455094334, 403070178, 
         2077484860, 3022313926, 1741066053, 2052443853, 3598384750, 
         1968348790, 3001211793, 812022207, 2855582668, 2276080736, 
         1219321382, 2289909769, 2494784763, 3109715760, 3366304218, 
         1756992087, 3817050564, 3516952729, 1453379650, 333973398, 
         903244424, 2465355583, 4225401262, 3879148381, 3329378871, 
         1094066794, 1073511138, 911330157, 828023422, 1764332474, 
         3950600091, 469745723, 1263191930, 4105628862, 1842741532, 
         3430627245, 3206974058, 1654841435, 3958342971, 4214608284, 
         1608194219, 184834090, 2585564862, 2844037920, 128902654, 
         53614011, 3469477686, 1965447780, 639063864, 2945272825, 
         681889903, 61181514, 3093878184, 231378285, 1576621202, 
         3023044501, 1993461506, 2341299060, 2095415044, 1427191942, 
         678710353, 4098091494, 1059746294, 2641577387, 3075582850, 
         3160273689, 1035202715, 2282010327, 832509774, 1492853593, 
         3026902263, 3493818481, 3859561580, 3578038760, 2359590241, 
         449872474, 2694658608, 3550443365, 1335623859, 4258206384, 
         1306553140, 3696247223, 3534191683, 3073201605, 3563064763, 
         3002472898, 215922026, 3930549143, 3662878026, 1263545935, 
         3885038793, 2343054788, 72840277, 3700923342, 3368558184, 
         622827093, 499907297, 706556666, 1289648654, 3043233645, 
         1768537456, 3888214736, 4128608174, 3921955991, 60391884, 
         1260485431, 1909615831, 2932501608, 3480804589, 1134175832, 
         3584544656, 156820527, 1406438414, 1365392014, 2582792287, 
         1842347377, 4181170679, 979146679, 3209903431, 3938247271, 
         527172198, 1589620213, 1224021335, 456906391, 3816826742, 
         3262304731, 1197711690, 3737483527, 4255715509, 369790254, 
         1405701498, 3708793567, 3728591526, 1359541284, 3875995278, 
         4244789449, 1985899886, 4049112141, 1180516600, 2173911619, 
         1815485994, 2263682722, 2658169990, 1850131734, 3818274912, 
         4172733674, 458401229, 3378745498, 893585134, 3099618339, 
         1848170951, 1394844703, 2504488875, 1053955725, 2434980092, 
         2368226298, 2349197312, 169324448, 2845228478, 79642428, 
         1908625017, 2800148741, 1618747637, 876576610, 1418496303, 
         556513080, 1826078738, 2726988599, 146282954, 1767116984, 
         3634543032, 501639606, 2305505956, 695125315, 2532701514, 
         1746301813, 2511394236, 3272499733, 1381854736, 2117164120, 
         1492502739, 2439355227, 1992153950, 147904191, 1108026596, 
         845670162, 2721744480, 1087272760, 117222297, 2006959857, 
         2133205777, 2784038004, 1650988661, 4132707445, 244555133, 
         1154195911, 1108260376, 1704822520, 2793692549, 1898085804, 
         1239544900, 3773088003, 297467419, 3992990503, 3500989354, 
         1442465336, 2341817392, 1153934445, 3746352735, 3479696336, 
         346031607, 3678927159, 2716010991, 3690875323, 3735376159, 
         1266324432, 3187271636, 577658352, 1708985570, 3488775994, 
         1096255623, 211448848, 404083070, 3515125881, 964051954, 
         1029671930, 1804117798, 3475523086, 102010093, 2416351792, 
         1787630915, 1789818170, 2946793629, 3346812406, 4078120342, 
         3072727598, 1647172944, 2597695978, 1604640598, 396702934, 
         1109083783, 106877702, 3479219172, 3208672812, 285182948, 
         963874632, 663656108, 3314394280, 3932014377, 3166097953, 
         3940261144, 2023630938, 3312335351, 3574334817, 2983608292, 
         1121365314, 3904723219, 3448236030, 561699559, 938043353, 
         296192236, 2032293545, 3090953475, 2710068901, 1091185628, 
         240154073, 1403763232, 142541985, 436760974, 753548593, 
         2711306204, 1214062041, 1961216107, 1285309262, 1790980819, 
         2132717061, 2234542247, 1491083222, 2116268668, 712804000, 
         1260398486, 3518848908, 1359378567, 3280061521, 702439240, 
         167424911, 2946753120, 419934137, 2609708503, 3134277198, 
         303485928, 1928122035, 542712007, 232082181, 2071181597, 
         265516191, 4038546302, 282633772, 679682863, 1290785039, 
         1725639063, 2935008612, 4185563216, 3994267020, 1875173777, 
         3268148804, 3257018787, 1589486814, 3283238841, 204656269, 
         1053915245, 2845072855, 922982473, 344777337 ]
      </state>
      <has_gauss>1</has_gauss>
      <gauss> -8.79033172e-01</gauss>
      <set_pos>124</set_pos>
   </prng>
   <output prefix='spring'>
      <properties shape='(9)' filename='data' stride='100'>
       [ step, time{femtosecond}, kinetic_md{atomic_unit}, spring{atomic_unit}, potential{atomic_unit}, 
         conserved{atomic_unit}, kinetic_td{atomic_unit}, kinetic_cv{atomic_unit}, pressure_cv{atomic_unit} ]
      </properties>
      <trajectory filename='x' stride='100' format='pdb' cell_units='angstrom'>positions{atomic_unit}</trajectory>
   </output>
   <step>45602</step>
   <total_steps>1000000</total_steps>
   <ffsocket mode='unix' name='lammps'>
      <address>lmp</address>
      <port>9909</port>
   </ffsocket>
   <system>
      <forces>
         <force forcefield='lammps'>
         </force>
      </forces>
      <ensemble>
         <temperature>  1.08305080e-05</temperature>
         <eens>  2.06352825e-39</eens>
         <hamiltonian_weights shape='(1)'> [   1.00000000e+00 ] </hamiltonian_weights>
      </ensemble>
      <motion mode='dynamics'>
         <dynamics mode='nvt'>
            <thermostat mode='pile_g'>
               <ethermo> -6.71037004e-07</ethermo>
               <tau>  4.13413730e+02</tau>
            </thermostat>
            <timestep>  4.13413730e+01</timestep>
            <nmts shape='(1)'> [ 1 ] </nmts>
         </dynamics>
      </motion>
      <beads natoms='1' nbeads='4'>
         <q shape='(4, 3)'>
          [  -5.44297478e-04,   4.58226087e-05,  -4.84024099e-04,   1.48865436e-04,  -2.95714338e-04, 
             -3.30394380e-04,   2.60356128e-04,  -3.00139364e-05,   3.36576123e-04,   1.35075913e-04, 
              2.79905666e-04,   4.77842356e-04 ]
         </q>
         <p shape='(4, 3)'>
          [  -1.27489493e-02,   1.07329236e-03,  -1.13371854e-02,   3.48682970e-03,  -6.92645258e-03, 
             -7.73876343e-03,   6.09827896e-03,  -7.03010720e-04,   7.88355708e-03,   3.16384068e-03, 
              6.55617094e-03,   1.11923917e-02 ]
         </p>
         <m shape='(1)'> [   1.82288850e+03 ] </m>
         <names shape='(1)'> [ 1 ] </names>
      </beads>
      <cell shape='(3, 3)'>
       [   5.00000000e+00,   0.00000000e+00,   0.00000000e+00,   0.00000000e+00,   5.00000000e+00, 
           0.00000000e+00,   0.00000000e+00,   0.00000000e+00,   5.00000000e+00 ]
      </cell>
   </system>
</simulation>
